177.811 0.000
178.065 0.000
178.318 0.000
178.572 0.000
178.826 0.000
179.079 0.000
179.333 0.000
179.587 0.000
179.840 0.000
180.094 0.000
180.347 0.000
180.601 0.000
180.855 0.000
181.108 0.000
181.362 0.000
181.616 0.000
181.869 0.000
182.123 0.000
182.377 0.000
182.630 0.000
182.884 0.000
183.137 0.000
183.391 0.000
183.645 0.000
183.898 0.000
184.152 0.000
184.406 0.000
184.659 0.000
184.913 0.000
185.167 0.000
185.420 0.000
185.674 0.000
185.928 0.000
186.181 0.000
186.435 0.000
186.688 0.000
186.942 0.000
187.196 0.000
187.449 0.000
187.703 0.000
187.957 0.000
188.210 0.000
188.464 0.000
188.718 0.000
188.971 0.000
189.225 0.000
189.479 0.000
189.732 0.000
189.986 0.000
190.239 0.000
190.493 0.000
190.747 0.000
191.000 0.000
191.254 0.000
191.508 0.000
191.761 0.000
192.015 0.000
192.269 0.000
192.522 0.000
192.776 0.000
193.030 0.000
193.283 0.000
193.537 0.000
193.790 0.000
194.044 0.000
194.298 0.000
194.551 0.000
194.805 0.000
195.059 0.000
195.312 0.000
195.566 0.000
195.820 0.000
196.073 0.000
196.327 0.000
196.581 0.000
196.834 0.000
197.088 0.000
197.341 0.000
197.595 0.000
197.849 0.000
198.102 0.000
198.356 0.000
198.610 0.000
198.863 0.000
199.117 0.000
199.371 0.000
199.624 0.000
199.878 0.000
200.132 0.000
200.385 0.000
200.639 0.000
200.892 0.000
201.146 0.000
201.400 0.000
201.653 0.000
201.907 0.000
202.161 0.000
202.414 0.000
202.668 0.000
202.922 0.000
203.175 0.000
203.429 0.000
203.683 0.000
203.936 0.000
204.190 0.000
204.443 0.000
204.697 0.000
204.951 0.000
205.204 0.000
205.458 0.000
205.712 0.000
205.965 0.000
206.219 0.000
206.473 0.000
206.726 0.000
206.980 0.000
207.233 0.000
207.487 0.000
207.741 0.000
207.994 0.000
208.248 0.000
208.502 0.000
208.755 0.000
209.009 0.000
209.263 0.000
209.516 0.000
209.770 0.000
210.024 0.000
210.277 0.000
210.531 0.000
210.784 0.000
211.038 0.000
211.292 0.000
211.545 0.000
211.799 0.000
212.053 0.000
212.306 0.000
212.560 0.000
212.814 0.000
213.067 0.000
213.321 0.000
213.575 0.000
213.828 0.000
214.082 0.000
214.335 0.000
214.589 0.000
214.843 0.000
215.096 0.000
215.350 0.000
215.604 0.000
215.857 0.000
216.111 0.000
216.365 0.000
216.618 0.000
216.872 0.000
217.126 0.000
217.379 0.000
217.633 0.000
217.886 0.000
218.140 0.000
218.394 0.000
218.647 0.000
218.901 0.000
219.155 0.000
219.408 0.000
219.662 0.000
219.916 0.000
220.169 0.000
220.423 0.000
220.677 0.000
220.930 0.000
221.184 0.000
221.437 0.000
221.691 0.000
221.945 0.000
222.198 0.000
222.452 0.000
222.706 0.000
222.959 0.000
223.213 0.000
223.467 0.000
223.720 0.000
223.974 0.000
224.228 0.000
224.481 0.000
224.735 0.000
224.988 0.000
225.242 0.000
225.496 0.000
225.749 0.000
226.003 0.000
226.257 0.000
226.510 0.000
226.764 0.000
227.018 0.000
227.271 0.000
227.525 0.000
227.779 0.000
228.032 0.000
228.286 0.000
228.539 0.000
228.793 0.000
229.047 0.000
229.300 0.000
229.554 0.000
229.808 0.000
230.061 0.000
230.315 0.000
230.569 0.000
230.822 0.000
231.076 0.000
231.330 0.000
231.583 0.000
231.837 0.000
232.090 0.000
232.344 0.000
232.598 0.000
232.851 0.000
233.105 0.000
233.359 0.000
233.612 0.000
233.866 0.000
234.120 0.000
234.373 0.000
234.627 0.000
234.880 0.000
235.134 0.000
235.388 0.000
235.641 0.000
235.895 0.000
236.149 0.000
236.402 0.000
236.656 0.000
236.910 0.000
237.163 0.000
237.417 0.000
237.671 0.000
237.924 0.000
238.178 0.000
238.431 0.000
238.685 0.000
238.939 0.000
239.192 0.000
239.446 0.000
239.700 0.000
239.953 0.000
240.207 0.000
240.461 0.000
240.714 0.000
240.968 0.000
241.222 0.000
241.475 0.000
241.729 0.000
241.982 0.000
242.236 0.000
242.490 0.000
242.743 0.000
242.997 0.000
243.251 0.000
243.504 0.000
243.758 0.000
244.012 0.000
244.265 0.000
244.519 0.000
244.773 0.000
245.026 0.000
245.280 0.000
245.533 0.000
245.787 0.000
246.041 0.000
246.294 0.000
246.548 0.000
246.802 0.000
247.055 0.000
247.309 0.000
247.563 0.000
247.816 0.000
248.070 0.000
248.324 0.000
248.577 0.000
248.831 0.000
249.084 0.000
249.338 0.000
249.592 0.000
249.845 0.000
250.099 0.000
250.353 0.000
250.606 0.000
250.860 0.000
251.114 0.000
251.367 0.000
251.621 0.000
251.875 0.000
252.128 0.000
252.382 0.000
252.635 0.000
252.889 0.000
253.143 0.000
253.396 0.000
253.650 0.000
253.904 0.000
254.159 0.000
254.413 0.000
254.667 0.000
254.922 0.000
255.176 0.000
255.431 0.000
255.685 0.000
255.939 0.000
256.194 0.000
256.448 0.000
256.702 0.000
256.957 0.000
257.211 0.000
257.465 0.000
257.720 0.000
257.974 0.000
258.228 0.000
258.483 0.000
258.737 0.000
258.992 0.000
259.246 0.000
259.500 0.000
259.755 0.000
260.009 0.000
260.263 0.000
260.518 0.000
260.772 0.000
261.026 0.000
261.281 0.000
261.535 0.000
261.789 0.000
262.044 0.000
262.298 0.000
262.553 0.000
262.807 0.000
263.061 0.000
263.316 0.000
263.570 0.000
263.824 0.000
264.079 0.000
264.333 0.000
264.587 0.000
264.842 0.000
265.096 0.000
265.351 0.000
265.605 0.000
265.859 0.000
266.114 0.000
266.368 0.000
266.622 0.000
266.877 0.000
267.131 0.000
267.385 0.000
267.640 0.000
267.894 0.000
268.148 0.000
268.403 0.000
268.657 0.000
268.912 0.000
269.166 0.000
269.420 0.000
269.675 0.000
269.929 0.000
270.183 0.000
270.438 0.000
270.692 0.000
270.946 0.000
271.201 0.000
271.455 0.000
271.709 0.000
271.964 0.000
272.218 0.000
272.473 0.000
272.727 0.000
272.981 0.000
273.236 0.000
273.490 0.000
273.744 0.000
273.999 0.000
274.253 0.000
274.507 0.000
274.762 0.000
275.016 0.000
275.271 0.000
275.525 0.000
275.779 0.000
276.034 0.000
276.288 0.000
276.542 0.000
276.797 0.000
277.051 0.000
277.305 0.000
277.560 0.000
277.814 0.000
278.068 0.000
278.323 0.000
278.577 0.000
278.832 0.000
279.086 0.000
279.340 0.000
279.595 0.000
279.849 0.000
280.103 0.000
280.358 0.000
280.612 0.000
280.866 0.000
281.121 0.000
281.375 0.000
281.629 0.000
281.884 0.000
282.138 0.000
282.393 0.000
282.647 0.000
282.901 0.000
283.156 0.000
283.410 0.000
283.664 0.000
283.919 0.000
284.173 0.000
284.427 0.000
284.682 0.000
284.936 0.000
285.191 0.000
285.445 0.000
285.699 0.000
285.954 0.000
286.208 0.000
286.462 0.000
286.717 0.000
286.971 0.000
287.225 0.000
287.480 0.000
287.734 0.000
287.988 0.000
288.243 0.000
288.497 0.000
288.752 0.000
289.006 0.000
289.260 0.000
289.515 0.000
289.769 0.000
290.023 0.000
290.278 0.000
290.532 0.000
290.786 0.000
291.041 0.000
291.295 0.000
291.549 0.000
291.804 0.000
292.058 0.000
292.313 0.000
292.567 0.000
292.821 0.000
293.076 0.000
293.330 0.000
293.584 0.000
293.839 0.000
294.093 0.000
294.347 0.000
294.602 0.000
294.856 0.000
295.111 0.000
295.365 0.000
295.619 0.000
295.874 0.000
296.128 0.000
296.382 0.000
296.637 0.000
296.891 0.000
297.145 0.000
297.400 0.000
297.654 0.000
297.908 0.000
298.163 0.000
298.417 0.000
298.672 0.000
298.926 0.000
299.180 0.000
299.435 0.000
299.689 0.000
299.943 0.000
300.198 0.000
300.452 0.000
300.706 0.000
300.961 0.000
301.215 0.000
301.469 0.000
301.724 0.000
301.978 0.000
302.233 0.000
302.487 0.000
302.741 0.000
302.996 0.000
303.250 0.000
303.504 0.000
303.759 0.000
304.013 0.000
304.267 0.000
304.522 0.000
304.776 0.000
305.031 0.000
305.285 0.000
305.539 35.000
305.794 12.000
306.048 183.000
306.302 204.000
306.557 195.000
306.811 284.000
307.065 375.000
307.320 402.000
307.574 527.000
307.828 536.000
308.083 702.000
308.337 724.000
308.592 730.000
308.846 909.000
309.100 948.000
309.355 935.000
309.609 1005.000
309.863 1119.000
310.118 1085.000
310.372 1144.000
310.626 1124.000
310.881 1230.000
311.135 1393.000
311.389 1528.000
311.644 1549.000
311.898 1558.000
312.153 1550.000
312.407 1767.000
312.661 1761.000
312.916 1665.000
313.170 1765.000
313.429 1801.000
313.688 1960.000
313.947 2032.000
314.206 2107.000
314.465 2213.000
314.724 2127.000
314.983 2231.000
315.242 2409.000
315.501 2413.000
315.760 2408.000
316.019 2432.000
316.278 2599.000
316.536 2688.000
316.795 2740.000
317.054 2823.000
317.313 2884.000
317.572 2869.000
317.831 2922.000
318.090 3047.000
318.349 3287.000
318.608 3484.000
318.867 3367.000
319.126 3407.000
319.385 3456.000
319.644 3471.000
319.903 3595.000
320.162 3763.000
320.421 3770.000
320.680 3867.000
320.939 4035.000
321.198 4039.000
321.457 4004.000
321.716 4195.000
321.975 4285.000
322.234 4350.000
322.493 4651.000
322.752 4746.000
323.010 4779.000
323.269 4833.000
323.528 4853.000
323.787 4929.000
324.046 4854.000
324.305 5069.000
324.564 5280.000
324.823 5254.000
325.082 5287.000
325.341 5408.000
325.600 5419.000
325.859 5554.000
326.118 5530.000
326.377 5574.000
326.636 5659.000
326.895 5726.000
327.154 5913.000
327.413 5893.000
327.672 5803.000
327.931 6036.000
328.190 6252.000
328.449 6400.000
328.708 6415.000
328.967 6507.000
329.226 6556.000
329.485 6570.000
329.743 6735.000
330.002 6763.000
330.261 6886.000
330.520 6902.000
330.779 6944.000
331.038 7047.000
331.297 6923.000
331.556 7115.000
331.815 7206.000
332.074 7288.000
332.333 7545.000
332.592 7526.000
332.851 7560.000
333.110 7671.000
333.369 7636.000
333.628 7637.000
333.887 7845.000
334.146 7820.000
334.405 7955.000
334.664 7910.000
334.923 7940.000
335.182 8097.000
335.441 8230.000
335.700 8265.000
335.959 8343.000
336.217 8232.000
336.476 8335.000
336.735 8441.000
336.994 8612.000
337.253 8741.000
337.512 8608.000
337.771 8692.000
338.030 8753.000
338.289 8976.000
338.548 8984.000
338.807 8859.000
339.066 9084.000
339.325 9129.000
339.584 9260.000
339.843 9166.000
340.102 9147.000
340.361 9159.000
340.620 9393.000
340.879 9453.000
341.138 9508.000
341.397 9502.000
341.656 9555.000
341.915 9652.000
342.174 9702.000
342.433 9527.000
342.691 9687.000
342.950 9871.000
343.209 9902.000
343.468 9871.000
343.727 9907.000
343.986 9816.000
344.245 10003.000
344.504 9906.000
344.763 10020.000
345.022 10133.000
345.281 10082.000
345.540 10126.000
345.799 10251.000
346.058 10228.000
346.317 10309.000
346.576 10323.000
346.835 10122.000
347.094 10223.000
347.353 10287.000
347.612 10257.000
347.871 10385.000
348.130 10585.000
348.389 10629.000
348.648 10567.000
348.907 10614.000
349.166 10647.000
349.424 10551.000
349.683 10438.000
349.942 10454.000
350.201 10654.000
350.460 10619.000
350.719 10723.000
350.978 10742.000
351.237 10762.000
351.496 10852.000
351.755 10760.000
352.014 10875.000
352.273 10811.000
352.532 10714.000
352.791 10720.000
353.050 10894.000
353.309 11090.000
353.568 11061.000
353.827 11018.000
354.086 10881.000
354.345 10875.000
354.604 10872.000
354.863 10996.000
355.122 11049.000
355.381 11098.000
355.640 11128.000
355.898 11237.000
356.157 11276.000
356.416 11085.000
356.675 11142.000
356.934 11203.000
357.193 11150.000
357.452 11348.000
357.711 11355.000
357.970 11240.000
358.229 11026.000
358.488 11084.000
358.747 11115.000
359.006 11156.000
359.265 11331.000
359.524 11119.000
359.783 11104.000
360.042 11055.000
360.301 11237.000
360.560 11180.000
360.819 11324.000
361.078 11118.000
361.337 11175.000
361.596 11144.000
361.855 11227.000
362.114 11102.000
362.372 11173.000
362.631 11190.000
362.890 11177.000
363.149 11248.000
363.408 11349.000
363.667 11360.000
363.926 11287.000
364.185 11178.000
364.444 11022.000
364.703 11217.000
364.962 11240.000
365.221 11417.000
365.480 11207.000
365.739 11176.000
365.999 11147.000
366.258 11089.000
366.518 11175.000
366.777 11230.000
367.037 11276.000
367.296 11294.000
367.556 11356.000
367.815 11316.000
368.075 11349.000
368.334 11403.000
368.594 11393.000
368.853 11267.000
369.113 11235.000
369.372 11269.000
369.632 11397.000
369.891 11479.000
370.150 11506.000
370.410 11424.000
370.669 11460.000
370.929 11773.000
371.188 11597.000
371.448 11583.000
371.707 11556.000
371.967 11516.000
372.226 11570.000
372.486 11711.000
372.745 11795.000
373.005 11696.000
373.264 11509.000
373.524 11666.000
373.783 11484.000
374.043 11568.000
374.302 11715.000
374.561 11560.000
374.821 11531.000
375.080 11545.000
375.340 11476.000
375.599 11568.000
375.859 11615.000
376.118 11652.000
376.378 11558.000
376.637 11716.000
376.897 11805.000
377.156 11588.000
377.416 11667.000
377.675 11610.000
377.935 11548.000
378.194 11655.000
378.454 11731.000
378.713 11844.000
378.972 11830.000
379.232 11799.000
379.491 11649.000
379.751 11639.000
380.010 11611.000
380.270 11613.000
380.529 11552.000
380.789 11698.000
381.048 11637.000
381.308 11555.000
381.567 11644.000
381.827 11809.000
382.086 11548.000
382.346 11543.000
382.605 11520.000
382.865 11506.000
383.124 11648.000
383.383 11604.000
383.643 11551.000
383.902 11607.000
384.162 11803.000
384.421 11750.000
384.681 11778.000
384.940 11701.000
385.200 11722.000
385.459 11732.000
385.719 11575.000
385.978 11634.000
386.238 11712.000
386.497 11609.000
386.757 11696.000
387.016 11534.000
387.276 11546.000
387.535 11754.000
387.794 11897.000
388.054 11779.000
388.313 11661.000
388.573 11683.000
388.832 11671.000
389.092 11640.000
389.351 11522.000
389.611 11729.000
389.870 12099.000
390.130 11975.000
390.389 11720.000
390.649 11813.000
390.908 11769.000
391.168 11645.000
391.427 11549.000
391.686 11600.000
391.946 11758.000
392.205 11615.000
392.465 11608.000
392.724 11675.000
392.984 11577.000
393.243 11593.000
393.503 11616.000
393.762 11619.000
394.022 11591.000
394.281 11433.000
394.541 11266.000
394.800 11366.000
395.060 11541.000
395.319 11553.000
395.579 11520.000
395.838 11451.000
396.097 11440.000
396.357 11489.000
396.616 11362.000
396.876 11389.000
397.135 11474.000
397.395 11376.000
397.654 11316.000
397.914 11605.000
398.173 11552.000
398.433 11662.000
398.692 11396.000
398.952 11340.000
399.211 11235.000
399.471 11357.000
399.730 11344.000
399.990 11381.000
400.249 11443.000
400.508 11294.000
400.768 11357.000
401.027 11418.000
401.287 11526.000
401.546 11548.000
401.806 11453.000
402.065 11373.000
402.325 11496.000
402.584 11453.000
402.844 11418.000
403.103 11430.000
403.363 11475.000
403.622 11378.000
403.882 11442.000
404.141 11411.000
404.401 11616.000
404.660 11500.000
404.926 11471.000
405.193 11507.000
405.459 11356.000
405.726 11308.000
405.992 11343.000
406.259 11336.000
406.525 11487.000
406.792 11362.000
407.058 11422.000
407.325 11483.000
407.591 11341.000
407.858 11303.000
408.124 11296.000
408.391 11326.000
408.657 11327.000
408.924 11354.000
409.190 11391.000
409.457 11479.000
409.723 11485.000
409.990 11368.000
410.256 11446.000
410.523 11326.000
410.789 11408.000
411.056 11304.000
411.322 11243.000
411.589 11284.000
411.855 11248.000
412.122 11260.000
412.388 11216.000
412.655 11165.000
412.921 11235.000
413.188 11268.000
413.454 11288.000
413.721 11291.000
413.987 11419.000
414.254 11288.000
414.520 11127.000
414.787 11216.000
415.053 11306.000
415.320 11262.000
415.586 11393.000
415.853 11243.000
416.119 11279.000
416.386 11240.000
416.652 11149.000
416.919 11071.000
417.185 11118.000
417.452 11199.000
417.718 11113.000
417.985 10872.000
418.251 11026.000
418.518 11128.000
418.784 10880.000
419.051 10847.000
419.317 10781.000
419.584 11054.000
419.850 11144.000
420.117 10831.000
420.383 10837.000
420.650 10827.000
420.916 10779.000
421.183 11156.000
421.449 11166.000
421.716 11045.000
421.982 10833.000
422.249 10874.000
422.515 10803.000
422.782 10817.000
423.048 10774.000
423.315 10850.000
423.581 10676.000
423.848 10758.000
424.114 10874.000
424.381 10774.000
424.647 10769.000
424.914 10859.000
425.180 10647.000
425.447 10636.000
425.713 10657.000
425.980 10769.000
426.246 10736.000
426.513 10652.000
426.779 10646.000
427.046 10558.000
427.312 10477.000
427.579 10447.000
427.845 10647.000
428.112 10671.000
428.378 10491.000
428.645 10660.000
428.911 10483.000
429.178 10499.000
429.444 10501.000
429.711 10422.000
429.977 10313.000
430.244 10342.000
430.510 10484.000
430.777 10478.000
431.043 10259.000
431.310 10319.000
431.576 10295.000
431.843 10333.000
432.109 10104.000
432.376 10217.000
432.642 10357.000
432.909 10297.000
433.175 10311.000
433.442 10328.000
433.708 10312.000
433.975 10478.000
434.241 10214.000
434.508 10191.000
434.774 10245.000
435.041 10311.000
435.307 10205.000
435.574 10229.000
435.840 10241.000
436.110 10245.000
436.379 10110.000
436.649 9998.000
436.918 9951.000
437.188 10002.000
437.457 10151.000
437.727 10153.000
437.996 10039.000
438.266 9776.000
438.535 9811.000
438.805 9898.000
439.074 9882.000
439.344 9958.000
439.613 9919.000
439.883 9893.000
440.152 9841.000
440.422 9795.000
440.691 9765.000
440.961 9660.000
441.230 9525.000
441.500 9644.000
441.769 9692.000
442.039 9725.000
442.308 9623.000
442.578 9484.000
442.847 9595.000
443.117 9489.000
443.386 9310.000
443.656 9362.000
443.925 9281.000
444.195 9300.000
444.464 9327.000
444.734 9387.000
445.003 9362.000
445.273 9194.000
445.542 9138.000
445.812 9237.000
446.081 9413.000
446.351 9237.000
446.620 9054.000
446.890 9153.000
447.159 9123.000
447.429 9113.000
447.698 8919.000
447.968 8911.000
448.238 8868.000
448.507 8958.000
448.777 9156.000
449.046 8973.000
449.316 9032.000
449.585 8939.000
449.855 8875.000
450.124 8722.000
450.394 8662.000
450.663 8692.000
450.933 8896.000
451.202 8742.000
451.472 8704.000
451.741 8656.000
452.011 8641.000
452.280 8560.000
452.550 8589.000
452.819 8622.000
453.089 8696.000
453.358 8571.000
453.628 8576.000
453.897 8643.000
454.167 8458.000
454.436 8438.000
454.706 8474.000
454.975 8324.675
455.245 8303.696
455.514 8430.140
455.784 8341.317
456.053 8282.154
456.323 8353.938
456.592 8280.876
456.862 8345.618
457.131 8298.805
457.401 8154.382
457.670 8120.518
457.940 8147.410
458.209 8184.263
458.479 8122.510
458.748 8041.833
459.018 7996.016
459.287 7984.064
459.557 8002.988
459.826 8085.657
460.096 8014.940
460.366 7958.167
460.635 7883.350
460.905 7900.299
461.174 7752.495
461.444 7883.117
461.713 7980.020
461.983 7818.000
462.252 7693.694
462.522 7739.479
462.791 7657.974
463.061 7561.245
463.330 7626.131
463.600 7761.569
463.869 7667.674
464.139 7633.434
464.408 7715.726
464.678 7474.268
464.947 7541.877
465.217 7602.020
465.486 7476.239
465.756 7519.231
466.025 7506.586
466.295 7486.322
466.564 7304.260
466.834 7294.118
467.103 7447.716
467.373 7504.065
467.642 7282.808
467.912 7385.554
468.181 7274.949
468.451 7050.968
468.720 7005.097
468.990 7080.612
469.259 7142.857
469.529 7219.612
469.798 7133.810
470.068 6972.421
470.337 6899.898
470.607 6841.675
470.876 6721.144
471.146 6879.469
471.415 6941.837
471.685 6793.878
471.954 6937.755
472.224 6894.898
472.493 6782.653
472.763 6770.408
473.033 6875.510
473.302 6622.449
473.572 6520.408
473.841 6518.858
474.111 6561.672
474.380 6409.786
474.650 6400.612
474.919 6418.960
475.189 6271.894
475.458 6323.829
475.728 6375.764
475.997 6237.030
476.267 6306.205
476.536 6238.821
476.806 6275.127
477.075 6309.645
477.345 6127.789
477.614 6124.746
477.884 6249.240
478.153 6207.700
478.423 6226.950
478.692 6102.227
478.962 5912.955
479.231 5971.689
479.501 5855.410
479.770 5826.263
480.040 5814.141
480.309 5800.202
480.579 5851.815
480.848 5737.903
481.118 5729.104
481.387 5828.974
481.657 5688.442
481.926 5612.450
482.196 5657.631
482.465 5704.112
482.735 5698.094
483.004 5640.281
483.274 5641.283
483.543 5679.680
483.813 5597.000
484.082 5423.000
484.352 5396.603
484.621 5543.457
484.891 5542.914
485.161 5273.453
485.430 5436.690
485.700 5426.720
485.969 5159.363
486.239 5231.076
486.508 5254.980
486.778 5186.255
487.047 5158.367
487.317 5215.920
487.586 5262.687
487.856 5239.801
488.125 5046.766
488.395 5026.866
488.664 5000.000
488.934 5095.522
489.203 5043.825
489.473 4952.191
489.742 5009.960
490.012 4967.099
490.281 4861.416
490.551 4883.350
490.820 4904.192
491.090 4937.126
491.359 4871.129
491.629 4826.174
491.898 4868.132
492.168 4872.128
492.437 4620.000
492.707 4666.000
492.976 4729.730
493.246 4670.341
493.515 4578.736
493.785 4613.842
494.054 4618.474
494.324 4633.166
494.593 4600.000
494.863 4534.205
495.132 4427.996
495.402 4442.540
495.671 4327.621
495.941 4394.551
496.210 4527.273
496.480 4309.403
496.749 4478.261
497.019 4422.065
497.289 4251.012
497.558 4229.990
497.828 4223.124
498.097 4282.234
498.367 4450.203
498.636 4303.862
498.906 4179.044
499.175 4234.995
499.445 4202.648
499.714 4006.110
499.984 4025.484
500.253 3919.388
500.523 3851.020
500.792 4124.617
501.062 4003.064
501.331 3988.764
501.601 3976.483
501.870 4070.552
502.140 4084.867
502.409 3993.859
502.679 3828.045
502.948 3788.127
503.218 3696.721
503.487 3852.459
503.757 3906.667
504.026 3784.615
504.296 3727.179
504.565 3736.410
504.835 3619.487
505.104 3556.468
505.374 3701.232
505.643 3543.121
505.913 3548.818
506.182 3571.429
506.452 3588.900
506.721 3532.374
506.991 3433.128
507.260 3350.823
507.530 3483.539
507.799 3474.280
508.069 3468.107
508.338 3491.264
508.608 3362.423
508.877 3350.103
509.147 3341.538
509.416 3250.000
509.686 3232.106
509.956 3273.749
510.225 3403.061
510.495 3376.782
510.764 3205.493
511.034 3155.330
511.303 3194.529
511.573 3142.713
511.842 3011.111
512.112 2976.815
512.381 3099.598
512.651 2987.952
512.920 2911.824
513.190 2877.123
513.459 2882.353
513.729 2871.769
513.998 2910.714
514.268 2788.119
514.537 2976.308
514.807 3007.882
515.076 2893.805
515.346 2800.980
515.615 2868.035
515.885 2879.024
516.154 2676.728
516.424 2786.200
516.693 2794.374
516.963 2705.712
517.232 2717.874
517.502 2627.168
517.771 2596.154
518.041 2657.061
518.310 2701.822
518.580 2636.973
518.849 2633.843
519.119 2628.462
519.388 2620.229
519.658 2587.226
519.927 2465.714
520.197 2472.883
520.466 2511.407
520.736 2387.833
521.005 2371.320
521.275 2351.377
521.544 2428.300
521.814 2478.632
522.084 2422.602
522.353 2450.142
522.623 2403.609
522.892 2306.743
523.162 2305.793
523.431 2334.601
523.701 2235.741
523.970 2253.092
524.240 2219.791
524.509 2293.333
524.779 2280.952
525.048 2205.910
525.318 2282.173
525.587 2215.649
525.857 2115.568
526.126 2182.426
526.396 2160.612
526.665 2143.541
526.935 2047.893
527.204 2060.403
527.474 2138.196
527.743 2097.022
528.013 2021.154
528.282 2048.123
528.552 2045.279
528.821 1936.355
529.091 1887.066
529.360 1863.768
529.630 1978.723
529.899 2000.000
530.169 2009.681
530.438 1896.318
530.708 1954.413
530.977 1975.728
531.247 1946.602
531.516 1935.860
531.786 1887.160
532.055 1855.891
532.325 1852.827
532.594 1903.415
532.864 1862.305
533.133 1912.023
533.403 1782.779
533.672 1767.123
533.942 1859.804
534.212 1885.182
534.481 1906.680
534.751 1753.438
535.020 1717.797
535.290 1693.898
535.559 1649.606
535.829 1701.478
536.098 1666.667
536.368 1567.621
536.637 1563.672
536.907 1617.589
537.176 1575.099
537.446 1461.462
537.715 1491.592
537.985 1493.571
538.254 1484.158
538.524 1559.406
538.793 1624.752
539.063 1592.079
539.332 1553.023
539.602 1570.862
539.871 1477.701
540.141 1413.280
540.410 1524.281
540.680 1449.950
540.949 1514.371
541.219 1457.879
541.488 1473.736
541.758 1453.915
542.027 1347.869
542.297 1380.198
542.566 1335.644
542.836 1358.416
543.105 1357.426
543.375 1413.861
543.644 1306.931
543.914 1182.987
544.183 1207.715
544.453 1323.442
544.722 1287.834
544.992 1210.682
545.261 1094.862
545.531 1158.103
545.800 1179.842
546.070 1230.010
546.346 1233.728
546.622 1162.562
546.897 1112.205
547.173 1165.192
547.449 1085.546
547.725 1049.116
548.001 1071.639
548.276 1184.314
548.552 1117.647
548.828 1002.938
549.104 1056.807
549.380 1090.020
549.655 1049.902
549.931 1071.359
550.207 1080.078
550.483 1021.484
550.759 1008.780
551.034 1025.341
551.310 1000.975
551.586 950.341
551.862 941.577
552.138 871.595
552.413 885.214
552.689 905.734
552.965 909.621
553.241 850.340
553.517 922.330
553.793 970.874
554.068 879.612
554.344 927.184
554.620 949.564
554.896 892.338
555.172 753.637
555.447 832.202
555.723 822.502
555.999 871.969
556.275 911.736
556.551 818.623
556.826 691.562
557.102 768.186
557.378 761.397
557.654 750.485
557.930 766.990
558.205 701.942
558.481 754.369
558.757 740.525
559.033 679.300
559.309 769.679
559.584 806.608
559.860 723.735
560.136 714.008
560.412 698.444
560.688 592.989
560.963 567.673
561.239 705.653
561.515 635.478
561.791 704.678
562.067 721.248
562.342 665.366
562.618 621.463
562.894 587.891
563.170 615.234
563.446 612.305
563.721 487.781
563.997 496.579
564.273 680.039
564.549 662.096
564.825 603.330
565.100 645.446
565.376 574.510
565.652 579.412
565.928 568.204
566.204 438.665
566.479 446.955
566.755 509.823
567.031 467.060
567.307 499.508
567.583 526.575
567.858 588.583
568.134 457.677
568.410 355.665
568.686 459.113
568.962 429.980
569.237 494.083
569.513 434.353
569.789 489.635
570.065 455.534
570.341 260.870
570.617 258.893
570.892 377.844
571.168 333.663
571.444 356.436
571.720 344.554
571.996 323.762
572.271 390.486
572.547 403.370
572.823 371.032
573.099 302.579
573.375 330.357
573.650 374.008
573.926 302.880
574.202 349.553
574.478 320.755
574.754 243.297
575.029 231.610
575.305 306.163
575.581 248.509
575.857 223.658
576.133 218.688
576.408 194.831
576.684 198.807
576.960 280.318
577.239 291.252
577.517 182.903
577.796 189.861
578.075 230.616
578.354 141.013
578.632 180.735
578.911 216.485
579.190 171.797
579.469 151.786
579.747 107.143
580.026 46.627
580.305 0.000
580.584 44.599
580.862 132.805
581.141 91.179
581.420 43.564
581.699 0.000
581.977 32.641
582.256 95.945
582.535 85.968
582.814 80.040
583.092 0.000
583.371 0.000
583.650 15.779
583.929 0.000
584.207 0.000
584.486 0.000
584.765 58.071
585.043 0.000
585.322 0.000
585.601 0.000
585.880 0.000
586.158 0.000
586.437 0.000
586.716 0.000
586.995 0.000
587.273 0.000
587.552 0.000
587.831 0.000
588.110 0.000
588.388 0.000
588.667 0.000
588.946 0.000
589.225 0.000
589.503 0.000
589.782 0.000
590.061 0.000
590.340 0.000
590.618 0.000
590.897 0.000
591.176 0.000
591.455 0.000
591.733 0.000
592.012 0.000
592.291 0.000
592.570 0.000
592.848 0.000
593.127 0.000
593.406 0.000
593.684 0.000
593.963 0.000
594.242 0.000
594.521 0.000
594.799 0.000
595.078 0.000
595.357 0.000
595.636 0.000
595.914 0.000
596.193 0.000
596.472 0.000
596.751 0.000
597.029 0.000
597.308 0.000
597.587 0.000
597.866 0.000
598.144 0.000
598.423 0.000
598.702 0.000
598.981 0.000
599.259 0.000
599.538 0.000
599.817 0.000
600.096 0.000
600.374 0.000
600.653 0.000
600.932 0.000
601.210 0.000
601.489 0.000
601.768 0.000
602.047 0.000
602.325 0.000
602.604 0.000
602.883 0.000
603.162 0.000
603.440 0.000
603.719 0.000
603.998 0.000
604.277 0.000
604.555 0.000
604.834 0.000
605.113 0.000
605.392 0.000
605.670 0.000
605.949 0.000
606.228 0.000
606.507 0.000
606.785 0.000
607.064 0.000
607.343 0.000
607.622 0.000
607.900 0.000
608.179 0.000
608.458 0.000
608.736 0.000
609.015 0.000
609.294 0.000
609.573 0.000
609.851 0.000
610.130 0.000
610.409 0.000
610.688 0.000
610.966 0.000
611.245 0.000
611.524 0.000
611.803 0.000
612.081 0.000
612.360 0.000
612.639 0.000
612.918 0.000
613.196 0.000
613.475 0.000
613.754 0.000
614.033 0.000
614.311 0.000
614.590 0.000
614.869 0.000
615.148 0.000
615.426 0.000
615.705 0.000
615.984 0.000
616.263 0.000
616.541 0.000
616.820 0.000
617.099 0.000
617.377 0.000
617.656 0.000
617.935 0.000
618.214 0.000
618.492 0.000
618.771 0.000
619.050 0.000
619.329 0.000
619.607 0.000
619.886 0.000
620.165 0.000
620.444 0.000
620.722 0.000
621.001 0.000
621.280 0.000
621.559 0.000
621.837 0.000
622.116 0.000
622.395 0.000
622.674 0.000
622.952 0.000
623.231 0.000
623.510 0.000
623.789 0.000
624.067 0.000
624.346 0.000
624.625 0.000
624.904 0.000
625.182 0.000
625.461 0.000
625.740 0.000
626.018 0.000
626.297 0.000
626.576 0.000
626.855 0.000
627.133 0.000
627.412 0.000
627.691 0.000
627.970 0.000
628.248 0.000
628.527 0.000
628.806 0.000
629.085 0.000
629.363 0.000
629.642 0.000
629.921 0.000
630.200 0.000
630.478 0.000
630.757 0.000
631.036 0.000
631.315 0.000
631.593 0.000
631.872 0.000
632.151 0.000
632.430 0.000
632.708 0.000
632.987 0.000
633.266 0.000
633.544 0.000
633.823 0.000
634.102 0.000
634.381 0.000
634.659 0.000
634.938 0.000
635.217 0.000
635.496 0.000
635.774 0.000
636.053 0.000
636.332 0.000
636.611 0.000
636.889 0.000
637.168 0.000
637.447 0.000
637.726 0.000
638.004 0.000
638.283 0.000
638.562 0.000
638.841 0.000
639.119 0.000
639.398 0.000
639.677 0.000
639.956 0.000
640.234 0.000
640.513 0.000
640.792 0.000
641.070 0.000
641.349 0.000
641.628 0.000
641.907 0.000
642.185 0.000
642.464 0.000
642.743 0.000
643.022 0.000
643.300 0.000
643.579 0.000
643.858 0.000
644.137 0.000
644.415 0.000
644.694 0.000
644.973 0.000
645.252 0.000
645.530 0.000
645.809 0.000
646.088 0.000
646.367 0.000
646.645 0.000
646.924 0.000
647.203 0.000
647.482 0.000
647.760 0.000
648.039 0.000
648.318 0.000
648.596 0.000
648.875 0.000
649.154 0.000
649.433 0.000
649.711 0.000
649.990 0.000
650.269 0.000
650.548 0.000
650.826 0.000
651.105 0.000
651.384 0.000
651.663 0.000
651.941 0.000
652.220 0.000
652.499 0.000
652.778 0.000
653.056 0.000
653.335 0.000
653.614 0.000
653.893 0.000
654.171 0.000
654.450 0.000
654.729 0.000
655.008 0.000
655.286 0.000
655.565 0.000
655.844 0.000
656.123 0.000
656.401 0.000
656.680 0.000
656.959 0.000
657.237 0.000
657.516 0.000
657.795 0.000
658.074 0.000
658.352 0.000
658.631 0.000
658.910 0.000
659.189 0.000
659.467 0.000
659.746 0.000
660.025 0.000
660.304 0.000
660.582 0.000
660.861 0.000
661.140 0.000
661.419 0.000
661.697 0.000
661.976 0.000
662.255 0.000
662.534 0.000
662.812 0.000
663.091 0.000
663.370 0.000
663.649 0.000
663.927 0.000
664.206 0.000
664.485 0.000
664.764 0.000
665.042 0.000
665.321 0.000
665.600 0.000
665.878 0.000
666.157 0.000
666.436 0.000
666.715 0.000
666.993 0.000
667.272 0.000
667.551 0.000
667.830 0.000
668.108 0.000
668.387 0.000
668.666 0.000
668.945 0.000
669.223 0.000
669.502 0.000
669.781 0.000
670.060 0.000
670.338 0.000
670.617 0.000
670.896 0.000
671.175 0.000
671.453 0.000
671.732 0.000
672.011 0.000
672.290 0.000
672.568 0.000
672.847 0.000
673.126 0.000
673.404 0.000
673.683 0.000
673.962 0.000
674.241 0.000
674.519 0.000
674.798 0.000
675.077 0.000
675.356 0.000
675.634 0.000
675.913 0.000
676.192 0.000
676.471 0.000
676.749 0.000
677.028 0.000
677.307 0.000
677.586 0.000
677.864 0.000
678.143 0.000
678.422 0.000
678.701 0.000
678.979 0.000
679.258 0.000
679.537 0.000
679.816 0.000
680.094 0.000
680.373 0.000
680.652 0.000
680.930 0.000
681.209 0.000
681.488 0.000
681.767 0.000
682.045 0.000
682.324 0.000
682.603 0.000
682.882 0.000
683.160 0.000
683.439 0.000
683.718 0.000
683.997 0.000
684.275 0.000
684.554 0.000
684.833 0.000
685.112 0.000
685.390 0.000
685.669 0.000
685.948 0.000
686.227 0.000
686.505 0.000
686.784 0.000
687.063 0.000
687.342 0.000
687.620 0.000
687.899 0.000
688.178 0.000
688.457 0.000
688.735 0.000
689.014 0.000
689.293 0.000
689.571 0.000
689.850 0.000
690.129 0.000
690.408 0.000
690.686 0.000
690.965 0.000
691.244 0.000
691.523 0.000
691.801 0.000
692.080 0.000
692.359 0.000
692.638 0.000
692.916 0.000
693.195 0.000
693.474 0.000
693.753 0.000
694.031 0.000
694.310 0.000
694.589 0.000
694.868 0.000
695.146 0.000
695.425 0.000
695.704 0.000
695.983 0.000
696.261 0.000
696.540 0.000
696.825 0.000
697.110 0.000
697.395 0.000
697.680 0.000
697.965 0.000
698.250 0.000
698.535 0.000
698.819 0.000
699.104 0.000
699.389 0.000
699.674 0.000
699.959 0.000
700.244 0.000
700.529 0.000
700.814 0.000
701.099 0.000
701.384 0.000
701.669 0.000
701.954 0.000
702.239 0.000
702.524 0.000
702.809 0.000
703.094 0.000
703.378 0.000
703.663 0.000
703.948 0.000
704.233 0.000
704.518 0.000
704.803 0.000
705.088 0.000
705.373 0.000
705.658 0.000
705.943 0.000
706.228 0.000
706.513 0.000
706.798 0.000
707.083 0.000
707.368 0.000
707.653 0.000
707.937 0.000
708.222 0.000
708.507 0.000
708.792 0.000
709.077 0.000
709.362 0.000
709.647 0.000
709.932 0.000
710.217 0.000
710.502 0.000
710.787 0.000
711.072 0.000
711.357 0.000
711.642 0.000
711.927 0.000
712.211 0.000
712.496 0.000
712.781 0.000
713.066 0.000
713.351 0.000
713.636 0.000
713.921 0.000
714.206 0.000
714.491 0.000
714.776 0.000
715.061 0.000
715.346 0.000
715.631 0.000
715.916 0.000
716.201 0.000
716.486 0.000
716.770 0.000
717.055 0.000
717.340 0.000
717.625 0.000
717.910 0.000
718.195 0.000
718.480 0.000
718.765 0.000
719.050 0.000
719.335 0.000
719.620 0.000
719.905 0.000
720.190 0.000
720.475 0.000
720.760 0.000
721.045 0.000
721.329 0.000
721.614 0.000
721.899 0.000
722.184 0.000
722.469 0.000
722.754 0.000
723.039 0.000
723.324 0.000
723.609 0.000
723.894 0.000
724.179 0.000
724.464 0.000
724.749 0.000
725.034 0.000
725.319 0.000
725.603 0.000
725.888 0.000
726.173 0.000
726.458 0.000
726.743 0.000
727.028 0.000
727.313 0.000
727.598 0.000
727.883 0.000
728.168 0.000
728.453 0.000
728.738 0.000
729.023 0.000
729.308 0.000
729.593 0.000
729.878 0.000
730.162 0.000
730.447 0.000
730.732 0.000
731.017 0.000
731.302 0.000
731.587 0.000
731.872 0.000
732.157 0.000
732.442 0.000
732.727 0.000
733.012 0.000
733.297 0.000
733.582 0.000
733.867 0.000
734.152 0.000
734.437 0.000
734.721 0.000
735.006 0.000
735.291 0.000
735.576 0.000
735.861 0.000
736.146 0.000
736.431 0.000
736.716 0.000
737.001 0.000
737.286 0.000
737.571 0.000
737.856 0.000
738.141 0.000
738.426 0.000
738.711 0.000
738.995 0.000
739.280 0.000
739.565 0.000
739.850 0.000
740.135 0.000
740.420 0.000
740.705 0.000
740.990 0.000
741.275 0.000
741.560 0.000
741.845 0.000
742.130 0.000
742.415 0.000
742.700 0.000
742.985 0.000
743.270 0.000
743.554 0.000
743.839 0.000
744.124 0.000
744.409 0.000
744.694 0.000
744.979 0.000
745.264 0.000
745.549 0.000
745.834 0.000
746.119 0.000
746.404 0.000
746.689 0.000
746.974 0.000
747.259 0.000
747.544 0.000
747.829 0.000
748.113 0.000
748.398 0.000
748.683 0.000
748.968 0.000
749.253 0.000
749.538 0.000
749.823 0.000
750.108 0.000
750.393 0.000
750.678 0.000
750.963 0.000
751.248 0.000
751.533 0.000
751.818 0.000
752.103 0.000
752.387 0.000
752.672 0.000
752.957 0.000
753.242 0.000
753.527 0.000
753.812 0.000
754.097 0.000
754.382 0.000
754.667 0.000
754.952 0.000
755.237 0.000
755.522 0.000
755.807 0.000
756.092 0.000
756.377 0.000
756.662 0.000
756.946 0.000
757.231 0.000
757.516 0.000
757.801 0.000
758.086 0.000
758.371 0.000
758.656 0.000
758.941 0.000
759.226 0.000
759.511 0.000
759.796 0.000
760.081 0.000
760.366 0.000
760.651 0.000
760.936 0.000
761.221 0.000
761.505 0.000
761.790 0.000
762.075 0.000
762.360 0.000
762.645 0.000
762.930 0.000
763.215 0.000
763.500 0.000
763.791 0.000
764.082 0.000
764.373 0.000
764.664 0.000
764.955 0.000
765.247 0.000
765.538 0.000
765.829 0.000
766.120 0.000
766.411 0.000
766.702 0.000
766.993 0.000
767.284 0.000
767.575 0.000
767.866 0.000
768.157 0.000
768.449 0.000
768.740 0.000
769.031 0.000
769.322 0.000
769.613 0.000
769.904 0.000
770.195 0.000
770.486 0.000
770.777 0.000
771.068 0.000
771.359 0.000
771.651 0.000
771.942 0.000
772.233 0.000
772.524 0.000
772.815 0.000
773.106 0.000
773.397 0.000
773.688 0.000
773.979 0.000
774.270 0.000
774.561 0.000
774.853 0.000
775.144 0.000
775.435 0.000
775.726 0.000
776.017 0.000
776.308 0.000
776.599 0.000
776.890 0.000
777.181 0.000
777.472 0.000
777.763 0.000
778.055 0.000
778.346 0.000
778.637 0.000
778.928 0.000
779.219 0.000
779.510 0.000
779.801 0.000
780.092 0.000
780.383 0.000
780.674 0.000
780.965 0.000
781.257 0.000
781.548 0.000
781.839 0.000
782.130 0.000
782.421 0.000
782.712 0.000
783.003 0.000
783.294 0.000
783.585 0.000
783.876 0.000
784.167 0.000
784.459 0.000
784.750 0.000
785.041 0.000
785.332 0.000
785.623 0.000
785.914 0.000
786.205 0.000
786.496 0.000
786.787 0.000
787.078 0.000
787.369 0.000
787.661 0.000
787.952 0.000
788.243 0.000
788.534 0.000
788.825 0.000
789.116 0.000
789.407 0.000
789.698 0.000
789.989 0.000
790.280 0.000
790.571 0.000
790.863 0.000
791.154 0.000
791.445 0.000
791.736 0.000
792.027 0.000
792.318 0.000
792.609 0.000
792.900 0.000
793.191 0.000
793.482 0.000
793.773 0.000
794.065 0.000
794.356 0.000
794.647 0.000
794.938 0.000
795.229 0.000
795.520 0.000
795.811 0.000
796.102 0.000
796.393 0.000
796.684 0.000
796.975 0.000
797.267 0.000
797.558 0.000
797.849 0.000
798.140 0.000
798.431 0.000
798.722 0.000
799.013 0.000
799.304 0.000
799.595 0.000
799.886 0.000
800.177 0.000
800.469 0.000
800.760 0.000
801.051 0.000
801.342 0.000
801.633 0.000
801.924 0.000
802.215 0.000
802.506 0.000
802.797 0.000
803.088 0.000
803.379 0.000
803.671 0.000
803.962 0.000
804.253 0.000
804.544 0.000
804.835 0.000
805.126 0.000
805.417 0.000
805.708 0.000
805.999 0.000
806.290 0.000
806.581 0.000
806.873 0.000
807.164 0.000
807.455 0.000
807.746 0.000
808.037 0.000
808.328 0.000
808.619 0.000
808.910 0.000
809.201 0.000
809.492 0.000
809.783 0.000
810.075 0.000
810.366 0.000
810.657 0.000
810.948 0.000
811.239 0.000
811.530 0.000
811.821 0.000
812.112 0.000
812.404 0.000
812.695 0.000
812.986 0.000
813.277 0.000
813.569 0.000
813.860 0.000
814.151 0.000
814.442 0.000
814.734 0.000
815.025 0.000
815.316 0.000
815.607 0.000
815.899 0.000
816.190 0.000
816.481 0.000
816.772 0.000
817.064 0.000
817.355 0.000
817.646 0.000
817.937 0.000
818.229 0.000
818.520 0.000
818.811 0.000
819.102 0.000
819.394 0.000
819.685 0.000
819.976 0.000
820.267 0.000
820.559 0.000
820.850 0.000
821.141 0.000
821.432 0.000
821.723 0.000
822.015 0.000
822.306 0.000
822.597 0.000
822.888 0.000
823.180 0.000
823.471 0.000
823.762 0.000
824.053 0.000
824.345 0.000
824.636 0.000
824.927 0.000
825.218 0.000
825.510 0.000
825.801 0.000
826.092 0.000
826.383 0.000
826.675 0.000
826.966 0.000
827.257 0.000
827.548 0.000
827.840 0.000
828.131 0.000
828.422 0.000
828.713 0.000
829.005 0.000
829.296 0.000
829.587 0.000
829.878 0.000
830.170 0.000
830.461 0.000
830.752 0.000
831.043 0.000
831.335 0.000
831.626 0.000
831.917 0.000
832.208 0.000
832.499 0.000
832.791 0.000
833.082 0.000
833.373 0.000
833.664 0.000
833.956 0.000
834.247 0.000
834.538 0.000
834.829 0.000
835.121 0.000
835.412 0.000
835.703 0.000
835.994 0.000
836.286 0.000
836.577 0.000
836.868 0.000
837.159 0.000
837.451 0.000
837.742 0.000
838.033 0.000
838.324 0.000
838.616 0.000
838.907 0.000
839.198 0.000
839.489 0.000
839.781 0.000
840.072 0.000
840.363 0.000
840.654 0.000
840.946 0.000
841.237 0.000
841.528 0.000
841.819 0.000
842.110 0.000
842.402 0.000
842.693 0.000
842.984 0.000
843.275 0.000
843.567 0.000
843.858 0.000
844.149 0.000
844.440 0.000
844.732 0.000
845.023 0.000
845.314 0.000
845.605 0.000
845.897 0.000
846.188 0.000
846.479 0.000
846.770 0.000
847.062 0.000
847.353 0.000
847.644 0.000
847.935 0.000
848.227 0.000
848.518 0.000
848.809 0.000
849.100 0.000
849.392 0.000
849.683 0.000
849.974 0.000
850.265 0.000
850.557 0.000
850.848 0.000
851.139 0.000
851.430 0.000
851.721 0.000
852.013 0.000
852.304 0.000
852.595 0.000
852.886 0.000
853.178 0.000
853.469 0.000
853.760 0.000
854.051 0.000
854.343 0.000
854.634 0.000
854.925 0.000
855.216 0.000
855.508 0.000
855.799 0.000
856.090 0.000
856.381 0.000
856.673 0.000
856.964 0.000
857.255 0.000
857.546 0.000
857.838 0.000
858.129 0.000
858.420 0.000
858.711 0.000
859.003 0.000
859.294 0.000
859.585 0.000
859.876 0.000
860.168 0.000
860.459 0.000
860.750 0.000
861.041 0.000
861.333 0.000
861.624 0.000
861.915 0.000
862.206 0.000
862.497 0.000
862.789 0.000
863.080 0.000
863.371 0.000
863.662 0.000
863.954 0.000
864.245 0.000
864.536 0.000
864.827 0.000
865.119 0.000
865.410 0.000
865.701 0.000
865.992 0.000
866.284 0.000
866.575 0.000
866.866 0.000
867.157 0.000
867.449 0.000
867.740 0.000
868.031 0.000
868.322 0.000
868.614 0.000
868.905 0.000
869.196 0.000
869.487 0.000
869.779 0.000
870.070 0.000
870.361 0.000
870.652 0.000
870.944 0.000
871.235 0.000
871.526 0.000
871.817 0.000
872.109 0.000
872.400 0.000
872.691 0.000
872.982 0.000
873.273 0.000
873.565 0.000
873.856 0.000
874.147 0.000
874.438 0.000
874.730 0.000
875.021 0.000
875.312 0.000
875.603 0.000
875.895 0.000
876.186 0.000
876.477 0.000
876.768 0.000
877.060 0.000
877.351 0.000
877.642 0.000
877.933 0.000
878.225 0.000
878.516 0.000
878.807 0.000
879.098 0.000
879.390 0.000
879.681 0.000
879.972 0.000
880.263 0.000
880.555 0.000
880.846 0.000
881.137 0.000
881.428 0.000
881.720 0.000
882.011 0.000
882.302 0.000
882.593 0.000
882.884 0.000
883.176 0.000
883.467 0.000
883.758 0.000
884.049 0.000
884.341 0.000
884.632 0.000
884.923 0.000
885.214 0.000
885.506 0.000
885.797 0.000
886.088 0.000
886.379 0.000
886.671 0.000
886.962 0.000
887.253 0.000
887.544 0.000
887.836 0.000
888.127 0.000
888.418 0.000
888.709 0.000
889.001 0.000
889.292 0.000
889.583 0.000
889.874 0.000
890.166 0.000
890.457 0.000
890.748 0.000
891.039 0.000
891.331 0.000
891.622 0.000
891.913 0.000
892.204 0.000
892.495 0.000
892.787 0.000
893.078 0.000
893.369 0.000
893.660 0.000
893.952 0.000
894.243 0.000
894.534 0.000
894.825 0.000
895.117 0.000
895.408 0.000
895.699 0.000
895.990 0.000
896.282 0.000
896.573 0.000
896.864 0.000
897.155 0.000
897.447 0.000
897.738 0.000
898.029 0.000
898.320 0.000
898.612 0.000
898.903 0.000
899.194 0.000
899.485 0.000
899.777 0.000
900.068 0.000
900.359 0.000
900.650 0.000
900.942 0.000
901.233 0.000
901.524 0.000
901.815 0.000
902.106 0.000
902.398 0.000
902.689 0.000
902.980 0.000
903.271 0.000
903.563 0.000
903.854 0.000
904.145 0.000
904.436 0.000
904.728 0.000
905.019 0.000
905.310 0.000
905.601 0.000
905.893 0.000
906.184 0.000
906.475 0.000
906.766 0.000
907.058 0.000
907.349 0.000
907.640 0.000
907.931 0.000
908.223 0.000
908.514 0.000
908.805 0.000
909.096 0.000
909.388 0.000
909.679 0.000
909.970 0.000
910.261 0.000
910.553 0.000
910.844 0.000
911.135 0.000
911.426 0.000
911.718 0.000
912.009 0.000
912.300 0.000
912.599 0.000
912.898 0.000
913.196 0.000
913.495 0.000
913.794 0.000
914.093 0.000
914.391 0.000
914.690 0.000
914.989 0.000
915.288 0.000
915.586 0.000
915.885 0.000
916.184 0.000
916.483 0.000
916.782 0.000
917.080 0.000
917.379 0.000
917.678 0.000
917.977 0.000
918.275 0.000
918.574 0.000
918.873 0.000
919.172 0.000
919.471 0.000
919.769 0.000
920.068 0.000
920.367 0.000
920.666 0.000
920.964 0.000
921.263 0.000
921.562 0.000
921.861 0.000
922.159 0.000
922.458 0.000
922.757 0.000
923.056 0.000
923.355 0.000
923.653 0.000
923.952 0.000
924.251 0.000
924.550 0.000
924.848 0.000
925.147 0.000
925.446 0.000
925.745 0.000
926.043 0.000
926.342 0.000
926.641 0.000
926.940 0.000
927.239 0.000
927.537 0.000
927.836 0.000
928.135 0.000
928.434 0.000
928.732 0.000
929.031 0.000
929.330 0.000
929.629 0.000
929.927 0.000
930.226 0.000
930.525 0.000
930.824 0.000
931.123 0.000
931.421 0.000
931.720 0.000
932.019 0.000
932.318 0.000
932.616 0.000
932.915 0.000
933.214 0.000
933.513 0.000
933.812 0.000
934.110 0.000
934.409 0.000
934.708 0.000
935.007 0.000
935.305 0.000
935.604 0.000
935.903 0.000
936.202 0.000
936.500 0.000
936.799 0.000
937.098 0.000
937.397 0.000
937.696 0.000
937.994 0.000
938.293 0.000
938.592 0.000
938.891 0.000
939.189 0.000
939.488 0.000
939.787 0.000
940.086 0.000
940.384 0.000
940.683 0.000
940.982 0.000
941.281 0.000
941.580 0.000
941.878 0.000
942.177 0.000
942.476 0.000
942.775 0.000
943.073 0.000
943.372 0.000
943.671 0.000
943.970 0.000
944.268 0.000
944.567 0.000
944.866 0.000
945.165 0.000
945.464 0.000
945.762 0.000
946.061 0.000
946.360 0.000
946.659 0.000
946.957 0.000
947.256 0.000
947.555 0.000
947.854 0.000
948.153 0.000
948.451 0.000
948.750 0.000
949.049 0.000
949.348 0.000
949.646 0.000
949.945 0.000
950.244 0.000
950.543 0.000
950.841 0.000
951.140 0.000
951.439 0.000
951.738 0.000
952.037 0.000
952.335 0.000
952.634 0.000
952.933 0.000
953.232 0.000
953.530 0.000
953.829 0.000
954.128 0.000
954.427 0.000
954.725 0.000
955.024 0.000
955.323 0.000
955.622 0.000
955.921 0.000
956.219 0.000
956.518 0.000
956.817 0.000
957.116 0.000
957.414 0.000
957.713 0.000
958.012 0.000
958.311 0.000
958.610 0.000
958.908 0.000
959.207 0.000
959.506 0.000
959.805 0.000
960.103 0.000
960.402 0.000
960.701 0.000
961.000 0.000
961.298 0.000
961.597 0.000
961.896 0.000
962.195 0.000
962.494 0.000
962.792 0.000
963.091 0.000
963.390 0.000
963.689 0.000
963.987 0.000
964.286 0.000
964.585 0.000
964.884 0.000
965.182 0.000
965.481 0.000
965.780 0.000
966.075 0.000
966.370 0.000
966.666 0.000
966.961 0.000
967.256 0.000
967.551 0.000
967.847 0.000
968.142 0.000
968.437 0.000
968.732 0.000
969.028 0.000
969.323 0.000
969.618 0.000
969.913 0.000
970.208 0.000
970.504 0.000
970.799 0.000
971.094 0.000
971.389 0.000
971.685 0.000
971.980 0.000
972.275 0.000
972.570 0.000
972.866 0.000
973.161 0.000
973.456 0.000
973.751 0.000
974.047 0.000
974.342 0.000
974.637 0.000
974.932 0.000
975.227 0.000
975.523 0.000
975.818 0.000
976.113 0.000
976.408 0.000
976.704 0.000
976.999 0.000
977.294 0.000
977.589 0.000
977.885 0.000
978.180 0.000
978.475 0.000
978.770 0.000
979.066 0.000
979.361 0.000
979.656 0.000
979.951 0.000
980.246 0.000
980.542 0.000
980.837 0.000
981.132 0.000
981.427 0.000
981.723 0.000
982.018 0.000
982.313 0.000
982.608 0.000
982.904 0.000
983.199 0.000
983.494 0.000
983.789 0.000
984.084 0.000
984.380 0.000
984.675 0.000
984.970 0.000
985.265 0.000
985.561 0.000
985.856 0.000
986.151 0.000
986.446 0.000
986.742 0.000
987.037 0.000
987.332 0.000
987.627 0.000
987.923 0.000
988.218 0.000
988.513 0.000
988.808 0.000
989.103 0.000
989.399 0.000
989.694 0.000
989.989 0.000
990.284 0.000
990.580 0.000
990.875 0.000
991.170 0.000
991.465 0.000
991.761 0.000
992.056 0.000
992.351 0.000
992.646 0.000
992.942 0.000
993.237 0.000
993.532 0.000
993.827 0.000
994.122 0.000
994.418 0.000
994.713 0.000
995.008 0.000
995.303 0.000
995.599 0.000
995.894 0.000
996.189 0.000
996.484 0.000
996.780 0.000
997.075 0.000
997.370 0.000
997.665 0.000
997.960 0.000
998.256 0.000
998.551 0.000
998.846 0.000
999.141 0.000
999.437 0.000
999.732 0.000
1000.027 0.000
1000.322 0.000
1000.618 0.000
1000.913 0.000
1001.208 0.000
1001.503 0.000
1001.799 0.000
1002.094 0.000
1002.389 0.000
1002.684 0.000
1002.979 0.000
1003.275 0.000
1003.570 0.000
1003.865 0.000
1004.160 0.000
1004.456 0.000
1004.751 0.000
1005.046 0.000
1005.341 0.000
1005.637 0.000
1005.932 0.000
1006.227 0.000
1006.522 0.000
1006.817 0.000
1007.113 0.000
1007.408 0.000
1007.703 0.000
1007.998 0.000
1008.294 0.000
1008.589 0.000
1008.884 0.000
1009.179 0.000
1009.475 0.000
1009.770 0.000
1010.065 0.000
1010.360 0.000
1010.656 0.000
1010.951 0.000
1011.246 0.000
1011.541 0.000
1011.836 0.000
1012.132 0.000
1012.427 0.000
1012.722 0.000
1013.017 0.000
1013.313 0.000
1013.608 0.000
1013.903 0.000
1014.198 0.000
1014.494 0.000
1014.789 0.000
1015.084 0.000
1015.379 0.000
1015.674 0.000
1015.970 0.000
1016.265 0.000
1016.560 0.000
1016.855 0.000
1017.151 0.000
1017.446 0.000
1017.741 0.000
1018.036 0.000
1018.332 0.000
1018.627 0.000
1018.922 0.000
1019.217 0.000
1019.513 0.000
1019.808 0.000
1020.103 0.000
1020.398 0.000
1020.693 0.000
1020.989 0.000
1021.284 0.000
1021.579 0.000
1021.874 0.000
1022.170 0.000
1022.465 0.000
1022.760 0.000
1023.055 0.000
1023.351 0.000
1023.646 0.000
1023.941 0.000
1024.236 0.000
1024.532 0.000
1024.827 0.000
1025.122 0.000
1025.417 0.000
1025.712 0.000
1026.008 0.000
1026.303 0.000
1026.598 0.000
1026.893 0.000
1027.189 0.000
1027.484 0.000
1027.779 0.000
1028.074 0.000
1028.370 0.000
1028.665 0.000
1028.960 0.000
1029.255 0.000
1029.550 0.000
1029.846 0.000
1030.141 0.000
1030.436 0.000
1030.731 0.000
1031.027 0.000
1031.322 0.000
1031.617 0.000
1031.912 0.000
1032.208 0.000
1032.503 0.000
1032.798 0.000
1033.093 0.000
1033.389 0.000
1033.684 0.000
1033.979 0.000
1034.274 0.000
1034.569 0.000
1034.865 0.000
1035.160 0.000
1035.455 0.000
1035.750 0.000
1036.046 0.000
1036.341 0.000
1036.636 0.000
1036.931 0.000
1037.227 0.000
1037.522 0.000
1037.817 0.000
1038.112 0.000
1038.407 0.000
1038.703 0.000
1038.998 0.000
1039.293 0.000
1039.588 0.000
1039.884 0.000
1040.179 0.000
1040.474 0.000
1040.769 0.000
1041.065 0.000
1041.360 0.000
1041.655 0.000
1041.950 0.000
1042.246 0.000
1042.541 0.000
1042.836 0.000
1043.131 0.000
1043.426 0.000
1043.722 0.000
1044.017 0.000
1044.312 0.000
1044.607 0.000
1044.903 0.000
1045.198 0.000
1045.493 0.000
1045.788 0.000
1046.084 0.000
1046.379 0.000
1046.674 0.000
1046.969 0.000
1047.264 0.000
1047.560 0.000
1047.855 0.000
1048.150 0.000
1048.445 0.000
1048.741 0.000
1049.036 0.000
1049.331 0.000
1049.626 0.000
1049.922 0.000
1050.217 0.000
1050.512 0.000
1050.807 0.000
1051.103 0.000
1051.398 0.000
1051.693 0.000
1051.988 0.000
1052.283 0.000
1052.579 0.000
1052.874 0.000
1053.169 0.000
1053.464 0.000
1053.760 0.000
1054.055 0.000
1054.350 0.000
1054.645 0.000
1054.941 0.000
1055.236 0.000
1055.531 0.000
1055.826 0.000
1056.122 0.000
1056.417 0.000
1056.712 0.000
1057.007 0.000
1057.302 0.000
1057.598 0.000
1057.893 0.000
1058.188 0.000
1058.483 0.000
1058.779 0.000
1059.074 0.000
1059.369 0.000
1059.664 0.000
1059.960 0.000
1060.255 0.000
1060.550 0.000
1060.845 0.000
1061.140 0.000
1061.436 0.000
1061.731 0.000
1062.026 0.000
1062.321 0.000
1062.617 0.000
1062.912 0.000
1063.207 0.000
1063.502 0.000
1063.798 0.000
1064.093 0.000
1064.388 0.000
1064.683 0.000
1064.978 0.000
1065.274 0.000
1065.569 0.000
1065.864 0.000
1066.159 0.000
1066.455 0.000
1066.750 0.000
1067.045 0.000
1067.340 0.000
1067.636 0.000
1067.931 0.000
1068.226 0.000
1068.521 0.000
1068.817 0.000
1069.112 0.000
1069.407 0.000
1069.702 0.000
1069.997 0.000
1070.293 0.000
1070.588 0.000
1070.883 0.000
1071.178 0.000
1071.474 0.000
1071.769 0.000
1072.064 0.000
1072.359 0.000
1072.655 0.000
1072.950 0.000
1073.245 0.000
1073.540 0.000
1073.836 0.000
1074.131 0.000
1074.426 0.000
1074.721 0.000
1075.016 0.000
1075.312 0.000
1075.607 0.000
1075.902 0.000
1076.197 0.000
1076.493 0.000
1076.788 0.000
1077.083 0.000
1077.378 0.000
1077.674 0.000
1077.969 0.000
1078.264 0.000
1078.559 0.000
1078.854 0.000
1079.150 0.000
1079.445 0.000
1079.740 0.000
1080.035 0.000
1080.331 0.000
1080.626 0.000
1080.921 0.000
1081.216 0.000
1081.512 0.000
1081.807 0.000
1082.102 0.000
1082.397 0.000
1082.693 0.000
1082.988 0.000
1083.283 0.000
1083.578 0.000
1083.873 0.000
1084.169 0.000
1084.464 0.000
1084.759 0.000
1085.054 0.000
1085.350 0.000
1085.645 0.000
1085.940 0.000
1086.235 0.000
1086.531 0.000
1086.826 0.000
1087.121 0.000
1087.416 0.000
1087.711 0.000
1088.007 0.000
1088.302 0.000
1088.597 0.000
1088.892 0.000
1089.188 0.000
1089.483 0.000
1089.778 0.000
1090.073 0.000
1090.369 0.000
1090.664 0.000
1090.959 0.000
1091.254 0.000
1091.550 0.000
1091.845 0.000
1092.140 0.000
1092.452 0.000
1092.764 0.000
1093.076 0.000
1093.388 0.000
1093.700 0.000
1094.012 0.000
1094.324 0.000
1094.636 0.000
1094.948 0.000
1095.260 0.000
1095.572 0.000
1095.884 0.000
1096.196 0.000
1096.508 0.000
1096.820 0.000
1097.132 0.000
1097.444 0.000
1097.756 0.000
1098.068 0.000
1098.380 0.000
1098.692 0.000
1099.004 0.000
1099.316 0.000
1099.628 0.000
1099.940 0.000
1100.252 0.000
1100.564 0.000
1100.877 0.000
1101.189 0.000
1101.501 0.000
1101.813 0.000
1102.125 0.000
1102.437 0.000
1102.749 0.000
1103.061 0.000
1103.373 0.000
1103.685 0.000
1103.997 0.000
1104.309 0.000
1104.621 0.000
1104.933 0.000
1105.245 0.000
1105.557 0.000
1105.869 0.000
1106.181 0.000
1106.493 0.000
1106.805 0.000
1107.117 0.000
1107.429 0.000
1107.741 0.000
1108.053 0.000
1108.365 0.000
1108.677 0.000
1108.989 0.000
1109.301 0.000
1109.613 0.000
1109.925 0.000
1110.237 0.000
1110.549 0.000
1110.861 0.000
1111.173 0.000
1111.485 0.000
1111.797 0.000
1112.109 0.000
1112.421 0.000
1112.733 0.000
1113.045 0.000
1113.357 0.000
1113.669 0.000
1113.981 0.000
1114.293 0.000
1114.605 0.000
1114.917 0.000
1115.229 0.000
1115.541 0.000
1115.853 0.000
1116.165 0.000
1116.477 0.000
1116.789 0.000
1117.101 0.000
1117.413 0.000
1117.725 0.000
1118.037 0.000
1118.349 0.000
1118.662 0.000
1118.974 0.000
1119.286 0.000
1119.598 0.000
1119.910 0.000
1120.222 0.000
1120.534 0.000
1120.846 0.000
1121.158 0.000
1121.470 0.000
1121.782 0.000
1122.094 0.000
1122.406 0.000
1122.718 0.000
1123.030 0.000
1123.342 0.000
1123.654 0.000
1123.966 0.000
1124.278 0.000
1124.590 0.000
1124.902 0.000
1125.214 0.000
1125.526 0.000
1125.838 0.000
1126.150 0.000
1126.462 0.000
1126.774 0.000
1127.086 0.000
1127.398 0.000
1127.710 0.000
1128.022 0.000
1128.334 0.000
1128.646 0.000
1128.958 0.000
1129.270 0.000
1129.582 0.000
1129.894 0.000
1130.206 0.000
1130.518 0.000
1130.830 0.000
1131.142 0.000
1131.454 0.000
1131.766 0.000
1132.078 0.000
1132.390 0.000
1132.702 0.000
1133.014 0.000
1133.326 0.000
1133.638 0.000
1133.950 0.000
1134.262 0.000
1134.574 0.000
1134.886 0.000
1135.198 0.000
1135.510 0.000
1135.822 0.000
1136.134 0.000
1136.447 0.000
1136.759 0.000
1137.071 0.000
1137.383 0.000
1137.695 0.000
1138.007 0.000
1138.319 0.000
1138.631 0.000
1138.943 0.000
1139.255 0.000
1139.567 0.000
1139.879 0.000
1140.191 0.000
1140.503 0.000
1140.815 0.000
1141.127 0.000
1141.439 0.000
1141.751 0.000
1142.063 0.000
1142.375 0.000
1142.687 0.000
1142.999 0.000
1143.311 0.000
1143.623 0.000
1143.935 0.000
1144.247 0.000
1144.559 0.000
1144.871 0.000
1145.183 0.000
1145.495 0.000
1145.807 0.000
1146.119 0.000
1146.431 0.000
1146.743 0.000
1147.055 0.000
1147.367 0.000
1147.679 0.000
1147.991 0.000
1148.303 0.000
1148.615 0.000
1148.927 0.000
1149.239 0.000
1149.551 0.000
1149.863 0.000
1150.175 0.000
1150.487 0.000
1150.799 0.000
1151.111 0.000
1151.423 0.000
1151.735 0.000
1152.047 0.000
1152.359 0.000
1152.671 0.000
1152.983 0.000
1153.295 0.000
1153.607 0.000
1153.920 0.000
1154.232 0.000
1154.544 0.000
1154.856 0.000
1155.168 0.000
1155.480 0.000
1155.792 0.000
1156.104 0.000
1156.416 0.000
1156.728 0.000
1157.040 0.000
1157.352 0.000
1157.664 0.000
1157.976 0.000
1158.288 0.000
1158.600 0.000
1158.912 0.000
1159.224 0.000
1159.536 0.000
1159.848 0.000
1160.160 0.000
1160.472 0.000
1160.784 0.000
1161.096 0.000
1161.408 0.000
1161.720 0.000
1162.032 0.000
1162.344 0.000
1162.656 0.000
1162.968 0.000
1163.280 0.000
1163.592 0.000
1163.904 0.000
1164.216 0.000
1164.528 0.000
1164.840 0.000
1165.152 0.000
1165.464 0.000
1165.776 0.000
1166.088 0.000
1166.400 0.000
1166.712 0.000
1167.024 0.000
1167.336 0.000
1167.648 0.000
1167.960 0.000
1168.272 0.000
1168.584 0.000
1168.896 0.000
1169.208 0.000
1169.520 0.000
1169.832 0.000
1170.144 0.000
1170.456 0.000
1170.768 0.000
1171.080 0.000
1171.392 0.000
1171.705 0.000
1172.017 0.000
1172.329 0.000
1172.641 0.000
1172.953 0.000
1173.265 0.000
1173.577 0.000
1173.889 0.000
1174.201 0.000
1174.513 0.000
1174.825 0.000
1175.137 0.000
1175.449 0.000
1175.761 0.000
1176.073 0.000
1176.385 0.000
1176.697 0.000
1177.009 0.000
1177.321 0.000
1177.633 0.000
1177.945 0.000
1178.257 0.000
1178.569 0.000
1178.881 0.000
1179.193 0.000
1179.505 0.000
1179.817 0.000
1180.129 0.000
1180.441 0.000
1180.753 0.000
1181.065 0.000
1181.377 0.000
1181.689 0.000
1182.001 0.000
1182.313 0.000
1182.625 0.000
1182.937 0.000
1183.249 0.000
1183.561 0.000
1183.873 0.000
1184.185 0.000
1184.497 0.000
1184.809 0.000
1185.121 0.000
1185.433 0.000
1185.745 0.000
1186.057 0.000
1186.369 0.000
1186.681 0.000
1186.993 0.000
1187.305 0.000
1187.617 0.000
1187.929 0.000
1188.241 0.000
1188.553 0.000
1188.865 0.000
1189.178 0.000
1189.490 0.000
1189.802 0.000
1190.114 0.000
1190.426 0.000
1190.738 0.000
1191.050 0.000
1191.362 0.000
1191.674 0.000
1191.986 0.000
1192.298 0.000
1192.610 0.000
1192.922 0.000
1193.234 0.000
1193.546 0.000
1193.858 0.000
1194.170 0.000
1194.482 0.000
1194.794 0.000
1195.106 0.000
1195.418 0.000
1195.730 0.000
1196.042 0.000
1196.354 0.000
1196.666 0.000
1196.978 0.000
1197.290 0.000
1197.602 0.000
1197.914 0.000
1198.226 0.000
1198.538 0.000
1198.850 0.000
1199.162 0.000
1199.474 0.000
1199.786 0.000
1200.098 0.000
