177.811 0.000
178.065 0.000
178.318 0.000
178.572 0.000
178.826 0.000
179.079 0.000
179.333 0.000
179.587 0.000
179.840 0.000
180.094 0.000
180.347 0.000
180.601 0.000
180.855 0.000
181.108 0.000
181.362 0.000
181.616 0.000
181.869 0.000
182.123 0.000
182.377 0.000
182.630 0.000
182.884 0.000
183.137 0.000
183.391 0.000
183.645 0.000
183.898 0.000
184.152 0.000
184.406 0.000
184.659 0.000
184.913 0.000
185.167 0.000
185.420 0.000
185.674 0.000
185.928 0.000
186.181 0.000
186.435 0.000
186.688 0.000
186.942 0.000
187.196 0.000
187.449 0.000
187.703 0.000
187.957 0.000
188.210 0.000
188.464 0.000
188.718 0.000
188.971 0.000
189.225 0.000
189.479 0.000
189.732 0.000
189.986 0.000
190.239 0.000
190.493 0.000
190.747 0.000
191.000 0.000
191.254 0.000
191.508 0.000
191.761 0.000
192.015 0.000
192.269 0.000
192.522 0.000
192.776 0.000
193.030 0.000
193.283 0.000
193.537 0.000
193.790 0.000
194.044 0.000
194.298 0.000
194.551 0.000
194.805 0.000
195.059 0.000
195.312 0.000
195.566 0.000
195.820 0.000
196.073 0.000
196.327 0.000
196.581 0.000
196.834 0.000
197.088 0.000
197.341 0.000
197.595 0.000
197.849 0.000
198.102 0.000
198.356 0.000
198.610 0.000
198.863 0.000
199.117 0.000
199.371 0.000
199.624 0.000
199.878 0.000
200.132 0.000
200.385 0.000
200.639 0.000
200.892 0.000
201.146 0.000
201.400 0.000
201.653 0.000
201.907 0.000
202.161 0.000
202.414 0.000
202.668 0.000
202.922 0.000
203.175 0.000
203.429 0.000
203.683 0.000
203.936 0.000
204.190 0.000
204.443 0.000
204.697 0.000
204.951 0.000
205.204 0.000
205.458 0.000
205.712 0.000
205.965 0.000
206.219 0.000
206.473 0.000
206.726 0.000
206.980 0.000
207.233 0.000
207.487 0.000
207.741 0.000
207.994 0.000
208.248 0.000
208.502 0.000
208.755 0.000
209.009 0.000
209.263 0.000
209.516 0.000
209.770 0.000
210.024 0.000
210.277 0.000
210.531 0.000
210.784 0.000
211.038 0.000
211.292 0.000
211.545 0.000
211.799 0.000
212.053 0.000
212.306 0.000
212.560 0.000
212.814 0.000
213.067 0.000
213.321 0.000
213.575 0.000
213.828 0.000
214.082 0.000
214.335 0.000
214.589 0.000
214.843 0.000
215.096 0.000
215.350 0.000
215.604 0.000
215.857 0.000
216.111 0.000
216.365 0.000
216.618 0.000
216.872 0.000
217.126 0.000
217.379 0.000
217.633 0.000
217.886 0.000
218.140 0.000
218.394 0.000
218.647 0.000
218.901 0.000
219.155 0.000
219.408 0.000
219.662 0.000
219.916 0.000
220.169 0.000
220.423 0.000
220.677 0.000
220.930 0.000
221.184 0.000
221.437 0.000
221.691 0.000
221.945 0.000
222.198 0.000
222.452 0.000
222.706 0.000
222.959 0.000
223.213 0.000
223.467 0.000
223.720 0.000
223.974 0.000
224.228 0.000
224.481 0.000
224.735 0.000
224.988 0.000
225.242 0.000
225.496 0.000
225.749 0.000
226.003 0.000
226.257 0.000
226.510 0.000
226.764 0.000
227.018 0.000
227.271 0.000
227.525 0.000
227.779 0.000
228.032 0.000
228.286 0.000
228.539 0.000
228.793 0.000
229.047 0.000
229.300 0.000
229.554 0.000
229.808 0.000
230.061 0.000
230.315 0.000
230.569 0.000
230.822 0.000
231.076 0.000
231.330 0.000
231.583 0.000
231.837 0.000
232.090 0.000
232.344 0.000
232.598 0.000
232.851 0.000
233.105 0.000
233.359 0.000
233.612 0.000
233.866 0.000
234.120 0.000
234.373 0.000
234.627 0.000
234.880 0.000
235.134 0.000
235.388 0.000
235.641 0.000
235.895 0.000
236.149 0.000
236.402 0.000
236.656 0.000
236.910 0.000
237.163 0.000
237.417 0.000
237.671 0.000
237.924 0.000
238.178 0.000
238.431 0.000
238.685 0.000
238.939 0.000
239.192 0.000
239.446 0.000
239.700 0.000
239.953 0.000
240.207 0.000
240.461 0.000
240.714 0.000
240.968 0.000
241.222 0.000
241.475 0.000
241.729 0.000
241.982 0.000
242.236 0.000
242.490 0.000
242.743 0.000
242.997 0.000
243.251 0.000
243.504 0.000
243.758 0.000
244.012 0.000
244.265 0.000
244.519 0.000
244.773 0.000
245.026 0.000
245.280 0.000
245.533 0.000
245.787 0.000
246.041 0.000
246.294 0.000
246.548 0.000
246.802 0.000
247.055 0.000
247.309 0.000
247.563 0.000
247.816 0.000
248.070 0.000
248.324 0.000
248.577 0.000
248.831 0.000
249.084 0.000
249.338 0.000
249.592 0.000
249.845 0.000
250.099 0.000
250.353 0.000
250.606 0.000
250.860 0.000
251.114 0.000
251.367 0.000
251.621 0.000
251.875 0.000
252.128 0.000
252.382 0.000
252.635 0.000
252.889 0.000
253.143 0.000
253.396 0.000
253.650 0.000
253.904 0.000
254.159 0.000
254.413 0.000
254.667 0.000
254.922 0.000
255.176 0.000
255.431 0.000
255.685 0.000
255.939 0.000
256.194 0.000
256.448 0.000
256.702 0.000
256.957 0.000
257.211 0.000
257.465 0.000
257.720 0.000
257.974 0.000
258.228 0.000
258.483 0.000
258.737 0.000
258.992 0.000
259.246 0.000
259.500 0.000
259.755 0.000
260.009 0.000
260.263 0.000
260.518 0.000
260.772 0.000
261.026 0.000
261.281 0.000
261.535 0.000
261.789 0.000
262.044 0.000
262.298 0.000
262.553 0.000
262.807 0.000
263.061 0.000
263.316 0.000
263.570 0.000
263.824 0.000
264.079 0.000
264.333 0.000
264.587 0.000
264.842 0.000
265.096 0.000
265.351 0.000
265.605 0.000
265.859 0.000
266.114 0.000
266.368 0.000
266.622 0.000
266.877 0.000
267.131 0.000
267.385 0.000
267.640 0.000
267.894 0.000
268.148 0.000
268.403 0.000
268.657 0.000
268.912 0.000
269.166 0.000
269.420 0.000
269.675 0.000
269.929 0.000
270.183 0.000
270.438 0.000
270.692 0.000
270.946 0.000
271.201 0.000
271.455 0.000
271.709 0.000
271.964 0.000
272.218 0.000
272.473 0.000
272.727 0.000
272.981 0.000
273.236 0.000
273.490 0.000
273.744 0.000
273.999 0.000
274.253 0.000
274.507 0.000
274.762 0.000
275.016 0.000
275.271 0.000
275.525 0.000
275.779 0.000
276.034 0.000
276.288 0.000
276.542 0.000
276.797 0.000
277.051 0.000
277.305 0.000
277.560 0.000
277.814 0.000
278.068 0.000
278.323 0.000
278.577 0.000
278.832 0.000
279.086 0.000
279.340 0.000
279.595 0.000
279.849 0.000
280.103 0.000
280.358 0.000
280.612 0.000
280.866 0.000
281.121 0.000
281.375 0.000
281.629 0.000
281.884 0.000
282.138 0.000
282.393 0.000
282.647 0.000
282.901 0.000
283.156 0.000
283.410 0.000
283.664 0.000
283.919 0.000
284.173 0.000
284.427 0.000
284.682 0.000
284.936 0.000
285.191 0.000
285.445 0.000
285.699 0.000
285.954 0.000
286.208 0.000
286.462 0.000
286.717 0.000
286.971 0.000
287.225 0.000
287.480 0.000
287.734 0.000
287.988 0.000
288.243 0.000
288.497 0.000
288.752 0.000
289.006 0.000
289.260 0.000
289.515 0.000
289.769 0.000
290.023 0.000
290.278 0.000
290.532 0.000
290.786 0.000
291.041 0.000
291.295 0.000
291.549 0.000
291.804 0.000
292.058 0.000
292.313 0.000
292.567 0.000
292.821 0.000
293.076 0.000
293.330 0.000
293.584 0.000
293.839 0.000
294.093 0.000
294.347 0.000
294.602 0.000
294.856 0.000
295.111 0.000
295.365 0.000
295.619 0.000
295.874 0.000
296.128 0.000
296.382 0.000
296.637 0.000
296.891 0.000
297.145 0.000
297.400 0.000
297.654 0.000
297.908 0.000
298.163 0.000
298.417 0.000
298.672 0.000
298.926 0.000
299.180 15.000
299.435 82.000
299.689 120.000
299.943 44.000
300.198 129.000
300.452 189.000
300.706 247.000
300.961 371.000
301.215 366.000
301.469 435.000
301.724 476.000
301.978 486.000
302.233 478.000
302.487 542.000
302.741 585.000
302.996 751.000
303.250 754.000
303.504 769.000
303.759 859.000
304.013 961.000
304.267 974.000
304.522 939.000
304.776 1038.000
305.031 996.000
305.285 1110.000
305.539 1273.000
305.794 1206.000
306.048 1396.000
306.302 1540.000
306.557 1505.000
306.811 1497.000
307.065 1563.000
307.320 1647.000
307.574 1806.000
307.828 1931.000
308.083 2086.000
308.337 2106.000
308.592 2080.000
308.846 2289.000
309.100 2386.000
309.355 2297.000
309.609 2397.000
309.863 2563.000
310.118 2636.000
310.372 2710.000
310.626 2793.000
310.881 3228.000
311.135 3184.000
311.389 3283.000
311.644 3413.000
311.898 3493.000
312.153 3542.000
312.407 3786.000
312.661 3816.000
312.916 3824.000
313.170 4020.000
313.429 4228.000
313.688 4387.000
313.947 4309.000
314.206 4384.000
314.465 4708.000
314.724 4831.000
314.983 4839.000
315.242 5006.000
315.501 5111.000
315.760 5191.000
316.019 5437.000
316.278 5731.000
316.536 5793.000
316.795 5931.000
317.054 6186.000
317.313 6359.000
317.572 6459.000
317.831 6644.000
318.090 6807.000
318.349 7049.000
318.608 7199.000
318.867 7197.000
319.126 7356.000
319.385 7604.000
319.644 7652.000
319.903 7818.000
320.162 8043.000
320.421 8243.000
320.680 8412.000
320.939 8573.000
321.198 8632.000
321.457 8795.000
321.716 8851.000
321.975 9102.000
322.234 9377.000
322.493 9601.000
322.752 10005.000
323.010 10123.000
323.269 10054.000
323.528 10357.000
323.787 10457.000
324.046 10306.000
324.305 10652.000
324.564 10974.000
324.823 10849.000
325.082 10929.000
325.341 11415.000
325.600 11642.000
325.859 11746.000
326.118 11866.000
326.377 12007.000
326.636 12168.000
326.895 12518.000
327.154 12594.000
327.413 12812.000
327.672 13023.000
327.931 13239.000
328.190 13370.000
328.449 13466.000
328.708 13651.000
328.967 13916.000
329.226 14112.000
329.485 14268.000
329.743 14645.000
330.002 14648.000
330.261 14672.000
330.520 14887.000
330.779 15135.000
331.038 15223.000
331.297 14988.000
331.556 15289.000
331.815 15740.000
332.074 15955.000
332.333 16135.000
332.592 16292.000
332.851 16393.000
333.110 16354.000
333.369 16566.000
333.628 16735.000
333.887 17026.000
334.146 17269.000
334.405 17598.000
334.664 17592.000
334.923 17480.000
335.182 17824.000
335.441 18216.000
335.700 18258.000
335.959 18463.000
336.217 18521.000
336.476 18652.000
336.735 18873.000
336.994 18894.000
337.253 19099.000
337.512 19317.000
337.771 19436.000
338.030 19722.000
338.289 19703.000
338.548 19754.000
338.807 19877.000
339.066 20073.000
339.325 20078.000
339.584 20386.000
339.843 20718.000
340.102 20683.000
340.361 20749.000
340.620 20965.000
340.879 21176.000
341.138 21097.000
341.397 21443.000
341.656 21581.000
341.915 21546.000
342.174 21802.000
342.433 22097.000
342.691 22191.000
342.950 22273.000
343.209 22565.000
343.468 22675.000
343.727 22595.000
343.986 22545.000
344.245 22894.000
344.504 22933.000
344.763 23118.000
345.022 23176.000
345.281 22996.000
345.540 23105.000
345.799 23246.000
346.058 23638.000
346.317 23690.000
346.576 23635.000
346.835 23696.000
347.094 23757.000
347.353 23878.000
347.612 24239.000
347.871 24266.000
348.130 24658.000
348.389 24737.000
348.648 24864.000
348.907 24610.000
349.166 24627.000
349.424 24879.000
349.683 24843.000
349.942 24860.000
350.201 24865.000
350.460 24905.000
350.719 25178.000
350.978 25162.000
351.237 25079.000
351.496 25286.000
351.755 25364.000
352.014 25372.000
352.273 25744.000
352.532 25703.000
352.791 25748.000
353.050 25873.000
353.309 25740.000
353.568 25957.000
353.827 25900.000
354.086 25939.000
354.345 26206.000
354.604 25987.000
354.863 26156.000
355.122 26358.000
355.381 26487.000
355.640 26476.000
355.898 26418.000
356.157 26367.000
356.416 26264.000
356.675 26591.000
356.934 26347.000
357.193 26684.000
357.452 26906.000
357.711 26637.000
357.970 26804.000
358.229 26840.000
358.488 26786.000
358.747 26626.000
359.006 26667.000
359.265 26789.000
359.524 26736.000
359.783 26709.000
360.042 26672.000
360.301 26567.000
360.560 26609.000
360.819 26892.000
361.078 27002.000
361.337 26986.000
361.596 26758.000
361.855 26996.000
362.114 26863.000
362.372 27112.000
362.631 27019.000
362.890 26793.000
363.149 27032.000
363.408 27256.000
363.667 27041.000
363.926 26873.000
364.185 27121.000
364.444 27311.000
364.703 27197.000
364.962 27127.000
365.221 27457.000
365.480 27376.000
365.739 27362.000
365.999 27301.000
366.258 27406.000
366.518 27338.000
366.777 27211.000
367.037 27213.000
367.296 27431.000
367.556 27465.000
367.815 27590.000
368.075 27580.000
368.334 27426.000
368.594 27538.000
368.853 27532.000
369.113 27899.000
369.372 27924.000
369.632 27772.000
369.891 27787.000
370.150 27650.000
370.410 27764.000
370.669 27853.000
370.929 27946.000
371.188 27911.000
371.448 28086.000
371.707 28129.000
371.967 27960.000
372.226 27936.000
372.486 27951.000
372.745 28295.000
373.005 28147.000
373.264 28116.000
373.524 28203.000
373.783 27933.000
374.043 28184.000
374.302 28294.000
374.561 28117.000
374.821 27911.000
375.080 28154.000
375.340 28230.000
375.599 28141.000
375.859 28218.000
376.118 28355.000
376.378 28151.000
376.637 28176.000
376.897 28057.000
377.156 28169.000
377.416 28111.000
377.675 28029.000
377.935 27952.000
378.194 27995.000
378.454 28221.000
378.713 28288.000
378.972 28202.000
379.232 27928.000
379.491 27811.000
379.751 27796.000
380.010 27880.000
380.270 27866.000
380.529 27787.000
380.789 27879.000
381.048 27939.000
381.308 27610.000
381.567 27665.000
381.827 27768.000
382.086 27825.000
382.346 27584.000
382.605 27728.000
382.865 27551.000
383.124 27686.000
383.383 27801.000
383.643 27783.000
383.902 27457.000
384.162 27503.000
384.421 27522.000
384.681 27450.000
384.940 27629.000
385.200 27459.000
385.459 27585.000
385.719 27733.000
385.978 27450.000
386.238 27404.000
386.497 27497.000
386.757 27177.000
387.016 27080.000
387.276 27206.000
387.535 27289.000
387.794 27369.000
388.054 27027.000
388.313 26941.000
388.573 27103.000
388.832 27194.000
389.092 26965.000
389.351 26798.000
389.611 27017.000
389.870 27435.000
390.130 27009.000
390.389 26786.000
390.649 26680.000
390.908 26799.000
391.168 26969.000
391.427 26823.000
391.686 26398.000
391.946 26407.000
392.205 26566.000
392.465 26158.000
392.724 26137.000
392.984 26084.000
393.243 26061.000
393.503 26108.000
393.762 25987.000
394.022 25956.000
394.281 25844.000
394.541 25490.000
394.800 25591.000
395.060 25725.000
395.319 25634.000
395.579 25508.000
395.838 25530.000
396.097 25602.000
396.357 25362.000
396.616 25346.000
396.876 25438.000
397.135 25015.000
397.395 24699.000
397.654 24730.000
397.914 24975.000
398.173 24852.000
398.433 24881.000
398.692 24676.000
398.952 24584.000
399.211 24656.000
399.471 24429.000
399.730 24312.000
399.990 24282.000
400.249 24198.000
400.508 24077.000
400.768 23797.000
401.027 23765.000
401.287 24040.000
401.546 23943.000
401.806 23841.000
402.065 23626.000
402.325 23815.000
402.584 23830.000
402.844 23754.000
403.103 23362.000
403.363 23328.000
403.622 23273.000
403.882 23530.000
404.141 23423.000
404.401 23326.000
404.660 23206.000
404.926 23102.000
405.193 22975.000
405.459 22978.000
405.726 22748.000
405.992 22737.000
406.259 22889.000
406.525 22942.000
406.792 22677.000
407.058 22735.000
407.325 22723.000
407.591 22571.000
407.858 22481.000
408.124 22575.000
408.391 22393.000
408.657 22394.000
408.924 22348.000
409.190 22240.000
409.457 22197.000
409.723 22059.000
409.990 22256.000
410.256 22061.000
410.523 21761.000
410.789 21879.000
411.056 21673.000
411.322 21473.000
411.589 21503.000
411.855 21480.000
412.122 21648.000
412.388 21520.000
412.655 21412.000
412.921 21151.000
413.188 21279.000
413.454 21244.000
413.721 20876.000
413.987 21022.000
414.254 20949.000
414.520 20824.000
414.787 20856.000
415.053 20761.000
415.320 20800.000
415.586 20734.000
415.853 20669.000
416.119 20787.000
416.386 20605.000
416.652 20426.000
416.919 20333.000
417.185 20188.000
417.452 20180.000
417.718 20274.000
417.985 20027.000
418.251 19686.000
418.518 19963.000
418.784 19909.000
419.051 19874.000
419.317 19658.000
419.584 19565.000
419.850 19615.000
420.117 19373.000
420.383 19388.000
420.650 19338.000
420.916 19079.000
421.183 19065.000
421.449 19065.000
421.716 19044.000
421.982 18937.000
422.249 19080.000
422.515 18805.000
422.782 18691.000
423.048 18712.000
423.315 18662.000
423.581 18651.000
423.848 18887.000
424.114 18569.000
424.381 18342.000
424.647 18432.000
424.914 18390.000
425.180 18371.000
425.447 18152.000
425.713 18071.000
425.980 18092.000
426.246 18107.000
426.513 17866.000
426.779 17904.000
427.046 17989.000
427.312 17877.000
427.579 17611.000
427.845 17939.000
428.112 17865.000
428.378 17701.000
428.645 17662.000
428.911 17439.000
429.178 17491.000
429.444 17540.000
429.711 17484.000
429.977 17224.000
430.244 17277.000
430.510 17329.000
430.777 17036.000
431.043 17137.000
431.310 17226.000
431.576 17229.000
431.843 17226.000
432.109 16946.000
432.376 16766.000
432.642 16857.000
432.909 16769.000
433.175 16659.000
433.442 16466.000
433.708 16630.000
433.975 16785.000
434.241 16503.000
434.508 16449.000
434.774 16573.000
435.041 16502.000
435.307 16334.000
435.574 16102.000
435.840 16244.000
436.110 16312.000
436.379 15950.000
436.649 15959.000
436.918 15915.000
437.188 15935.000
437.457 16005.000
437.727 15712.000
437.996 15664.000
438.266 15505.000
438.535 15539.000
438.805 15661.000
439.074 15522.000
439.344 15568.000
439.613 15468.000
439.883 15365.000
440.152 15155.000
440.422 15265.000
440.691 15126.000
440.961 14970.000
441.230 14876.000
441.500 14918.000
441.769 14901.000
442.039 14813.000
442.308 14607.000
442.578 14604.000
442.847 14487.000
443.117 14331.000
443.386 14336.000
443.656 14424.000
443.925 14374.000
444.195 14117.000
444.464 14263.000
444.734 14349.000
445.003 14227.000
445.273 14100.000
445.542 14113.000
445.812 13955.000
446.081 14002.000
446.351 14083.000
446.620 14036.000
446.890 13983.000
447.159 13797.000
447.429 13594.000
447.698 13406.000
447.968 13351.000
448.238 13446.000
448.507 13504.000
448.777 13628.000
449.046 13414.000
449.316 13225.000
449.585 13200.000
449.855 13359.000
450.124 13270.000
450.394 13080.000
450.663 13069.000
450.933 13170.000
451.202 13042.000
451.472 13011.000
451.741 12976.000
452.011 12689.000
452.280 12552.000
452.550 12453.000
452.819 12761.000
453.089 12541.000
453.358 12693.000
453.628 12494.000
453.897 12405.000
454.167 12407.000
454.436 12387.000
454.706 12457.000
454.975 12286.713
455.245 12284.715
455.514 12289.421
455.784 12194.611
456.053 12165.503
456.323 12114.656
456.592 12062.749
456.862 12103.586
457.131 12067.729
457.401 11896.414
457.670 11708.167
457.940 11702.191
458.209 11725.100
458.479 11597.610
458.748 11626.494
459.018 11521.912
459.287 11575.697
459.557 11562.749
459.826 11398.406
460.096 11399.402
460.366 11344.622
460.635 11282.154
460.905 11299.103
461.174 11323.353
461.444 11308.691
461.713 11130.869
461.983 11145.000
462.252 10891.892
462.522 10954.910
462.791 10982.949
463.061 10933.735
463.330 10935.678
463.600 10875.252
463.869 10917.422
464.139 10770.393
464.408 10806.452
464.678 10745.711
464.947 10494.450
465.217 10562.626
465.486 10537.917
465.756 10668.016
466.025 10451.874
466.295 10378.926
466.564 10322.515
466.834 10361.055
467.103 10418.274
467.373 10357.724
467.642 10321.465
467.912 10315.361
468.181 10354.379
468.451 9962.283
468.720 9916.412
468.990 10006.122
469.259 10036.735
469.529 10007.150
469.798 9937.692
470.068 9813.075
470.337 9660.878
470.607 9604.699
470.876 9530.133
471.146 9549.540
471.415 9585.714
471.685 9616.327
471.954 9476.531
472.224 9256.122
472.493 9166.327
472.763 9263.265
473.033 9211.224
473.302 9082.653
473.572 9103.061
473.841 9160.041
474.111 9071.356
474.380 8849.134
474.650 8825.688
474.919 8881.753
475.189 8621.181
475.458 8698.574
475.728 8693.483
475.997 8614.446
476.267 8525.941
476.536 8529.472
476.806 8413.198
477.075 8554.315
477.345 8443.205
477.614 8320.487
477.884 8387.031
478.153 8391.084
478.423 8232.016
478.692 8155.870
478.962 7996.964
479.231 8040.445
479.501 7952.477
479.770 7897.980
480.040 7891.919
480.309 7853.683
480.579 7929.435
480.848 7880.040
481.118 7645.519
481.387 7678.068
481.657 7712.563
481.926 7696.787
482.196 7596.386
482.465 7704.112
482.735 7624.875
483.004 7496.994
483.274 7402.806
483.543 7493.493
483.813 7400.000
484.082 7287.000
484.352 7225.774
484.621 7298.701
484.891 7227.545
485.161 7137.725
485.430 7099.701
485.700 6998.006
485.969 6904.382
486.239 7048.805
486.508 6934.263
486.778 6770.916
487.047 6750.996
487.317 6676.617
487.586 6758.209
487.856 6764.179
488.125 6817.910
488.395 6821.891
488.664 6677.612
488.934 6787.065
489.203 6749.004
489.473 6559.761
489.742 6480.080
490.012 6526.421
490.281 6424.726
490.551 6437.687
490.820 6510.978
491.090 6499.002
491.359 6445.554
491.629 6381.618
491.898 6398.601
492.168 6183.816
492.437 6050.000
492.707 6123.000
492.976 6108.108
493.246 6027.054
493.515 6180.542
493.785 6151.454
494.054 6087.349
494.324 6047.236
494.593 5883.417
494.863 5932.596
495.132 5921.450
495.402 5959.677
495.671 5787.298
495.941 5735.621
496.210 5883.838
496.480 5717.897
496.749 5833.165
497.019 5798.583
497.289 5819.838
497.558 5676.798
497.828 5579.108
498.097 5588.832
498.367 5691.057
498.636 5554.878
498.906 5496.439
499.175 5430.315
499.445 5443.992
499.714 5319.756
499.984 5254.842
500.253 5210.204
500.523 5150.000
500.792 5343.207
501.062 5348.315
501.331 5395.301
501.601 5268.916
501.870 5183.027
502.140 5150.307
502.409 5114.637
502.679 5068.577
502.948 4917.093
503.218 4992.828
503.487 5114.754
503.757 5005.128
504.026 4924.103
504.296 4798.974
504.565 4757.949
504.835 4693.333
505.104 4718.686
505.374 4810.062
505.643 4849.076
505.913 4836.588
506.182 4628.983
506.452 4601.233
506.721 4685.509
506.991 4705.761
507.260 4557.613
507.530 4585.391
507.799 4492.798
508.069 4370.370
508.338 4445.015
508.608 4360.370
508.877 4358.316
509.147 4339.487
509.416 4182.377
509.686 4203.476
509.956 4217.569
510.225 4189.796
510.495 4135.438
510.764 4138.352
511.034 4171.574
511.303 4144.883
511.573 4042.510
511.842 3929.293
512.112 3998.992
512.381 3935.614
512.651 3915.663
512.920 3974.950
513.190 3821.179
513.459 3572.283
513.729 3693.837
513.998 3761.905
514.268 3715.842
514.537 3823.297
514.807 3895.567
515.076 3784.661
515.346 3672.549
515.615 3644.184
515.885 3694.634
516.154 3625.122
516.424 3630.709
516.693 3680.892
516.963 3572.120
517.232 3484.058
517.502 3444.123
517.771 3373.077
518.041 3390.010
518.310 3405.561
518.580 3477.011
518.849 3354.685
519.119 3435.530
519.388 3394.084
519.658 3347.950
519.927 3284.762
520.197 3215.985
520.466 3250.000
520.736 3212.928
521.005 3185.185
521.275 3263.058
521.544 3183.286
521.814 3127.255
522.084 3179.487
522.353 3144.349
522.623 3116.809
522.892 3133.903
523.162 3104.463
523.431 3074.144
523.701 2928.707
523.970 2903.901
524.240 2918.173
524.509 2990.476
524.779 2825.714
525.048 2803.622
525.318 2865.586
525.587 2858.779
525.857 2836.676
526.126 2907.354
526.396 2891.013
526.665 2922.488
526.935 2811.303
527.204 2777.565
527.474 2864.683
527.743 2726.225
528.013 2708.654
528.282 2736.285
528.552 2695.568
528.821 2697.203
529.091 2741.313
529.360 2550.725
529.630 2470.986
529.899 2612.778
530.169 2700.871
530.438 2670.543
530.708 2626.576
530.977 2572.816
531.247 2551.456
531.516 2522.838
531.786 2535.992
532.055 2429.406
532.325 2415.205
532.594 2485.854
532.864 2424.805
533.133 2379.277
533.403 2357.143
533.672 2422.701
533.942 2503.922
534.212 2455.348
534.481 2369.352
534.751 2250.491
535.020 2319.567
535.290 2197.835
535.559 2185.039
535.829 2293.596
536.098 2279.093
536.368 2268.509
536.637 2205.331
536.907 2156.126
537.176 2163.043
537.446 2183.794
537.715 2145.401
537.985 2097.923
538.254 2074.257
538.524 2047.525
538.793 2142.574
539.063 2020.792
539.332 2033.697
539.602 2176.412
539.871 2120.912
540.141 2002.973
540.410 1957.384
540.680 1905.847
540.949 2040.634
541.219 1995.045
541.488 2068.385
541.758 2029.732
542.027 1926.660
542.297 1969.307
542.566 1853.465
542.836 1874.257
543.105 1994.059
543.375 1976.238
543.644 1858.416
543.914 1853.610
544.183 1785.361
544.453 1887.240
544.722 1859.545
544.992 1778.437
545.261 1686.759
545.531 1724.308
545.800 1758.893
546.070 1687.068
546.346 1694.280
546.622 1674.877
546.897 1733.268
547.173 1748.279
547.449 1596.853
547.725 1638.507
548.001 1661.433
548.276 1680.392
548.552 1582.353
548.828 1542.605
549.104 1623.898
549.380 1502.935
549.655 1561.644
549.931 1555.230
550.207 1452.148
550.483 1470.703
550.759 1583.415
551.034 1532.164
551.310 1440.546
551.586 1383.642
551.862 1457.644
552.138 1500.000
552.413 1421.206
552.689 1391.642
552.965 1345.967
553.241 1264.334
553.517 1354.369
553.793 1450.485
554.068 1364.078
554.344 1378.641
554.620 1462.658
554.896 1361.785
555.172 1237.633
555.447 1304.559
555.723 1264.791
555.999 1276.431
556.275 1237.633
556.551 1257.032
556.826 1234.724
557.102 1265.761
557.378 1240.543
557.654 1271.845
557.930 1257.282
558.205 1145.631
558.481 1182.524
558.757 1193.392
559.033 1144.801
559.309 1240.039
559.584 1267.250
559.860 1240.272
560.136 1179.961
560.412 1168.288
560.688 1129.503
560.963 1081.792
561.239 1218.324
561.515 1147.173
561.791 1134.503
562.067 1156.920
562.342 1070.244
562.618 1069.268
562.894 1087.891
563.170 1156.250
563.446 1043.945
563.721 966.764
563.997 1021.505
564.273 1136.008
564.549 1092.067
564.825 1014.691
565.100 1107.738
565.376 1099.020
565.652 1008.824
565.928 906.771
566.204 874.387
566.479 871.316
566.755 843.811
567.031 896.755
567.307 1033.432
567.583 963.583
567.858 1018.701
568.134 934.055
568.410 776.355
568.686 886.700
568.962 811.637
569.237 927.022
569.513 853.899
569.789 882.527
570.065 856.719
570.341 818.182
570.617 765.810
570.892 769.535
571.168 820.792
571.444 784.158
571.720 717.822
571.996 769.307
572.271 748.266
572.547 781.962
572.823 801.587
573.099 702.381
573.375 752.976
573.650 835.317
573.926 706.058
574.202 697.120
574.478 660.377
574.754 659.384
575.029 660.040
575.305 726.640
575.581 635.189
575.857 547.714
576.133 570.577
576.408 635.189
576.684 632.207
576.960 710.736
577.239 694.831
577.517 638.171
577.796 709.742
578.075 656.064
578.354 528.302
578.632 648.461
578.911 683.217
579.190 607.746
579.469 556.548
579.747 487.103
580.026 508.929
580.305 498.016
580.584 513.380
580.862 595.639
581.141 532.210
581.420 419.802
581.699 405.941
581.977 445.104
582.256 490.603
582.535 490.119
582.814 487.154
583.092 394.867
583.371 394.867
583.650 471.400
583.929 481.262
584.207 455.172
584.486 468.966
584.765 497.047
585.043 441.495
585.322 472.960
585.601 506.876
585.880 426.326
586.158 394.504
586.437 456.330
586.716 450.980
586.995 380.020
587.273 384.540
587.552 355.816
587.831 284.180
588.110 306.341
588.388 243.665
588.667 248.296
588.946 231.518
589.225 289.320
589.503 295.829
589.782 201.550
590.061 187.803
590.340 270.793
590.618 355.556
590.897 455.598
591.176 310.511
591.455 315.029
591.733 300.289
592.012 269.231
592.291 267.051
592.570 172.745
592.848 194.631
593.127 196.360
593.406 192.344
593.684 195.985
593.963 169.054
594.242 200.382
594.521 169.685
594.799 174.286
595.078 147.479
595.357 106.464
595.636 101.711
595.914 143.400
596.193 139.469
596.472 114.801
596.751 147.867
597.029 133.649
597.308 150.711
597.587 121.327
597.866 43.602
598.144 48.387
598.423 37.951
598.702 53.181
598.981 14.272
599.259 40.952
599.538 87.703
599.817 52.531
600.096 7.663
600.374 112.284
600.653 65.385
600.932 23.144
601.210 0.000
601.489 55.233
601.768 69.971
602.047 55.556
602.325 0.000
602.604 11.765
602.883 8.850
603.162 0.000
603.440 0.000
603.719 0.000
603.998 0.000
604.277 0.000
604.555 0.000
604.834 0.000
605.113 0.000
605.392 0.000
605.670 0.000
605.949 0.000
606.228 0.000
606.507 0.000
606.785 0.000
607.064 0.000
607.343 0.000
607.622 0.000
607.900 0.000
608.179 0.000
608.458 0.000
608.736 0.000
609.015 0.000
609.294 0.000
609.573 0.000
609.851 0.000
610.130 0.000
610.409 0.000
610.688 0.000
610.966 0.000
611.245 0.000
611.524 0.000
611.803 0.000
612.081 0.000
612.360 0.000
612.639 0.000
612.918 0.000
613.196 0.000
613.475 0.000
613.754 0.000
614.033 0.000
614.311 0.000
614.590 0.000
614.869 0.000
615.148 0.000
615.426 0.000
615.705 0.000
615.984 0.000
616.263 0.000
616.541 0.000
616.820 0.000
617.099 0.000
617.377 0.000
617.656 0.000
617.935 0.000
618.214 0.000
618.492 0.000
618.771 0.000
619.050 0.000
619.329 0.000
619.607 0.000
619.886 0.000
620.165 0.000
620.444 0.000
620.722 0.000
621.001 0.000
621.280 0.000
621.559 0.000
621.837 0.000
622.116 0.000
622.395 0.000
622.674 0.000
622.952 0.000
623.231 0.000
623.510 0.000
623.789 0.000
624.067 0.000
624.346 0.000
624.625 0.000
624.904 0.000
625.182 0.000
625.461 0.000
625.740 0.000
626.018 0.000
626.297 0.000
626.576 0.000
626.855 0.000
627.133 0.000
627.412 0.000
627.691 0.000
627.970 0.000
628.248 0.000
628.527 0.000
628.806 0.000
629.085 0.000
629.363 0.000
629.642 0.000
629.921 0.000
630.200 0.000
630.478 0.000
630.757 0.000
631.036 0.000
631.315 0.000
631.593 0.000
631.872 0.000
632.151 0.000
632.430 0.000
632.708 0.000
632.987 0.000
633.266 0.000
633.544 0.000
633.823 0.000
634.102 0.000
634.381 0.000
634.659 0.000
634.938 0.000
635.217 0.000
635.496 0.000
635.774 0.000
636.053 0.000
636.332 0.000
636.611 0.000
636.889 0.000
637.168 0.000
637.447 0.000
637.726 0.000
638.004 0.000
638.283 0.000
638.562 0.000
638.841 0.000
639.119 0.000
639.398 0.000
639.677 0.000
639.956 0.000
640.234 0.000
640.513 0.000
640.792 0.000
641.070 0.000
641.349 0.000
641.628 0.000
641.907 0.000
642.185 0.000
642.464 0.000
642.743 0.000
643.022 0.000
643.300 0.000
643.579 0.000
643.858 0.000
644.137 0.000
644.415 0.000
644.694 0.000
644.973 0.000
645.252 0.000
645.530 0.000
645.809 0.000
646.088 0.000
646.367 0.000
646.645 0.000
646.924 0.000
647.203 0.000
647.482 0.000
647.760 0.000
648.039 0.000
648.318 0.000
648.596 0.000
648.875 0.000
649.154 0.000
649.433 0.000
649.711 0.000
649.990 0.000
650.269 0.000
650.548 0.000
650.826 0.000
651.105 0.000
651.384 0.000
651.663 0.000
651.941 0.000
652.220 0.000
652.499 0.000
652.778 0.000
653.056 0.000
653.335 0.000
653.614 0.000
653.893 0.000
654.171 0.000
654.450 0.000
654.729 0.000
655.008 0.000
655.286 0.000
655.565 0.000
655.844 0.000
656.123 0.000
656.401 0.000
656.680 0.000
656.959 0.000
657.237 0.000
657.516 0.000
657.795 0.000
658.074 0.000
658.352 0.000
658.631 0.000
658.910 0.000
659.189 0.000
659.467 0.000
659.746 0.000
660.025 0.000
660.304 0.000
660.582 0.000
660.861 0.000
661.140 0.000
661.419 0.000
661.697 0.000
661.976 0.000
662.255 0.000
662.534 0.000
662.812 0.000
663.091 0.000
663.370 0.000
663.649 0.000
663.927 0.000
664.206 0.000
664.485 0.000
664.764 0.000
665.042 0.000
665.321 0.000
665.600 0.000
665.878 0.000
666.157 0.000
666.436 0.000
666.715 0.000
666.993 0.000
667.272 0.000
667.551 0.000
667.830 0.000
668.108 0.000
668.387 0.000
668.666 0.000
668.945 0.000
669.223 0.000
669.502 0.000
669.781 0.000
670.060 0.000
670.338 0.000
670.617 0.000
670.896 0.000
671.175 0.000
671.453 0.000
671.732 0.000
672.011 0.000
672.290 0.000
672.568 0.000
672.847 0.000
673.126 0.000
673.404 0.000
673.683 0.000
673.962 0.000
674.241 0.000
674.519 0.000
674.798 0.000
675.077 0.000
675.356 0.000
675.634 0.000
675.913 0.000
676.192 0.000
676.471 0.000
676.749 0.000
677.028 0.000
677.307 0.000
677.586 0.000
677.864 0.000
678.143 0.000
678.422 0.000
678.701 0.000
678.979 0.000
679.258 0.000
679.537 0.000
679.816 0.000
680.094 0.000
680.373 0.000
680.652 0.000
680.930 0.000
681.209 0.000
681.488 0.000
681.767 0.000
682.045 0.000
682.324 0.000
682.603 0.000
682.882 0.000
683.160 0.000
683.439 0.000
683.718 0.000
683.997 0.000
684.275 0.000
684.554 0.000
684.833 0.000
685.112 0.000
685.390 0.000
685.669 0.000
685.948 0.000
686.227 0.000
686.505 0.000
686.784 0.000
687.063 0.000
687.342 0.000
687.620 0.000
687.899 0.000
688.178 0.000
688.457 0.000
688.735 0.000
689.014 0.000
689.293 0.000
689.571 0.000
689.850 0.000
690.129 0.000
690.408 0.000
690.686 0.000
690.965 0.000
691.244 0.000
691.523 0.000
691.801 0.000
692.080 0.000
692.359 0.000
692.638 0.000
692.916 0.000
693.195 0.000
693.474 0.000
693.753 0.000
694.031 0.000
694.310 0.000
694.589 0.000
694.868 0.000
695.146 0.000
695.425 0.000
695.704 0.000
695.983 0.000
696.261 0.000
696.540 0.000
696.825 0.000
697.110 0.000
697.395 0.000
697.680 0.000
697.965 0.000
698.250 0.000
698.535 0.000
698.819 0.000
699.104 0.000
699.389 0.000
699.674 0.000
699.959 0.000
700.244 0.000
700.529 0.000
700.814 0.000
701.099 0.000
701.384 0.000
701.669 0.000
701.954 0.000
702.239 0.000
702.524 0.000
702.809 0.000
703.094 0.000
703.378 0.000
703.663 0.000
703.948 0.000
704.233 0.000
704.518 0.000
704.803 0.000
705.088 0.000
705.373 0.000
705.658 0.000
705.943 0.000
706.228 0.000
706.513 0.000
706.798 0.000
707.083 0.000
707.368 0.000
707.653 0.000
707.937 0.000
708.222 0.000
708.507 0.000
708.792 0.000
709.077 0.000
709.362 0.000
709.647 0.000
709.932 0.000
710.217 0.000
710.502 0.000
710.787 0.000
711.072 0.000
711.357 0.000
711.642 0.000
711.927 0.000
712.211 0.000
712.496 0.000
712.781 0.000
713.066 0.000
713.351 0.000
713.636 0.000
713.921 0.000
714.206 0.000
714.491 0.000
714.776 0.000
715.061 0.000
715.346 0.000
715.631 0.000
715.916 0.000
716.201 0.000
716.486 0.000
716.770 0.000
717.055 0.000
717.340 0.000
717.625 0.000
717.910 0.000
718.195 0.000
718.480 0.000
718.765 0.000
719.050 0.000
719.335 0.000
719.620 0.000
719.905 0.000
720.190 0.000
720.475 0.000
720.760 0.000
721.045 0.000
721.329 0.000
721.614 0.000
721.899 0.000
722.184 0.000
722.469 0.000
722.754 0.000
723.039 0.000
723.324 0.000
723.609 0.000
723.894 0.000
724.179 0.000
724.464 0.000
724.749 0.000
725.034 0.000
725.319 0.000
725.603 0.000
725.888 0.000
726.173 0.000
726.458 0.000
726.743 0.000
727.028 0.000
727.313 0.000
727.598 0.000
727.883 0.000
728.168 0.000
728.453 0.000
728.738 0.000
729.023 0.000
729.308 0.000
729.593 0.000
729.878 0.000
730.162 0.000
730.447 0.000
730.732 0.000
731.017 0.000
731.302 0.000
731.587 0.000
731.872 0.000
732.157 0.000
732.442 0.000
732.727 0.000
733.012 0.000
733.297 0.000
733.582 0.000
733.867 0.000
734.152 0.000
734.437 0.000
734.721 0.000
735.006 0.000
735.291 0.000
735.576 0.000
735.861 0.000
736.146 0.000
736.431 0.000
736.716 0.000
737.001 0.000
737.286 0.000
737.571 0.000
737.856 0.000
738.141 0.000
738.426 0.000
738.711 0.000
738.995 0.000
739.280 0.000
739.565 0.000
739.850 0.000
740.135 0.000
740.420 0.000
740.705 0.000
740.990 0.000
741.275 0.000
741.560 0.000
741.845 0.000
742.130 0.000
742.415 0.000
742.700 0.000
742.985 0.000
743.270 0.000
743.554 0.000
743.839 0.000
744.124 0.000
744.409 0.000
744.694 0.000
744.979 0.000
745.264 0.000
745.549 0.000
745.834 0.000
746.119 0.000
746.404 0.000
746.689 0.000
746.974 0.000
747.259 0.000
747.544 0.000
747.829 0.000
748.113 0.000
748.398 0.000
748.683 0.000
748.968 0.000
749.253 0.000
749.538 0.000
749.823 0.000
750.108 0.000
750.393 0.000
750.678 0.000
750.963 0.000
751.248 0.000
751.533 0.000
751.818 0.000
752.103 0.000
752.387 0.000
752.672 0.000
752.957 0.000
753.242 0.000
753.527 0.000
753.812 0.000
754.097 0.000
754.382 0.000
754.667 0.000
754.952 0.000
755.237 0.000
755.522 0.000
755.807 0.000
756.092 0.000
756.377 0.000
756.662 0.000
756.946 0.000
757.231 0.000
757.516 0.000
757.801 0.000
758.086 0.000
758.371 0.000
758.656 0.000
758.941 0.000
759.226 0.000
759.511 0.000
759.796 0.000
760.081 0.000
760.366 0.000
760.651 0.000
760.936 0.000
761.221 0.000
761.505 0.000
761.790 0.000
762.075 0.000
762.360 0.000
762.645 0.000
762.930 0.000
763.215 0.000
763.500 0.000
763.791 0.000
764.082 0.000
764.373 0.000
764.664 0.000
764.955 0.000
765.247 0.000
765.538 0.000
765.829 0.000
766.120 0.000
766.411 0.000
766.702 0.000
766.993 0.000
767.284 0.000
767.575 0.000
767.866 0.000
768.157 0.000
768.449 0.000
768.740 0.000
769.031 0.000
769.322 0.000
769.613 0.000
769.904 0.000
770.195 0.000
770.486 0.000
770.777 0.000
771.068 0.000
771.359 0.000
771.651 0.000
771.942 0.000
772.233 0.000
772.524 0.000
772.815 0.000
773.106 0.000
773.397 0.000
773.688 0.000
773.979 0.000
774.270 0.000
774.561 0.000
774.853 0.000
775.144 0.000
775.435 0.000
775.726 0.000
776.017 0.000
776.308 0.000
776.599 0.000
776.890 0.000
777.181 0.000
777.472 0.000
777.763 0.000
778.055 0.000
778.346 0.000
778.637 0.000
778.928 0.000
779.219 0.000
779.510 0.000
779.801 0.000
780.092 0.000
780.383 0.000
780.674 0.000
780.965 0.000
781.257 0.000
781.548 0.000
781.839 0.000
782.130 0.000
782.421 0.000
782.712 0.000
783.003 0.000
783.294 0.000
783.585 0.000
783.876 0.000
784.167 0.000
784.459 0.000
784.750 0.000
785.041 0.000
785.332 0.000
785.623 0.000
785.914 0.000
786.205 0.000
786.496 0.000
786.787 0.000
787.078 0.000
787.369 0.000
787.661 0.000
787.952 0.000
788.243 0.000
788.534 0.000
788.825 0.000
789.116 0.000
789.407 0.000
789.698 0.000
789.989 0.000
790.280 0.000
790.571 0.000
790.863 0.000
791.154 0.000
791.445 0.000
791.736 0.000
792.027 0.000
792.318 0.000
792.609 0.000
792.900 0.000
793.191 0.000
793.482 0.000
793.773 0.000
794.065 0.000
794.356 0.000
794.647 0.000
794.938 0.000
795.229 0.000
795.520 0.000
795.811 0.000
796.102 0.000
796.393 0.000
796.684 0.000
796.975 0.000
797.267 0.000
797.558 0.000
797.849 0.000
798.140 0.000
798.431 0.000
798.722 0.000
799.013 0.000
799.304 0.000
799.595 0.000
799.886 0.000
800.177 0.000
800.469 0.000
800.760 0.000
801.051 0.000
801.342 0.000
801.633 0.000
801.924 0.000
802.215 0.000
802.506 0.000
802.797 0.000
803.088 0.000
803.379 0.000
803.671 0.000
803.962 0.000
804.253 0.000
804.544 0.000
804.835 0.000
805.126 0.000
805.417 0.000
805.708 0.000
805.999 0.000
806.290 0.000
806.581 0.000
806.873 0.000
807.164 0.000
807.455 0.000
807.746 0.000
808.037 0.000
808.328 0.000
808.619 0.000
808.910 0.000
809.201 0.000
809.492 0.000
809.783 0.000
810.075 0.000
810.366 0.000
810.657 0.000
810.948 0.000
811.239 0.000
811.530 0.000
811.821 0.000
812.112 0.000
812.404 0.000
812.695 0.000
812.986 0.000
813.277 0.000
813.569 0.000
813.860 0.000
814.151 0.000
814.442 0.000
814.734 0.000
815.025 0.000
815.316 0.000
815.607 0.000
815.899 0.000
816.190 0.000
816.481 0.000
816.772 0.000
817.064 0.000
817.355 0.000
817.646 0.000
817.937 0.000
818.229 0.000
818.520 0.000
818.811 0.000
819.102 0.000
819.394 0.000
819.685 0.000
819.976 0.000
820.267 0.000
820.559 0.000
820.850 0.000
821.141 0.000
821.432 0.000
821.723 0.000
822.015 0.000
822.306 0.000
822.597 0.000
822.888 0.000
823.180 0.000
823.471 0.000
823.762 0.000
824.053 0.000
824.345 0.000
824.636 0.000
824.927 0.000
825.218 0.000
825.510 0.000
825.801 0.000
826.092 0.000
826.383 0.000
826.675 0.000
826.966 0.000
827.257 0.000
827.548 0.000
827.840 0.000
828.131 0.000
828.422 0.000
828.713 0.000
829.005 0.000
829.296 0.000
829.587 0.000
829.878 0.000
830.170 0.000
830.461 0.000
830.752 0.000
831.043 0.000
831.335 0.000
831.626 0.000
831.917 0.000
832.208 0.000
832.499 0.000
832.791 0.000
833.082 0.000
833.373 0.000
833.664 0.000
833.956 0.000
834.247 0.000
834.538 0.000
834.829 0.000
835.121 0.000
835.412 0.000
835.703 0.000
835.994 0.000
836.286 0.000
836.577 0.000
836.868 0.000
837.159 0.000
837.451 0.000
837.742 0.000
838.033 0.000
838.324 0.000
838.616 0.000
838.907 0.000
839.198 0.000
839.489 0.000
839.781 0.000
840.072 0.000
840.363 0.000
840.654 0.000
840.946 0.000
841.237 0.000
841.528 0.000
841.819 0.000
842.110 0.000
842.402 0.000
842.693 0.000
842.984 0.000
843.275 0.000
843.567 0.000
843.858 0.000
844.149 0.000
844.440 0.000
844.732 0.000
845.023 0.000
845.314 0.000
845.605 0.000
845.897 0.000
846.188 0.000
846.479 0.000
846.770 0.000
847.062 0.000
847.353 0.000
847.644 0.000
847.935 0.000
848.227 0.000
848.518 0.000
848.809 0.000
849.100 0.000
849.392 0.000
849.683 0.000
849.974 0.000
850.265 0.000
850.557 0.000
850.848 0.000
851.139 0.000
851.430 0.000
851.721 0.000
852.013 0.000
852.304 0.000
852.595 0.000
852.886 0.000
853.178 0.000
853.469 0.000
853.760 0.000
854.051 0.000
854.343 0.000
854.634 0.000
854.925 0.000
855.216 0.000
855.508 0.000
855.799 0.000
856.090 0.000
856.381 0.000
856.673 0.000
856.964 0.000
857.255 0.000
857.546 0.000
857.838 0.000
858.129 0.000
858.420 0.000
858.711 0.000
859.003 0.000
859.294 0.000
859.585 0.000
859.876 0.000
860.168 0.000
860.459 0.000
860.750 0.000
861.041 0.000
861.333 0.000
861.624 0.000
861.915 0.000
862.206 0.000
862.497 0.000
862.789 0.000
863.080 0.000
863.371 0.000
863.662 0.000
863.954 0.000
864.245 0.000
864.536 0.000
864.827 0.000
865.119 0.000
865.410 0.000
865.701 0.000
865.992 0.000
866.284 0.000
866.575 0.000
866.866 0.000
867.157 0.000
867.449 0.000
867.740 0.000
868.031 0.000
868.322 0.000
868.614 0.000
868.905 0.000
869.196 0.000
869.487 0.000
869.779 0.000
870.070 0.000
870.361 0.000
870.652 0.000
870.944 0.000
871.235 0.000
871.526 0.000
871.817 0.000
872.109 0.000
872.400 0.000
872.691 0.000
872.982 0.000
873.273 0.000
873.565 0.000
873.856 0.000
874.147 0.000
874.438 0.000
874.730 0.000
875.021 0.000
875.312 0.000
875.603 0.000
875.895 0.000
876.186 0.000
876.477 0.000
876.768 0.000
877.060 0.000
877.351 0.000
877.642 0.000
877.933 0.000
878.225 0.000
878.516 0.000
878.807 0.000
879.098 0.000
879.390 0.000
879.681 0.000
879.972 0.000
880.263 0.000
880.555 0.000
880.846 0.000
881.137 0.000
881.428 0.000
881.720 0.000
882.011 0.000
882.302 0.000
882.593 0.000
882.884 0.000
883.176 0.000
883.467 0.000
883.758 0.000
884.049 0.000
884.341 0.000
884.632 0.000
884.923 0.000
885.214 0.000
885.506 0.000
885.797 0.000
886.088 0.000
886.379 0.000
886.671 0.000
886.962 0.000
887.253 0.000
887.544 0.000
887.836 0.000
888.127 0.000
888.418 0.000
888.709 0.000
889.001 0.000
889.292 0.000
889.583 0.000
889.874 0.000
890.166 0.000
890.457 0.000
890.748 0.000
891.039 0.000
891.331 0.000
891.622 0.000
891.913 0.000
892.204 0.000
892.495 0.000
892.787 0.000
893.078 0.000
893.369 0.000
893.660 0.000
893.952 0.000
894.243 0.000
894.534 0.000
894.825 0.000
895.117 0.000
895.408 0.000
895.699 0.000
895.990 0.000
896.282 0.000
896.573 0.000
896.864 0.000
897.155 0.000
897.447 0.000
897.738 0.000
898.029 0.000
898.320 0.000
898.612 0.000
898.903 0.000
899.194 0.000
899.485 0.000
899.777 0.000
900.068 0.000
900.359 0.000
900.650 0.000
900.942 0.000
901.233 0.000
901.524 0.000
901.815 0.000
902.106 0.000
902.398 0.000
902.689 0.000
902.980 0.000
903.271 0.000
903.563 0.000
903.854 0.000
904.145 0.000
904.436 0.000
904.728 0.000
905.019 0.000
905.310 0.000
905.601 0.000
905.893 0.000
906.184 0.000
906.475 0.000
906.766 0.000
907.058 0.000
907.349 0.000
907.640 0.000
907.931 0.000
908.223 0.000
908.514 0.000
908.805 0.000
909.096 0.000
909.388 0.000
909.679 0.000
909.970 0.000
910.261 0.000
910.553 0.000
910.844 0.000
911.135 0.000
911.426 0.000
911.718 0.000
912.009 0.000
912.300 0.000
912.599 0.000
912.898 0.000
913.196 0.000
913.495 0.000
913.794 0.000
914.093 0.000
914.391 0.000
914.690 0.000
914.989 0.000
915.288 0.000
915.586 0.000
915.885 0.000
916.184 0.000
916.483 0.000
916.782 0.000
917.080 0.000
917.379 0.000
917.678 0.000
917.977 0.000
918.275 0.000
918.574 0.000
918.873 0.000
919.172 0.000
919.471 0.000
919.769 0.000
920.068 0.000
920.367 0.000
920.666 0.000
920.964 0.000
921.263 0.000
921.562 0.000
921.861 0.000
922.159 0.000
922.458 0.000
922.757 0.000
923.056 0.000
923.355 0.000
923.653 0.000
923.952 0.000
924.251 0.000
924.550 0.000
924.848 0.000
925.147 0.000
925.446 0.000
925.745 0.000
926.043 0.000
926.342 0.000
926.641 0.000
926.940 0.000
927.239 0.000
927.537 0.000
927.836 0.000
928.135 0.000
928.434 0.000
928.732 0.000
929.031 0.000
929.330 0.000
929.629 0.000
929.927 0.000
930.226 0.000
930.525 0.000
930.824 0.000
931.123 0.000
931.421 0.000
931.720 0.000
932.019 0.000
932.318 0.000
932.616 0.000
932.915 0.000
933.214 0.000
933.513 0.000
933.812 0.000
934.110 0.000
934.409 0.000
934.708 0.000
935.007 0.000
935.305 0.000
935.604 0.000
935.903 0.000
936.202 0.000
936.500 0.000
936.799 0.000
937.098 0.000
937.397 0.000
937.696 0.000
937.994 0.000
938.293 0.000
938.592 0.000
938.891 0.000
939.189 0.000
939.488 0.000
939.787 0.000
940.086 0.000
940.384 0.000
940.683 0.000
940.982 0.000
941.281 0.000
941.580 0.000
941.878 0.000
942.177 0.000
942.476 0.000
942.775 0.000
943.073 0.000
943.372 0.000
943.671 0.000
943.970 0.000
944.268 0.000
944.567 0.000
944.866 0.000
945.165 0.000
945.464 0.000
945.762 0.000
946.061 0.000
946.360 0.000
946.659 0.000
946.957 0.000
947.256 0.000
947.555 0.000
947.854 0.000
948.153 0.000
948.451 0.000
948.750 0.000
949.049 0.000
949.348 0.000
949.646 0.000
949.945 0.000
950.244 0.000
950.543 0.000
950.841 0.000
951.140 0.000
951.439 0.000
951.738 0.000
952.037 0.000
952.335 0.000
952.634 0.000
952.933 0.000
953.232 0.000
953.530 0.000
953.829 0.000
954.128 0.000
954.427 0.000
954.725 0.000
955.024 0.000
955.323 0.000
955.622 0.000
955.921 0.000
956.219 0.000
956.518 0.000
956.817 0.000
957.116 0.000
957.414 0.000
957.713 0.000
958.012 0.000
958.311 0.000
958.610 0.000
958.908 0.000
959.207 0.000
959.506 0.000
959.805 0.000
960.103 0.000
960.402 0.000
960.701 0.000
961.000 0.000
961.298 0.000
961.597 0.000
961.896 0.000
962.195 0.000
962.494 0.000
962.792 0.000
963.091 0.000
963.390 0.000
963.689 0.000
963.987 0.000
964.286 0.000
964.585 0.000
964.884 0.000
965.182 0.000
965.481 0.000
965.780 0.000
966.075 0.000
966.370 0.000
966.666 0.000
966.961 0.000
967.256 0.000
967.551 0.000
967.847 0.000
968.142 0.000
968.437 0.000
968.732 0.000
969.028 0.000
969.323 0.000
969.618 0.000
969.913 0.000
970.208 0.000
970.504 0.000
970.799 0.000
971.094 0.000
971.389 0.000
971.685 0.000
971.980 0.000
972.275 0.000
972.570 0.000
972.866 0.000
973.161 0.000
973.456 0.000
973.751 0.000
974.047 0.000
974.342 0.000
974.637 0.000
974.932 0.000
975.227 0.000
975.523 0.000
975.818 0.000
976.113 0.000
976.408 0.000
976.704 0.000
976.999 0.000
977.294 0.000
977.589 0.000
977.885 0.000
978.180 0.000
978.475 0.000
978.770 0.000
979.066 0.000
979.361 0.000
979.656 0.000
979.951 0.000
980.246 0.000
980.542 0.000
980.837 0.000
981.132 0.000
981.427 0.000
981.723 0.000
982.018 0.000
982.313 0.000
982.608 0.000
982.904 0.000
983.199 0.000
983.494 0.000
983.789 0.000
984.084 0.000
984.380 0.000
984.675 0.000
984.970 0.000
985.265 0.000
985.561 0.000
985.856 0.000
986.151 0.000
986.446 0.000
986.742 0.000
987.037 0.000
987.332 0.000
987.627 0.000
987.923 0.000
988.218 0.000
988.513 0.000
988.808 0.000
989.103 0.000
989.399 0.000
989.694 0.000
989.989 0.000
990.284 0.000
990.580 0.000
990.875 0.000
991.170 0.000
991.465 0.000
991.761 0.000
992.056 0.000
992.351 0.000
992.646 0.000
992.942 0.000
993.237 0.000
993.532 0.000
993.827 0.000
994.122 0.000
994.418 0.000
994.713 0.000
995.008 0.000
995.303 0.000
995.599 0.000
995.894 0.000
996.189 0.000
996.484 0.000
996.780 0.000
997.075 0.000
997.370 0.000
997.665 0.000
997.960 0.000
998.256 0.000
998.551 0.000
998.846 0.000
999.141 0.000
999.437 0.000
999.732 0.000
1000.027 0.000
1000.322 0.000
1000.618 0.000
1000.913 0.000
1001.208 0.000
1001.503 0.000
1001.799 0.000
1002.094 0.000
1002.389 0.000
1002.684 0.000
1002.979 0.000
1003.275 0.000
1003.570 0.000
1003.865 0.000
1004.160 0.000
1004.456 0.000
1004.751 0.000
1005.046 0.000
1005.341 0.000
1005.637 0.000
1005.932 0.000
1006.227 0.000
1006.522 0.000
1006.817 0.000
1007.113 0.000
1007.408 0.000
1007.703 0.000
1007.998 0.000
1008.294 0.000
1008.589 0.000
1008.884 0.000
1009.179 0.000
1009.475 0.000
1009.770 0.000
1010.065 0.000
1010.360 0.000
1010.656 0.000
1010.951 0.000
1011.246 0.000
1011.541 0.000
1011.836 0.000
1012.132 0.000
1012.427 0.000
1012.722 0.000
1013.017 0.000
1013.313 0.000
1013.608 0.000
1013.903 0.000
1014.198 0.000
1014.494 0.000
1014.789 0.000
1015.084 0.000
1015.379 0.000
1015.674 0.000
1015.970 0.000
1016.265 0.000
1016.560 0.000
1016.855 0.000
1017.151 0.000
1017.446 0.000
1017.741 0.000
1018.036 0.000
1018.332 0.000
1018.627 0.000
1018.922 0.000
1019.217 0.000
1019.513 0.000
1019.808 0.000
1020.103 0.000
1020.398 0.000
1020.693 0.000
1020.989 0.000
1021.284 0.000
1021.579 0.000
1021.874 0.000
1022.170 0.000
1022.465 0.000
1022.760 0.000
1023.055 0.000
1023.351 0.000
1023.646 0.000
1023.941 0.000
1024.236 0.000
1024.532 0.000
1024.827 0.000
1025.122 0.000
1025.417 0.000
1025.712 0.000
1026.008 0.000
1026.303 0.000
1026.598 0.000
1026.893 0.000
1027.189 0.000
1027.484 0.000
1027.779 0.000
1028.074 0.000
1028.370 0.000
1028.665 0.000
1028.960 0.000
1029.255 0.000
1029.550 0.000
1029.846 0.000
1030.141 0.000
1030.436 0.000
1030.731 0.000
1031.027 0.000
1031.322 0.000
1031.617 0.000
1031.912 0.000
1032.208 0.000
1032.503 0.000
1032.798 0.000
1033.093 0.000
1033.389 0.000
1033.684 0.000
1033.979 0.000
1034.274 0.000
1034.569 0.000
1034.865 0.000
1035.160 0.000
1035.455 0.000
1035.750 0.000
1036.046 0.000
1036.341 0.000
1036.636 0.000
1036.931 0.000
1037.227 0.000
1037.522 0.000
1037.817 0.000
1038.112 0.000
1038.407 0.000
1038.703 0.000
1038.998 0.000
1039.293 0.000
1039.588 0.000
1039.884 0.000
1040.179 0.000
1040.474 0.000
1040.769 0.000
1041.065 0.000
1041.360 0.000
1041.655 0.000
1041.950 0.000
1042.246 0.000
1042.541 0.000
1042.836 0.000
1043.131 0.000
1043.426 0.000
1043.722 0.000
1044.017 0.000
1044.312 0.000
1044.607 0.000
1044.903 0.000
1045.198 0.000
1045.493 0.000
1045.788 0.000
1046.084 0.000
1046.379 0.000
1046.674 0.000
1046.969 0.000
1047.264 0.000
1047.560 0.000
1047.855 0.000
1048.150 0.000
1048.445 0.000
1048.741 0.000
1049.036 0.000
1049.331 0.000
1049.626 0.000
1049.922 0.000
1050.217 0.000
1050.512 0.000
1050.807 0.000
1051.103 0.000
1051.398 0.000
1051.693 0.000
1051.988 0.000
1052.283 0.000
1052.579 0.000
1052.874 0.000
1053.169 0.000
1053.464 0.000
1053.760 0.000
1054.055 0.000
1054.350 0.000
1054.645 0.000
1054.941 0.000
1055.236 0.000
1055.531 0.000
1055.826 0.000
1056.122 0.000
1056.417 0.000
1056.712 0.000
1057.007 0.000
1057.302 0.000
1057.598 0.000
1057.893 0.000
1058.188 0.000
1058.483 0.000
1058.779 0.000
1059.074 0.000
1059.369 0.000
1059.664 0.000
1059.960 0.000
1060.255 0.000
1060.550 0.000
1060.845 0.000
1061.140 0.000
1061.436 0.000
1061.731 0.000
1062.026 0.000
1062.321 0.000
1062.617 0.000
1062.912 0.000
1063.207 0.000
1063.502 0.000
1063.798 0.000
1064.093 0.000
1064.388 0.000
1064.683 0.000
1064.978 0.000
1065.274 0.000
1065.569 0.000
1065.864 0.000
1066.159 0.000
1066.455 0.000
1066.750 0.000
1067.045 0.000
1067.340 0.000
1067.636 0.000
1067.931 0.000
1068.226 0.000
1068.521 0.000
1068.817 0.000
1069.112 0.000
1069.407 0.000
1069.702 0.000
1069.997 0.000
1070.293 0.000
1070.588 0.000
1070.883 0.000
1071.178 0.000
1071.474 0.000
1071.769 0.000
1072.064 0.000
1072.359 0.000
1072.655 0.000
1072.950 0.000
1073.245 0.000
1073.540 0.000
1073.836 0.000
1074.131 0.000
1074.426 0.000
1074.721 0.000
1075.016 0.000
1075.312 0.000
1075.607 0.000
1075.902 0.000
1076.197 0.000
1076.493 0.000
1076.788 0.000
1077.083 0.000
1077.378 0.000
1077.674 0.000
1077.969 0.000
1078.264 0.000
1078.559 0.000
1078.854 0.000
1079.150 0.000
1079.445 0.000
1079.740 0.000
1080.035 0.000
1080.331 0.000
1080.626 0.000
1080.921 0.000
1081.216 0.000
1081.512 0.000
1081.807 0.000
1082.102 0.000
1082.397 0.000
1082.693 0.000
1082.988 0.000
1083.283 0.000
1083.578 0.000
1083.873 0.000
1084.169 0.000
1084.464 0.000
1084.759 0.000
1085.054 0.000
1085.350 0.000
1085.645 0.000
1085.940 0.000
1086.235 0.000
1086.531 0.000
1086.826 0.000
1087.121 0.000
1087.416 0.000
1087.711 0.000
1088.007 0.000
1088.302 0.000
1088.597 0.000
1088.892 0.000
1089.188 0.000
1089.483 0.000
1089.778 0.000
1090.073 0.000
1090.369 0.000
1090.664 0.000
1090.959 0.000
1091.254 0.000
1091.550 0.000
1091.845 0.000
1092.140 0.000
1092.452 0.000
1092.764 0.000
1093.076 0.000
1093.388 0.000
1093.700 0.000
1094.012 0.000
1094.324 0.000
1094.636 0.000
1094.948 0.000
1095.260 0.000
1095.572 0.000
1095.884 0.000
1096.196 0.000
1096.508 0.000
1096.820 0.000
1097.132 0.000
1097.444 0.000
1097.756 0.000
1098.068 0.000
1098.380 0.000
1098.692 0.000
1099.004 0.000
1099.316 0.000
1099.628 0.000
1099.940 0.000
1100.252 0.000
1100.564 0.000
1100.877 0.000
1101.189 0.000
1101.501 0.000
1101.813 0.000
1102.125 0.000
1102.437 0.000
1102.749 0.000
1103.061 0.000
1103.373 0.000
1103.685 0.000
1103.997 0.000
1104.309 0.000
1104.621 0.000
1104.933 0.000
1105.245 0.000
1105.557 0.000
1105.869 0.000
1106.181 0.000
1106.493 0.000
1106.805 0.000
1107.117 0.000
1107.429 0.000
1107.741 0.000
1108.053 0.000
1108.365 0.000
1108.677 0.000
1108.989 0.000
1109.301 0.000
1109.613 0.000
1109.925 0.000
1110.237 0.000
1110.549 0.000
1110.861 0.000
1111.173 0.000
1111.485 0.000
1111.797 0.000
1112.109 0.000
1112.421 0.000
1112.733 0.000
1113.045 0.000
1113.357 0.000
1113.669 0.000
1113.981 0.000
1114.293 0.000
1114.605 0.000
1114.917 0.000
1115.229 0.000
1115.541 0.000
1115.853 0.000
1116.165 0.000
1116.477 0.000
1116.789 0.000
1117.101 0.000
1117.413 0.000
1117.725 0.000
1118.037 0.000
1118.349 0.000
1118.662 0.000
1118.974 0.000
1119.286 0.000
1119.598 0.000
1119.910 0.000
1120.222 0.000
1120.534 0.000
1120.846 0.000
1121.158 0.000
1121.470 0.000
1121.782 0.000
1122.094 0.000
1122.406 0.000
1122.718 0.000
1123.030 0.000
1123.342 0.000
1123.654 0.000
1123.966 0.000
1124.278 0.000
1124.590 0.000
1124.902 0.000
1125.214 0.000
1125.526 0.000
1125.838 0.000
1126.150 0.000
1126.462 0.000
1126.774 0.000
1127.086 0.000
1127.398 0.000
1127.710 0.000
1128.022 0.000
1128.334 0.000
1128.646 0.000
1128.958 0.000
1129.270 0.000
1129.582 0.000
1129.894 0.000
1130.206 0.000
1130.518 0.000
1130.830 0.000
1131.142 0.000
1131.454 0.000
1131.766 0.000
1132.078 0.000
1132.390 0.000
1132.702 0.000
1133.014 0.000
1133.326 0.000
1133.638 0.000
1133.950 0.000
1134.262 0.000
1134.574 0.000
1134.886 0.000
1135.198 0.000
1135.510 0.000
1135.822 0.000
1136.134 0.000
1136.447 0.000
1136.759 0.000
1137.071 0.000
1137.383 0.000
1137.695 0.000
1138.007 0.000
1138.319 0.000
1138.631 0.000
1138.943 0.000
1139.255 0.000
1139.567 0.000
1139.879 0.000
1140.191 0.000
1140.503 0.000
1140.815 0.000
1141.127 0.000
1141.439 0.000
1141.751 0.000
1142.063 0.000
1142.375 0.000
1142.687 0.000
1142.999 0.000
1143.311 0.000
1143.623 0.000
1143.935 0.000
1144.247 0.000
1144.559 0.000
1144.871 0.000
1145.183 0.000
1145.495 0.000
1145.807 0.000
1146.119 0.000
1146.431 0.000
1146.743 0.000
1147.055 0.000
1147.367 0.000
1147.679 0.000
1147.991 0.000
1148.303 0.000
1148.615 0.000
1148.927 0.000
1149.239 0.000
1149.551 0.000
1149.863 0.000
1150.175 0.000
1150.487 0.000
1150.799 0.000
1151.111 0.000
1151.423 0.000
1151.735 0.000
1152.047 0.000
1152.359 0.000
1152.671 0.000
1152.983 0.000
1153.295 0.000
1153.607 0.000
1153.920 0.000
1154.232 0.000
1154.544 0.000
1154.856 0.000
1155.168 0.000
1155.480 0.000
1155.792 0.000
1156.104 0.000
1156.416 0.000
1156.728 0.000
1157.040 0.000
1157.352 0.000
1157.664 0.000
1157.976 0.000
1158.288 0.000
1158.600 0.000
1158.912 0.000
1159.224 0.000
1159.536 0.000
1159.848 0.000
1160.160 0.000
1160.472 0.000
1160.784 0.000
1161.096 0.000
1161.408 0.000
1161.720 0.000
1162.032 0.000
1162.344 0.000
1162.656 0.000
1162.968 0.000
1163.280 0.000
1163.592 0.000
1163.904 0.000
1164.216 0.000
1164.528 0.000
1164.840 0.000
1165.152 0.000
1165.464 0.000
1165.776 0.000
1166.088 0.000
1166.400 0.000
1166.712 0.000
1167.024 0.000
1167.336 0.000
1167.648 0.000
1167.960 0.000
1168.272 0.000
1168.584 0.000
1168.896 0.000
1169.208 0.000
1169.520 0.000
1169.832 0.000
1170.144 0.000
1170.456 0.000
1170.768 0.000
1171.080 0.000
1171.392 0.000
1171.705 0.000
1172.017 0.000
1172.329 0.000
1172.641 0.000
1172.953 0.000
1173.265 0.000
1173.577 0.000
1173.889 0.000
1174.201 0.000
1174.513 0.000
1174.825 0.000
1175.137 0.000
1175.449 0.000
1175.761 0.000
1176.073 0.000
1176.385 0.000
1176.697 0.000
1177.009 0.000
1177.321 0.000
1177.633 0.000
1177.945 0.000
1178.257 0.000
1178.569 0.000
1178.881 0.000
1179.193 0.000
1179.505 0.000
1179.817 0.000
1180.129 0.000
1180.441 0.000
1180.753 0.000
1181.065 0.000
1181.377 0.000
1181.689 0.000
1182.001 0.000
1182.313 0.000
1182.625 0.000
1182.937 0.000
1183.249 0.000
1183.561 0.000
1183.873 0.000
1184.185 0.000
1184.497 0.000
1184.809 0.000
1185.121 0.000
1185.433 0.000
1185.745 0.000
1186.057 0.000
1186.369 0.000
1186.681 0.000
1186.993 0.000
1187.305 0.000
1187.617 0.000
1187.929 0.000
1188.241 0.000
1188.553 0.000
1188.865 0.000
1189.178 0.000
1189.490 0.000
1189.802 0.000
1190.114 0.000
1190.426 0.000
1190.738 0.000
1191.050 0.000
1191.362 0.000
1191.674 0.000
1191.986 0.000
1192.298 0.000
1192.610 0.000
1192.922 0.000
1193.234 0.000
1193.546 0.000
1193.858 0.000
1194.170 0.000
1194.482 0.000
1194.794 0.000
1195.106 0.000
1195.418 0.000
1195.730 0.000
1196.042 0.000
1196.354 0.000
1196.666 0.000
1196.978 0.000
1197.290 0.000
1197.602 0.000
1197.914 0.000
1198.226 0.000
1198.538 0.000
1198.850 0.000
1199.162 0.000
1199.474 0.000
1199.786 0.000
1200.098 0.000
