177.811 0.000
178.065 0.000
178.318 0.000
178.572 0.000
178.826 0.000
179.079 0.000
179.333 0.000
179.587 0.000
179.840 0.000
180.094 0.000
180.347 0.000
180.601 0.000
180.855 0.000
181.108 0.000
181.362 0.000
181.616 0.000
181.869 0.000
182.123 0.000
182.377 0.000
182.630 0.000
182.884 0.000
183.137 0.000
183.391 0.000
183.645 0.000
183.898 0.000
184.152 0.000
184.406 0.000
184.659 0.000
184.913 0.000
185.167 0.000
185.420 0.000
185.674 0.000
185.928 0.000
186.181 0.000
186.435 0.000
186.688 0.000
186.942 0.000
187.196 0.000
187.449 0.000
187.703 0.000
187.957 0.000
188.210 0.000
188.464 0.000
188.718 0.000
188.971 0.000
189.225 0.000
189.479 0.000
189.732 0.000
189.986 0.000
190.239 0.000
190.493 0.000
190.747 0.000
191.000 0.000
191.254 0.000
191.508 0.000
191.761 0.000
192.015 0.000
192.269 0.000
192.522 0.000
192.776 0.000
193.030 0.000
193.283 0.000
193.537 0.000
193.790 0.000
194.044 0.000
194.298 0.000
194.551 0.000
194.805 0.000
195.059 0.000
195.312 0.000
195.566 0.000
195.820 0.000
196.073 0.000
196.327 0.000
196.581 0.000
196.834 0.000
197.088 0.000
197.341 0.000
197.595 0.000
197.849 0.000
198.102 0.000
198.356 0.000
198.610 0.000
198.863 0.000
199.117 0.000
199.371 0.000
199.624 0.000
199.878 0.000
200.132 0.000
200.385 0.000
200.639 0.000
200.892 0.000
201.146 0.000
201.400 0.000
201.653 0.000
201.907 0.000
202.161 0.000
202.414 0.000
202.668 0.000
202.922 0.000
203.175 0.000
203.429 0.000
203.683 0.000
203.936 0.000
204.190 0.000
204.443 0.000
204.697 0.000
204.951 0.000
205.204 0.000
205.458 0.000
205.712 0.000
205.965 0.000
206.219 0.000
206.473 0.000
206.726 0.000
206.980 0.000
207.233 0.000
207.487 0.000
207.741 0.000
207.994 0.000
208.248 0.000
208.502 0.000
208.755 0.000
209.009 0.000
209.263 0.000
209.516 0.000
209.770 0.000
210.024 0.000
210.277 0.000
210.531 0.000
210.784 0.000
211.038 0.000
211.292 0.000
211.545 0.000
211.799 0.000
212.053 0.000
212.306 0.000
212.560 0.000
212.814 0.000
213.067 0.000
213.321 0.000
213.575 0.000
213.828 0.000
214.082 0.000
214.335 0.000
214.589 0.000
214.843 0.000
215.096 0.000
215.350 0.000
215.604 0.000
215.857 0.000
216.111 0.000
216.365 0.000
216.618 0.000
216.872 0.000
217.126 0.000
217.379 0.000
217.633 0.000
217.886 0.000
218.140 0.000
218.394 0.000
218.647 0.000
218.901 0.000
219.155 0.000
219.408 0.000
219.662 0.000
219.916 0.000
220.169 0.000
220.423 0.000
220.677 0.000
220.930 0.000
221.184 0.000
221.437 0.000
221.691 0.000
221.945 0.000
222.198 0.000
222.452 0.000
222.706 0.000
222.959 0.000
223.213 0.000
223.467 0.000
223.720 0.000
223.974 0.000
224.228 0.000
224.481 0.000
224.735 0.000
224.988 0.000
225.242 0.000
225.496 0.000
225.749 0.000
226.003 0.000
226.257 0.000
226.510 0.000
226.764 0.000
227.018 0.000
227.271 0.000
227.525 0.000
227.779 0.000
228.032 0.000
228.286 0.000
228.539 0.000
228.793 0.000
229.047 0.000
229.300 0.000
229.554 0.000
229.808 0.000
230.061 0.000
230.315 0.000
230.569 0.000
230.822 0.000
231.076 0.000
231.330 0.000
231.583 0.000
231.837 0.000
232.090 0.000
232.344 0.000
232.598 0.000
232.851 0.000
233.105 0.000
233.359 0.000
233.612 0.000
233.866 0.000
234.120 0.000
234.373 0.000
234.627 0.000
234.880 0.000
235.134 0.000
235.388 0.000
235.641 0.000
235.895 0.000
236.149 0.000
236.402 0.000
236.656 0.000
236.910 0.000
237.163 0.000
237.417 0.000
237.671 0.000
237.924 0.000
238.178 0.000
238.431 0.000
238.685 0.000
238.939 0.000
239.192 0.000
239.446 0.000
239.700 0.000
239.953 0.000
240.207 0.000
240.461 0.000
240.714 0.000
240.968 0.000
241.222 0.000
241.475 0.000
241.729 0.000
241.982 0.000
242.236 0.000
242.490 0.000
242.743 0.000
242.997 0.000
243.251 0.000
243.504 0.000
243.758 0.000
244.012 0.000
244.265 0.000
244.519 0.000
244.773 0.000
245.026 0.000
245.280 0.000
245.533 0.000
245.787 0.000
246.041 0.000
246.294 0.000
246.548 0.000
246.802 0.000
247.055 0.000
247.309 0.000
247.563 0.000
247.816 0.000
248.070 0.000
248.324 0.000
248.577 0.000
248.831 0.000
249.084 0.000
249.338 0.000
249.592 0.000
249.845 0.000
250.099 0.000
250.353 0.000
250.606 0.000
250.860 0.000
251.114 0.000
251.367 0.000
251.621 0.000
251.875 0.000
252.128 0.000
252.382 0.000
252.635 0.000
252.889 0.000
253.143 0.000
253.396 0.000
253.650 0.000
253.904 0.000
254.159 0.000
254.413 0.000
254.667 0.000
254.922 0.000
255.176 0.000
255.431 0.000
255.685 0.000
255.939 0.000
256.194 0.000
256.448 0.000
256.702 0.000
256.957 0.000
257.211 0.000
257.465 0.000
257.720 0.000
257.974 0.000
258.228 0.000
258.483 0.000
258.737 0.000
258.992 0.000
259.246 0.000
259.500 0.000
259.755 0.000
260.009 0.000
260.263 0.000
260.518 0.000
260.772 0.000
261.026 0.000
261.281 0.000
261.535 0.000
261.789 0.000
262.044 0.000
262.298 0.000
262.553 0.000
262.807 0.000
263.061 0.000
263.316 0.000
263.570 0.000
263.824 0.000
264.079 0.000
264.333 0.000
264.587 0.000
264.842 0.000
265.096 0.000
265.351 0.000
265.605 0.000
265.859 0.000
266.114 0.000
266.368 0.000
266.622 0.000
266.877 0.000
267.131 0.000
267.385 0.000
267.640 0.000
267.894 0.000
268.148 0.000
268.403 0.000
268.657 0.000
268.912 0.000
269.166 0.000
269.420 0.000
269.675 0.000
269.929 0.000
270.183 0.000
270.438 0.000
270.692 0.000
270.946 0.000
271.201 0.000
271.455 0.000
271.709 0.000
271.964 0.000
272.218 0.000
272.473 0.000
272.727 0.000
272.981 0.000
273.236 0.000
273.490 0.000
273.744 0.000
273.999 0.000
274.253 0.000
274.507 0.000
274.762 0.000
275.016 0.000
275.271 0.000
275.525 0.000
275.779 0.000
276.034 0.000
276.288 0.000
276.542 0.000
276.797 0.000
277.051 0.000
277.305 0.000
277.560 0.000
277.814 0.000
278.068 0.000
278.323 0.000
278.577 0.000
278.832 0.000
279.086 0.000
279.340 0.000
279.595 0.000
279.849 0.000
280.103 0.000
280.358 0.000
280.612 0.000
280.866 0.000
281.121 0.000
281.375 0.000
281.629 0.000
281.884 0.000
282.138 0.000
282.393 0.000
282.647 0.000
282.901 0.000
283.156 0.000
283.410 0.000
283.664 0.000
283.919 0.000
284.173 0.000
284.427 0.000
284.682 0.000
284.936 0.000
285.191 0.000
285.445 0.000
285.699 0.000
285.954 0.000
286.208 0.000
286.462 0.000
286.717 0.000
286.971 0.000
287.225 0.000
287.480 0.000
287.734 0.000
287.988 0.000
288.243 0.000
288.497 0.000
288.752 0.000
289.006 0.000
289.260 0.000
289.515 0.000
289.769 0.000
290.023 0.000
290.278 0.000
290.532 0.000
290.786 0.000
291.041 0.000
291.295 0.000
291.549 0.000
291.804 0.000
292.058 0.000
292.313 0.000
292.567 0.000
292.821 0.000
293.076 0.000
293.330 0.000
293.584 0.000
293.839 0.000
294.093 0.000
294.347 0.000
294.602 0.000
294.856 0.000
295.111 0.000
295.365 0.000
295.619 0.000
295.874 0.000
296.128 0.000
296.382 0.000
296.637 0.000
296.891 0.000
297.145 0.000
297.400 0.000
297.654 0.000
297.908 0.000
298.163 0.000
298.417 0.000
298.672 0.000
298.926 0.000
299.180 0.000
299.435 0.000
299.689 0.000
299.943 0.000
300.198 0.000
300.452 0.000
300.706 0.000
300.961 0.000
301.215 0.000
301.469 0.000
301.724 0.000
301.978 0.000
302.233 0.000
302.487 0.000
302.741 0.000
302.996 0.000
303.250 2.000
303.504 37.000
303.759 126.000
304.013 192.000
304.267 221.000
304.522 272.000
304.776 318.000
305.031 338.000
305.285 457.000
305.539 628.000
305.794 676.000
306.048 1024.000
306.302 1095.000
306.557 996.000
306.811 1154.000
307.065 1299.000
307.320 1331.000
307.574 1481.000
307.828 1580.000
308.083 1711.000
308.337 1883.000
308.592 2038.000
308.846 2096.000
309.100 2230.000
309.355 2178.000
309.609 2231.000
309.863 2451.000
310.118 2500.000
310.372 2536.000
310.626 2676.000
310.881 3182.000
311.135 3289.000
311.389 3241.000
311.644 3248.000
311.898 3321.000
312.153 3399.000
312.407 3626.000
312.661 3749.000
312.916 3722.000
313.170 3912.000
313.429 3947.000
313.688 4102.000
313.947 4202.000
314.206 4356.000
314.465 4488.000
314.724 4513.000
314.983 4669.000
315.242 4892.000
315.501 4929.000
315.760 5029.000
316.019 5190.000
316.278 5336.000
316.536 5509.000
316.795 5571.000
317.054 5736.000
317.313 6007.000
317.572 6009.000
317.831 6184.000
318.090 6216.000
318.349 6468.000
318.608 6673.000
318.867 6752.000
319.126 6808.000
319.385 6890.000
319.644 7068.000
319.903 7323.000
320.162 7532.000
320.421 7566.000
320.680 7773.000
320.939 7818.000
321.198 7879.000
321.457 8080.000
321.716 8138.000
321.975 8358.000
322.234 8665.000
322.493 8754.000
322.752 8837.000
323.010 9055.000
323.269 9164.000
323.528 9446.000
323.787 9572.000
324.046 9379.000
324.305 9640.000
324.564 10173.000
324.823 10140.000
325.082 10084.000
325.341 10311.000
325.600 10517.000
325.859 10712.000
326.118 10720.000
326.377 10852.000
326.636 10996.000
326.895 11220.000
327.154 11541.000
327.413 11725.000
327.672 11531.000
327.931 11745.000
328.190 12171.000
328.449 12328.000
328.708 12285.000
328.967 12405.000
329.226 12716.000
329.485 12686.000
329.743 12842.000
330.002 13157.000
330.261 13396.000
330.520 13434.000
330.779 13499.000
331.038 13702.000
331.297 13724.000
331.556 13830.000
331.815 14148.000
332.074 14280.000
332.333 14593.000
332.592 14644.000
332.851 14670.000
333.110 14631.000
333.369 14805.000
333.628 15023.000
333.887 15066.000
334.146 15217.000
334.405 15462.000
334.664 15751.000
334.923 15854.000
335.182 15884.000
335.441 15958.000
335.700 16112.000
335.959 16325.000
336.217 16387.000
336.476 16552.000
336.735 16621.000
336.994 16912.000
337.253 16989.000
337.512 17061.000
337.771 17206.000
338.030 17365.000
338.289 17548.000
338.548 17555.000
338.807 17701.000
339.066 17789.000
339.325 17695.000
339.584 18221.000
339.843 18292.000
340.102 18217.000
340.361 18225.000
340.620 18555.000
340.879 18617.000
341.138 18637.000
341.397 18631.000
341.656 18577.000
341.915 18941.000
342.174 19233.000
342.433 18954.000
342.691 19249.000
342.950 19560.000
343.209 19600.000
343.468 19664.000
343.727 19732.000
343.986 19738.000
344.245 19696.000
344.504 19957.000
344.763 20221.000
345.022 20243.000
345.281 20365.000
345.540 20317.000
345.799 20460.000
346.058 20699.000
346.317 20637.000
346.576 20819.000
346.835 20482.000
347.094 20517.000
347.353 20718.000
347.612 20805.000
347.871 20902.000
348.130 21090.000
348.389 21219.000
348.648 21324.000
348.907 21299.000
349.166 21400.000
349.424 21287.000
349.683 21286.000
349.942 21395.000
350.201 21652.000
350.460 21663.000
350.719 21770.000
350.978 21670.000
351.237 21944.000
351.496 22174.000
351.755 22167.000
352.014 22024.000
352.273 22123.000
352.532 22255.000
352.791 22297.000
353.050 22485.000
353.309 22412.000
353.568 22148.000
353.827 22202.000
354.086 22383.000
354.345 22622.000
354.604 22483.000
354.863 22338.000
355.122 22653.000
355.381 22648.000
355.640 22673.000
355.898 22880.000
356.157 22966.000
356.416 22786.000
356.675 22612.000
356.934 22896.000
357.193 22817.000
357.452 22589.000
357.711 22831.000
357.970 23159.000
358.229 22835.000
358.488 22922.000
358.747 22884.000
359.006 22875.000
359.265 22754.000
359.524 22939.000
359.783 22960.000
360.042 22962.000
360.301 22730.000
360.560 22827.000
360.819 23291.000
361.078 22915.000
361.337 22799.000
361.596 22913.000
361.855 23123.000
362.114 23065.000
362.372 23147.000
362.631 23031.000
362.890 22952.000
363.149 22918.000
363.408 23007.000
363.667 22981.000
363.926 22922.000
364.185 23150.000
364.444 23093.000
364.703 23199.000
364.962 23344.000
365.221 23296.000
365.480 23285.000
365.739 23209.000
365.999 23101.000
366.258 23015.000
366.518 23031.000
366.777 23278.000
367.037 23465.000
367.296 23413.000
367.556 23362.000
367.815 23478.000
368.075 23544.000
368.334 23505.000
368.594 23503.000
368.853 23337.000
369.113 23281.000
369.372 23529.000
369.632 23328.000
369.891 23420.000
370.150 23374.000
370.410 23531.000
370.669 23737.000
370.929 23748.000
371.188 23865.000
371.448 23732.000
371.707 23778.000
371.967 23759.000
372.226 23784.000
372.486 23776.000
372.745 23879.000
373.005 23604.000
373.264 23610.000
373.524 23634.000
373.783 23584.000
374.043 23818.000
374.302 23904.000
374.561 23734.000
374.821 23735.000
375.080 23766.000
375.340 23677.000
375.599 23667.000
375.859 23757.000
376.118 23750.000
376.378 23800.000
376.637 23711.000
376.897 23670.000
377.156 23810.000
377.416 23741.000
377.675 23752.000
377.935 23684.000
378.194 23733.000
378.454 23784.000
378.713 23939.000
378.972 23861.000
379.232 23740.000
379.491 23743.000
379.751 23573.000
380.010 23465.000
380.270 23417.000
380.529 23572.000
380.789 23588.000
381.048 23434.000
381.308 23353.000
381.567 23564.000
381.827 23789.000
382.086 23394.000
382.346 23321.000
382.605 23335.000
382.865 23384.000
383.124 23526.000
383.383 23525.000
383.643 23282.000
383.902 23334.000
384.162 23474.000
384.421 23423.000
384.681 23338.000
384.940 23353.000
385.200 23207.000
385.459 23314.000
385.719 23287.000
385.978 23348.000
386.238 23332.000
386.497 23248.000
386.757 22985.000
387.016 22930.000
387.276 23078.000
387.535 23286.000
387.794 23458.000
388.054 23155.000
388.313 22888.000
388.573 23089.000
388.832 22852.000
389.092 22894.000
389.351 22711.000
389.611 22632.000
389.870 23276.000
390.130 23216.000
390.389 22903.000
390.649 22929.000
390.908 22882.000
391.168 22785.000
391.427 22550.000
391.686 22654.000
391.946 22651.000
392.205 22625.000
392.465 22464.000
392.724 22559.000
392.984 22655.000
393.243 22617.000
393.503 22384.000
393.762 22450.000
394.022 22496.000
394.281 22231.000
394.541 22145.000
394.800 22324.000
395.060 22413.000
395.319 22260.000
395.579 21993.000
395.838 22053.000
396.097 22138.000
396.357 22130.000
396.616 21963.000
396.876 21980.000
397.135 22023.000
397.395 21824.000
397.654 21742.000
397.914 21977.000
398.173 21944.000
398.433 21779.000
398.692 21611.000
398.952 21564.000
399.211 21372.000
399.471 21678.000
399.730 21570.000
399.990 21346.000
400.249 21404.000
400.508 21504.000
400.768 21499.000
401.027 21396.000
401.287 21378.000
401.546 21339.000
401.806 21397.000
402.065 21469.000
402.325 21592.000
402.584 21574.000
402.844 21380.000
403.103 21043.000
403.363 21205.000
403.622 21029.000
403.882 21202.000
404.141 21185.000
404.401 21357.000
404.660 21200.000
404.926 21122.000
405.193 21076.000
405.459 20988.000
405.726 20977.000
405.992 20902.000
406.259 20812.000
406.525 21040.000
406.792 21056.000
407.058 21059.000
407.325 21008.000
407.591 20835.000
407.858 20855.000
408.124 20855.000
408.391 20718.000
408.657 20754.000
408.924 20731.000
409.190 20815.000
409.457 20900.000
409.723 20810.000
409.990 20511.000
410.256 20574.000
410.523 20622.000
410.789 20592.000
411.056 20545.000
411.322 20406.000
411.589 20384.000
411.855 20519.000
412.122 20415.000
412.388 20344.000
412.655 20197.000
412.921 20177.000
413.188 20342.000
413.454 20286.000
413.721 20066.000
413.987 20301.000
414.254 20280.000
414.520 20064.000
414.787 20115.000
415.053 20294.000
415.320 20145.000
415.586 19955.000
415.853 19816.000
416.119 19845.000
416.386 19807.000
416.652 19657.000
416.919 19401.000
417.185 19403.000
417.452 19588.000
417.718 19643.000
417.985 19433.000
418.251 19377.000
418.518 19264.000
418.784 19178.000
419.051 19249.000
419.317 19046.000
419.584 19022.000
419.850 19228.000
420.117 19029.000
420.383 18846.000
420.650 18910.000
420.916 18846.000
421.183 18984.000
421.449 18907.000
421.716 18777.000
421.982 18600.000
422.249 18645.000
422.515 18679.000
422.782 18593.000
423.048 18525.000
423.315 18552.000
423.581 18507.000
423.848 18613.000
424.114 18534.000
424.381 18430.000
424.647 18237.000
424.914 18130.000
425.180 18203.000
425.447 18057.000
425.713 17965.000
425.980 17897.000
426.246 18029.000
426.513 17843.000
426.779 17881.000
427.046 17870.000
427.312 17782.000
427.579 17704.000
427.845 17890.000
428.112 17886.000
428.378 17595.000
428.645 17754.000
428.911 17603.000
429.178 17487.000
429.444 17674.000
429.711 17524.000
429.977 17315.000
430.244 17238.000
430.510 17332.000
430.777 17344.000
431.043 17307.000
431.310 17353.000
431.576 17218.000
431.843 17109.000
432.109 17234.000
432.376 17081.000
432.642 17160.000
432.909 17031.000
433.175 16894.000
433.442 16880.000
433.708 16944.000
433.975 17003.000
434.241 16969.000
434.508 16794.000
434.774 16823.000
435.041 16699.000
435.307 16787.000
435.574 16609.000
435.840 16434.000
436.110 16613.000
436.379 16645.000
436.649 16511.000
436.918 16364.000
437.188 16479.000
437.457 16462.000
437.727 16216.000
437.996 16174.000
438.266 16263.000
438.535 16077.000
438.805 16217.000
439.074 16086.000
439.344 15989.000
439.613 16109.000
439.883 16073.000
440.152 15774.000
440.422 15585.000
440.691 15511.000
440.961 15365.000
441.230 15398.000
441.500 15548.000
441.769 15459.000
442.039 15257.000
442.308 15043.000
442.578 15166.000
442.847 15154.000
443.117 15149.000
443.386 15105.000
443.656 14867.000
443.925 14753.000
444.195 14863.000
444.464 14772.000
444.734 14670.000
445.003 14841.000
445.273 14747.000
445.542 14609.000
445.812 14607.000
446.081 14676.000
446.351 14697.000
446.620 14275.000
446.890 14316.000
447.159 14137.000
447.429 14194.000
447.698 14039.000
447.968 14000.000
448.238 14145.000
448.507 14059.000
448.777 14133.000
449.046 14055.000
449.316 13898.000
449.585 13805.000
449.855 13978.000
450.124 13792.000
450.394 13646.000
450.663 13642.000
450.933 13652.000
451.202 13560.000
451.472 13402.000
451.741 13390.000
452.011 13271.000
452.280 13240.000
452.550 13277.000
452.819 13230.000
453.089 13181.000
453.358 13184.000
453.628 13119.000
453.897 12997.000
454.167 12900.000
454.436 12948.000
454.706 12993.000
454.975 12870.130
455.245 12770.230
455.514 12887.226
455.784 12746.507
456.053 12716.849
456.323 12559.322
456.592 12613.546
456.862 12762.948
457.131 12565.737
457.401 12516.932
457.670 12304.781
457.940 12061.753
458.209 12218.127
458.479 12244.024
458.748 12082.669
459.018 11930.279
459.287 11993.028
459.557 12020.916
459.826 11859.562
460.096 11964.143
460.366 11988.048
460.635 11792.622
460.905 11813.559
461.174 11921.158
461.444 11874.126
461.713 11552.448
461.983 11456.000
462.252 11417.417
462.522 11498.998
462.791 11469.408
463.061 11356.426
463.330 11158.794
463.600 11172.032
463.869 11392.749
464.139 11330.312
464.408 11394.153
464.678 11061.554
464.947 11066.599
465.217 11136.364
465.486 11110.212
465.756 10993.927
466.025 10967.579
466.295 10928.065
466.564 10643.002
466.834 10794.118
467.103 10962.437
467.373 10838.415
467.642 10648.016
467.912 10656.155
468.181 10734.216
468.451 10534.149
468.720 10359.837
468.990 10385.714
469.259 10508.163
469.529 10401.430
469.798 10338.100
470.068 10191.011
470.337 10057.201
470.607 9889.683
470.876 9935.649
471.146 9957.099
471.415 9805.102
471.685 9733.673
471.954 9823.469
472.224 9890.816
472.493 9604.082
472.763 9511.224
473.033 9700.000
473.302 9545.918
473.572 9541.837
473.841 9442.406
474.111 9393.476
474.380 9324.159
474.650 9273.191
474.919 9266.055
475.189 9165.988
475.458 9128.310
475.728 9074.338
475.997 8938.962
476.267 8751.780
476.536 8984.756
476.806 8898.477
477.075 8857.868
477.345 8773.834
477.614 8706.897
477.884 8804.458
478.153 8767.984
478.423 8636.272
478.692 8494.939
478.962 8316.802
479.231 8417.594
479.501 8332.659
479.770 8074.747
480.040 8225.253
480.309 8247.225
480.579 8258.065
480.848 8131.048
481.118 8090.634
481.387 8261.569
481.657 8087.437
481.926 7993.976
482.196 7992.972
482.465 7907.723
482.735 7879.639
483.004 7742.485
483.274 7743.487
483.543 7711.712
483.813 7600.000
484.082 7555.000
484.352 7580.420
484.621 7574.426
484.891 7503.992
485.161 7408.184
485.430 7472.582
485.700 7514.457
485.969 7247.012
486.239 7164.343
486.508 7269.920
486.778 7168.327
487.047 7129.482
487.317 7193.035
487.586 7133.333
487.856 7063.682
488.125 7006.965
488.395 6950.249
488.664 6868.657
488.934 6955.224
489.203 6984.064
489.473 6765.936
489.742 6638.446
490.012 6645.065
490.281 6751.745
490.551 6757.727
490.820 6700.599
491.090 6764.471
491.359 6708.292
491.629 6454.545
491.898 6592.408
492.168 6634.366
492.437 6440.000
492.707 6459.000
492.976 6424.424
493.246 6242.485
493.515 6292.879
493.785 6383.149
494.054 6284.137
494.324 6104.523
494.593 6005.025
494.863 6135.815
495.132 6093.656
495.402 6101.815
495.671 6014.113
495.941 5915.237
496.210 6078.788
496.480 6080.890
496.749 6097.068
497.019 5875.506
497.289 5684.211
497.558 5762.918
497.828 5809.331
498.097 5832.487
498.367 5825.203
498.636 5716.463
498.906 5536.114
499.175 5632.757
499.445 5629.328
499.714 5424.644
499.984 5325.178
500.253 5319.388
500.523 5320.408
500.792 5518.897
501.062 5460.674
501.331 5474.974
501.601 5345.603
501.870 5383.436
502.140 5376.278
502.409 5432.958
502.679 5306.039
502.948 5058.342
503.218 4975.410
503.487 5219.262
503.757 5221.538
504.026 5107.692
504.296 5011.282
504.565 5026.667
504.835 5032.821
505.104 4925.051
505.374 4833.676
505.643 4721.766
505.913 4867.420
506.182 4797.533
506.452 4797.533
506.721 4727.646
506.991 4682.099
507.260 4703.704
507.530 4693.416
507.799 4625.514
508.069 4524.691
508.338 4349.435
508.608 4313.142
508.877 4382.957
509.147 4574.359
509.416 4451.844
509.686 4351.738
509.956 4377.937
510.225 4400.000
510.495 4265.784
510.764 4187.182
511.034 4213.198
511.303 4222.898
511.573 4293.522
511.842 4052.525
512.112 3941.532
512.381 4017.103
512.651 3990.964
512.920 4020.040
513.190 3961.039
513.459 3833.500
513.729 3745.527
513.998 3780.754
514.268 3895.050
514.537 3942.744
514.807 3937.931
515.076 3815.143
515.346 3673.529
515.615 3628.543
515.885 3677.073
516.154 3672.833
516.424 3679.300
516.693 3646.945
516.963 3500.484
517.232 3434.783
517.502 3375.723
517.771 3392.308
518.041 3372.719
518.310 3425.695
518.580 3419.540
518.849 3422.562
519.119 3350.525
519.388 3299.618
519.658 3377.502
519.927 3253.333
520.197 3161.751
520.466 3239.544
520.736 3188.213
521.005 3143.400
521.275 3093.067
521.544 3126.306
521.814 3141.500
522.084 3133.903
522.353 3076.923
522.623 3035.138
522.892 3069.326
523.162 3063.628
523.431 3012.357
523.701 2883.080
523.970 2887.726
524.240 2801.142
524.509 2909.524
524.779 2835.238
525.048 2775.024
525.318 2882.745
525.587 2888.359
525.857 2819.484
526.126 2859.599
526.396 2759.082
526.665 2752.153
526.935 2667.625
527.204 2653.883
527.474 2744.722
527.743 2732.949
528.013 2623.077
528.282 2577.478
528.552 2515.414
528.821 2593.057
529.091 2693.050
529.360 2540.097
529.630 2499.033
529.899 2562.439
530.169 2628.267
530.438 2457.364
530.708 2460.718
530.977 2458.252
531.247 2429.126
531.516 2488.824
531.786 2466.926
532.055 2321.324
532.325 2190.058
532.594 2247.805
532.864 2376.953
533.133 2319.648
533.403 2227.006
533.672 2230.920
533.942 2301.961
534.212 2262.022
534.481 2164.047
534.751 2058.939
535.020 2176.008
535.290 2117.126
535.559 1988.189
535.829 1988.177
536.098 2122.288
536.368 2048.371
536.637 1999.013
536.907 2059.289
537.176 2016.798
537.446 1966.403
537.715 1951.533
537.985 1803.165
538.254 1782.178
538.524 1796.040
538.793 1932.673
539.063 1838.614
539.332 1835.481
539.602 1910.803
539.871 1801.784
540.141 1626.363
540.410 1684.836
540.680 1678.890
540.949 1829.534
541.219 1733.399
541.488 1746.283
541.758 1627.354
542.027 1541.130
542.297 1477.228
542.566 1441.584
542.836 1470.297
543.105 1439.604
543.375 1532.673
543.644 1525.743
543.914 1395.648
544.183 1294.758
544.453 1330.366
544.722 1351.137
544.992 1300.692
545.261 1208.498
545.531 1206.522
545.800 1242.095
546.070 1288.253
546.346 1284.024
546.622 1208.867
546.897 1267.717
547.173 1294.002
547.449 1132.743
547.725 1131.631
548.001 1166.830
548.276 1157.843
548.552 1043.137
548.828 1068.560
549.104 1149.853
549.380 1076.321
549.655 1034.247
549.931 1025.415
550.207 1037.109
550.483 916.992
550.759 919.024
551.034 932.749
551.310 912.281
551.586 840.312
551.862 893.866
552.138 821.012
552.413 780.156
552.689 793.975
552.965 847.425
553.241 668.610
553.517 761.165
553.793 816.505
554.068 780.583
554.344 740.777
554.620 809.893
554.896 627.546
555.172 565.470
555.447 623.666
555.723 660.524
555.999 675.073
556.275 586.809
556.551 514.064
556.826 503.395
557.102 542.192
557.378 513.094
557.654 551.456
557.930 619.417
558.205 500.971
558.481 499.029
558.757 474.247
559.033 438.290
559.309 473.275
559.584 524.781
559.860 483.463
560.136 505.837
560.412 425.097
560.688 344.693
560.963 337.877
561.239 393.762
561.515 320.663
561.791 275.828
562.067 314.815
562.342 374.634
562.618 267.317
562.894 255.859
563.170 319.336
563.446 260.742
563.721 132.942
563.997 135.875
564.273 240.705
564.549 268.364
564.825 153.771
565.100 278.159
565.376 212.745
565.652 164.706
565.928 115.800
566.204 0.000
566.479 0.000
566.755 41.257
567.031 49.164
567.307 141.593
567.583 104.331
567.858 144.685
568.134 49.213
568.410 0.000
568.686 0.000
568.962 0.000
569.237 34.517
569.513 0.000
569.789 0.000
570.065 0.000
570.341 0.000
570.617 0.000
570.892 0.000
571.168 0.000
571.444 0.000
571.720 0.000
571.996 0.000
572.271 0.000
572.547 0.000
572.823 0.000
573.099 0.000
573.375 0.000
573.650 0.000
573.926 0.000
574.202 0.000
574.478 0.000
574.754 0.000
575.029 0.000
575.305 0.000
575.581 0.000
575.857 0.000
576.133 0.000
576.408 0.000
576.684 0.000
576.960 0.000
577.239 0.000
577.517 0.000
577.796 0.000
578.075 0.000
578.354 0.000
578.632 0.000
578.911 0.000
579.190 0.000
579.469 0.000
579.747 0.000
580.026 0.000
580.305 0.000
580.584 0.000
580.862 0.000
581.141 0.000
581.420 0.000
581.699 0.000
581.977 0.000
582.256 0.000
582.535 0.000
582.814 0.000
583.092 0.000
583.371 0.000
583.650 0.000
583.929 0.000
584.207 0.000
584.486 0.000
584.765 0.000
585.043 0.000
585.322 0.000
585.601 0.000
585.880 0.000
586.158 0.000
586.437 0.000
586.716 0.000
586.995 0.000
587.273 0.000
587.552 0.000
587.831 0.000
588.110 0.000
588.388 0.000
588.667 0.000
588.946 0.000
589.225 0.000
589.503 0.000
589.782 0.000
590.061 0.000
590.340 0.000
590.618 0.000
590.897 0.000
591.176 0.000
591.455 0.000
591.733 0.000
592.012 0.000
592.291 0.000
592.570 0.000
592.848 0.000
593.127 0.000
593.406 0.000
593.684 0.000
593.963 0.000
594.242 0.000
594.521 0.000
594.799 0.000
595.078 0.000
595.357 0.000
595.636 0.000
595.914 0.000
596.193 0.000
596.472 0.000
596.751 0.000
597.029 0.000
597.308 0.000
597.587 0.000
597.866 0.000
598.144 0.000
598.423 0.000
598.702 0.000
598.981 0.000
599.259 0.000
599.538 0.000
599.817 0.000
600.096 0.000
600.374 0.000
600.653 0.000
600.932 0.000
601.210 0.000
601.489 0.000
601.768 0.000
602.047 0.000
602.325 0.000
602.604 0.000
602.883 0.000
603.162 0.000
603.440 0.000
603.719 0.000
603.998 0.000
604.277 0.000
604.555 0.000
604.834 0.000
605.113 0.000
605.392 0.000
605.670 0.000
605.949 0.000
606.228 0.000
606.507 0.000
606.785 0.000
607.064 0.000
607.343 0.000
607.622 0.000
607.900 0.000
608.179 0.000
608.458 0.000
608.736 0.000
609.015 0.000
609.294 0.000
609.573 0.000
609.851 0.000
610.130 0.000
610.409 0.000
610.688 0.000
610.966 0.000
611.245 0.000
611.524 0.000
611.803 0.000
612.081 0.000
612.360 0.000
612.639 0.000
612.918 0.000
613.196 0.000
613.475 0.000
613.754 0.000
614.033 0.000
614.311 0.000
614.590 0.000
614.869 0.000
615.148 0.000
615.426 0.000
615.705 0.000
615.984 0.000
616.263 0.000
616.541 0.000
616.820 0.000
617.099 0.000
617.377 0.000
617.656 0.000
617.935 0.000
618.214 0.000
618.492 0.000
618.771 0.000
619.050 0.000
619.329 0.000
619.607 0.000
619.886 0.000
620.165 0.000
620.444 0.000
620.722 0.000
621.001 0.000
621.280 0.000
621.559 0.000
621.837 0.000
622.116 0.000
622.395 0.000
622.674 0.000
622.952 0.000
623.231 0.000
623.510 0.000
623.789 0.000
624.067 0.000
624.346 0.000
624.625 0.000
624.904 0.000
625.182 0.000
625.461 0.000
625.740 0.000
626.018 0.000
626.297 0.000
626.576 0.000
626.855 0.000
627.133 0.000
627.412 0.000
627.691 0.000
627.970 0.000
628.248 0.000
628.527 0.000
628.806 0.000
629.085 0.000
629.363 0.000
629.642 0.000
629.921 0.000
630.200 0.000
630.478 0.000
630.757 0.000
631.036 0.000
631.315 0.000
631.593 0.000
631.872 0.000
632.151 0.000
632.430 0.000
632.708 0.000
632.987 0.000
633.266 0.000
633.544 0.000
633.823 0.000
634.102 0.000
634.381 0.000
634.659 0.000
634.938 0.000
635.217 0.000
635.496 0.000
635.774 0.000
636.053 0.000
636.332 0.000
636.611 0.000
636.889 0.000
637.168 0.000
637.447 0.000
637.726 0.000
638.004 0.000
638.283 0.000
638.562 0.000
638.841 0.000
639.119 0.000
639.398 0.000
639.677 0.000
639.956 0.000
640.234 0.000
640.513 0.000
640.792 0.000
641.070 0.000
641.349 0.000
641.628 0.000
641.907 0.000
642.185 0.000
642.464 0.000
642.743 0.000
643.022 0.000
643.300 0.000
643.579 0.000
643.858 0.000
644.137 0.000
644.415 0.000
644.694 0.000
644.973 0.000
645.252 0.000
645.530 0.000
645.809 0.000
646.088 0.000
646.367 0.000
646.645 0.000
646.924 0.000
647.203 0.000
647.482 0.000
647.760 0.000
648.039 0.000
648.318 0.000
648.596 0.000
648.875 0.000
649.154 0.000
649.433 0.000
649.711 0.000
649.990 0.000
650.269 0.000
650.548 0.000
650.826 0.000
651.105 0.000
651.384 0.000
651.663 0.000
651.941 0.000
652.220 0.000
652.499 0.000
652.778 0.000
653.056 0.000
653.335 0.000
653.614 0.000
653.893 0.000
654.171 0.000
654.450 0.000
654.729 0.000
655.008 0.000
655.286 0.000
655.565 0.000
655.844 0.000
656.123 0.000
656.401 0.000
656.680 0.000
656.959 0.000
657.237 0.000
657.516 0.000
657.795 0.000
658.074 0.000
658.352 0.000
658.631 0.000
658.910 0.000
659.189 0.000
659.467 0.000
659.746 0.000
660.025 0.000
660.304 0.000
660.582 0.000
660.861 0.000
661.140 0.000
661.419 0.000
661.697 0.000
661.976 0.000
662.255 0.000
662.534 0.000
662.812 0.000
663.091 0.000
663.370 0.000
663.649 0.000
663.927 0.000
664.206 0.000
664.485 0.000
664.764 0.000
665.042 0.000
665.321 0.000
665.600 0.000
665.878 0.000
666.157 0.000
666.436 0.000
666.715 0.000
666.993 0.000
667.272 0.000
667.551 0.000
667.830 0.000
668.108 0.000
668.387 0.000
668.666 0.000
668.945 0.000
669.223 0.000
669.502 0.000
669.781 0.000
670.060 0.000
670.338 0.000
670.617 0.000
670.896 0.000
671.175 0.000
671.453 0.000
671.732 0.000
672.011 0.000
672.290 0.000
672.568 0.000
672.847 0.000
673.126 0.000
673.404 0.000
673.683 0.000
673.962 0.000
674.241 0.000
674.519 0.000
674.798 0.000
675.077 0.000
675.356 0.000
675.634 0.000
675.913 0.000
676.192 0.000
676.471 0.000
676.749 0.000
677.028 0.000
677.307 0.000
677.586 0.000
677.864 0.000
678.143 0.000
678.422 0.000
678.701 0.000
678.979 0.000
679.258 0.000
679.537 0.000
679.816 0.000
680.094 0.000
680.373 0.000
680.652 0.000
680.930 0.000
681.209 0.000
681.488 0.000
681.767 0.000
682.045 0.000
682.324 0.000
682.603 0.000
682.882 0.000
683.160 0.000
683.439 0.000
683.718 0.000
683.997 0.000
684.275 0.000
684.554 0.000
684.833 0.000
685.112 0.000
685.390 0.000
685.669 0.000
685.948 0.000
686.227 0.000
686.505 0.000
686.784 0.000
687.063 0.000
687.342 0.000
687.620 0.000
687.899 0.000
688.178 0.000
688.457 0.000
688.735 0.000
689.014 0.000
689.293 0.000
689.571 0.000
689.850 0.000
690.129 0.000
690.408 0.000
690.686 0.000
690.965 0.000
691.244 0.000
691.523 0.000
691.801 0.000
692.080 0.000
692.359 0.000
692.638 0.000
692.916 0.000
693.195 0.000
693.474 0.000
693.753 0.000
694.031 0.000
694.310 0.000
694.589 0.000
694.868 0.000
695.146 0.000
695.425 0.000
695.704 0.000
695.983 0.000
696.261 0.000
696.540 0.000
696.825 0.000
697.110 0.000
697.395 0.000
697.680 0.000
697.965 0.000
698.250 0.000
698.535 0.000
698.819 0.000
699.104 0.000
699.389 0.000
699.674 0.000
699.959 0.000
700.244 0.000
700.529 0.000
700.814 0.000
701.099 0.000
701.384 0.000
701.669 0.000
701.954 0.000
702.239 0.000
702.524 0.000
702.809 0.000
703.094 0.000
703.378 0.000
703.663 0.000
703.948 0.000
704.233 0.000
704.518 0.000
704.803 0.000
705.088 0.000
705.373 0.000
705.658 0.000
705.943 0.000
706.228 0.000
706.513 0.000
706.798 0.000
707.083 0.000
707.368 0.000
707.653 0.000
707.937 0.000
708.222 0.000
708.507 0.000
708.792 0.000
709.077 0.000
709.362 0.000
709.647 0.000
709.932 0.000
710.217 0.000
710.502 0.000
710.787 0.000
711.072 0.000
711.357 0.000
711.642 0.000
711.927 0.000
712.211 0.000
712.496 0.000
712.781 0.000
713.066 0.000
713.351 0.000
713.636 0.000
713.921 0.000
714.206 0.000
714.491 0.000
714.776 0.000
715.061 0.000
715.346 0.000
715.631 0.000
715.916 0.000
716.201 0.000
716.486 0.000
716.770 0.000
717.055 0.000
717.340 0.000
717.625 0.000
717.910 0.000
718.195 0.000
718.480 0.000
718.765 0.000
719.050 0.000
719.335 0.000
719.620 0.000
719.905 0.000
720.190 0.000
720.475 0.000
720.760 0.000
721.045 0.000
721.329 0.000
721.614 0.000
721.899 0.000
722.184 0.000
722.469 0.000
722.754 0.000
723.039 0.000
723.324 0.000
723.609 0.000
723.894 0.000
724.179 0.000
724.464 0.000
724.749 0.000
725.034 0.000
725.319 0.000
725.603 0.000
725.888 0.000
726.173 0.000
726.458 0.000
726.743 0.000
727.028 0.000
727.313 0.000
727.598 0.000
727.883 0.000
728.168 0.000
728.453 0.000
728.738 0.000
729.023 0.000
729.308 0.000
729.593 0.000
729.878 0.000
730.162 0.000
730.447 0.000
730.732 0.000
731.017 0.000
731.302 0.000
731.587 0.000
731.872 0.000
732.157 0.000
732.442 0.000
732.727 0.000
733.012 0.000
733.297 0.000
733.582 0.000
733.867 0.000
734.152 0.000
734.437 0.000
734.721 0.000
735.006 0.000
735.291 0.000
735.576 0.000
735.861 0.000
736.146 0.000
736.431 0.000
736.716 0.000
737.001 0.000
737.286 0.000
737.571 0.000
737.856 0.000
738.141 0.000
738.426 0.000
738.711 0.000
738.995 0.000
739.280 0.000
739.565 0.000
739.850 0.000
740.135 0.000
740.420 0.000
740.705 0.000
740.990 0.000
741.275 0.000
741.560 0.000
741.845 0.000
742.130 0.000
742.415 0.000
742.700 0.000
742.985 0.000
743.270 0.000
743.554 0.000
743.839 0.000
744.124 0.000
744.409 0.000
744.694 0.000
744.979 0.000
745.264 0.000
745.549 0.000
745.834 0.000
746.119 0.000
746.404 0.000
746.689 0.000
746.974 0.000
747.259 0.000
747.544 0.000
747.829 0.000
748.113 0.000
748.398 0.000
748.683 0.000
748.968 0.000
749.253 0.000
749.538 0.000
749.823 0.000
750.108 0.000
750.393 0.000
750.678 0.000
750.963 0.000
751.248 0.000
751.533 0.000
751.818 0.000
752.103 0.000
752.387 0.000
752.672 0.000
752.957 0.000
753.242 0.000
753.527 0.000
753.812 0.000
754.097 0.000
754.382 0.000
754.667 0.000
754.952 0.000
755.237 0.000
755.522 0.000
755.807 0.000
756.092 0.000
756.377 0.000
756.662 0.000
756.946 0.000
757.231 0.000
757.516 0.000
757.801 0.000
758.086 0.000
758.371 0.000
758.656 0.000
758.941 0.000
759.226 0.000
759.511 0.000
759.796 0.000
760.081 0.000
760.366 0.000
760.651 0.000
760.936 0.000
761.221 0.000
761.505 0.000
761.790 0.000
762.075 0.000
762.360 0.000
762.645 0.000
762.930 0.000
763.215 0.000
763.500 0.000
763.791 0.000
764.082 0.000
764.373 0.000
764.664 0.000
764.955 0.000
765.247 0.000
765.538 0.000
765.829 0.000
766.120 0.000
766.411 0.000
766.702 0.000
766.993 0.000
767.284 0.000
767.575 0.000
767.866 0.000
768.157 0.000
768.449 0.000
768.740 0.000
769.031 0.000
769.322 0.000
769.613 0.000
769.904 0.000
770.195 0.000
770.486 0.000
770.777 0.000
771.068 0.000
771.359 0.000
771.651 0.000
771.942 0.000
772.233 0.000
772.524 0.000
772.815 0.000
773.106 0.000
773.397 0.000
773.688 0.000
773.979 0.000
774.270 0.000
774.561 0.000
774.853 0.000
775.144 0.000
775.435 0.000
775.726 0.000
776.017 0.000
776.308 0.000
776.599 0.000
776.890 0.000
777.181 0.000
777.472 0.000
777.763 0.000
778.055 0.000
778.346 0.000
778.637 0.000
778.928 0.000
779.219 0.000
779.510 0.000
779.801 0.000
780.092 0.000
780.383 0.000
780.674 0.000
780.965 0.000
781.257 0.000
781.548 0.000
781.839 0.000
782.130 0.000
782.421 0.000
782.712 0.000
783.003 0.000
783.294 0.000
783.585 0.000
783.876 0.000
784.167 0.000
784.459 0.000
784.750 0.000
785.041 0.000
785.332 0.000
785.623 0.000
785.914 0.000
786.205 0.000
786.496 0.000
786.787 0.000
787.078 0.000
787.369 0.000
787.661 0.000
787.952 0.000
788.243 0.000
788.534 0.000
788.825 0.000
789.116 0.000
789.407 0.000
789.698 0.000
789.989 0.000
790.280 0.000
790.571 0.000
790.863 0.000
791.154 0.000
791.445 0.000
791.736 0.000
792.027 0.000
792.318 0.000
792.609 0.000
792.900 0.000
793.191 0.000
793.482 0.000
793.773 0.000
794.065 0.000
794.356 0.000
794.647 0.000
794.938 0.000
795.229 0.000
795.520 0.000
795.811 0.000
796.102 0.000
796.393 0.000
796.684 0.000
796.975 0.000
797.267 0.000
797.558 0.000
797.849 0.000
798.140 0.000
798.431 0.000
798.722 0.000
799.013 0.000
799.304 0.000
799.595 0.000
799.886 0.000
800.177 0.000
800.469 0.000
800.760 0.000
801.051 0.000
801.342 0.000
801.633 0.000
801.924 0.000
802.215 0.000
802.506 0.000
802.797 0.000
803.088 0.000
803.379 0.000
803.671 0.000
803.962 0.000
804.253 0.000
804.544 0.000
804.835 0.000
805.126 0.000
805.417 0.000
805.708 0.000
805.999 0.000
806.290 0.000
806.581 0.000
806.873 0.000
807.164 0.000
807.455 0.000
807.746 0.000
808.037 0.000
808.328 0.000
808.619 0.000
808.910 0.000
809.201 0.000
809.492 0.000
809.783 0.000
810.075 0.000
810.366 0.000
810.657 0.000
810.948 0.000
811.239 0.000
811.530 0.000
811.821 0.000
812.112 0.000
812.404 0.000
812.695 0.000
812.986 0.000
813.277 0.000
813.569 0.000
813.860 0.000
814.151 0.000
814.442 0.000
814.734 0.000
815.025 0.000
815.316 0.000
815.607 0.000
815.899 0.000
816.190 0.000
816.481 0.000
816.772 0.000
817.064 0.000
817.355 0.000
817.646 0.000
817.937 0.000
818.229 0.000
818.520 0.000
818.811 0.000
819.102 0.000
819.394 0.000
819.685 0.000
819.976 0.000
820.267 0.000
820.559 0.000
820.850 0.000
821.141 0.000
821.432 0.000
821.723 0.000
822.015 0.000
822.306 0.000
822.597 0.000
822.888 0.000
823.180 0.000
823.471 0.000
823.762 0.000
824.053 0.000
824.345 0.000
824.636 0.000
824.927 0.000
825.218 0.000
825.510 0.000
825.801 0.000
826.092 0.000
826.383 0.000
826.675 0.000
826.966 0.000
827.257 0.000
827.548 0.000
827.840 0.000
828.131 0.000
828.422 0.000
828.713 0.000
829.005 0.000
829.296 0.000
829.587 0.000
829.878 0.000
830.170 0.000
830.461 0.000
830.752 0.000
831.043 0.000
831.335 0.000
831.626 0.000
831.917 0.000
832.208 0.000
832.499 0.000
832.791 0.000
833.082 0.000
833.373 0.000
833.664 0.000
833.956 0.000
834.247 0.000
834.538 0.000
834.829 0.000
835.121 0.000
835.412 0.000
835.703 0.000
835.994 0.000
836.286 0.000
836.577 0.000
836.868 0.000
837.159 0.000
837.451 0.000
837.742 0.000
838.033 0.000
838.324 0.000
838.616 0.000
838.907 0.000
839.198 0.000
839.489 0.000
839.781 0.000
840.072 0.000
840.363 0.000
840.654 0.000
840.946 0.000
841.237 0.000
841.528 0.000
841.819 0.000
842.110 0.000
842.402 0.000
842.693 0.000
842.984 0.000
843.275 0.000
843.567 0.000
843.858 0.000
844.149 0.000
844.440 0.000
844.732 0.000
845.023 0.000
845.314 0.000
845.605 0.000
845.897 0.000
846.188 0.000
846.479 0.000
846.770 0.000
847.062 0.000
847.353 0.000
847.644 0.000
847.935 0.000
848.227 0.000
848.518 0.000
848.809 0.000
849.100 0.000
849.392 0.000
849.683 0.000
849.974 0.000
850.265 0.000
850.557 0.000
850.848 0.000
851.139 0.000
851.430 0.000
851.721 0.000
852.013 0.000
852.304 0.000
852.595 0.000
852.886 0.000
853.178 0.000
853.469 0.000
853.760 0.000
854.051 0.000
854.343 0.000
854.634 0.000
854.925 0.000
855.216 0.000
855.508 0.000
855.799 0.000
856.090 0.000
856.381 0.000
856.673 0.000
856.964 0.000
857.255 0.000
857.546 0.000
857.838 0.000
858.129 0.000
858.420 0.000
858.711 0.000
859.003 0.000
859.294 0.000
859.585 0.000
859.876 0.000
860.168 0.000
860.459 0.000
860.750 0.000
861.041 0.000
861.333 0.000
861.624 0.000
861.915 0.000
862.206 0.000
862.497 0.000
862.789 0.000
863.080 0.000
863.371 0.000
863.662 0.000
863.954 0.000
864.245 0.000
864.536 0.000
864.827 0.000
865.119 0.000
865.410 0.000
865.701 0.000
865.992 0.000
866.284 0.000
866.575 0.000
866.866 0.000
867.157 0.000
867.449 0.000
867.740 0.000
868.031 0.000
868.322 0.000
868.614 0.000
868.905 0.000
869.196 0.000
869.487 0.000
869.779 0.000
870.070 0.000
870.361 0.000
870.652 0.000
870.944 0.000
871.235 0.000
871.526 0.000
871.817 0.000
872.109 0.000
872.400 0.000
872.691 0.000
872.982 0.000
873.273 0.000
873.565 0.000
873.856 0.000
874.147 0.000
874.438 0.000
874.730 0.000
875.021 0.000
875.312 0.000
875.603 0.000
875.895 0.000
876.186 0.000
876.477 0.000
876.768 0.000
877.060 0.000
877.351 0.000
877.642 0.000
877.933 0.000
878.225 0.000
878.516 0.000
878.807 0.000
879.098 0.000
879.390 0.000
879.681 0.000
879.972 0.000
880.263 0.000
880.555 0.000
880.846 0.000
881.137 0.000
881.428 0.000
881.720 0.000
882.011 0.000
882.302 0.000
882.593 0.000
882.884 0.000
883.176 0.000
883.467 0.000
883.758 0.000
884.049 0.000
884.341 0.000
884.632 0.000
884.923 0.000
885.214 0.000
885.506 0.000
885.797 0.000
886.088 0.000
886.379 0.000
886.671 0.000
886.962 0.000
887.253 0.000
887.544 0.000
887.836 0.000
888.127 0.000
888.418 0.000
888.709 0.000
889.001 0.000
889.292 0.000
889.583 0.000
889.874 0.000
890.166 0.000
890.457 0.000
890.748 0.000
891.039 0.000
891.331 0.000
891.622 0.000
891.913 0.000
892.204 0.000
892.495 0.000
892.787 0.000
893.078 0.000
893.369 0.000
893.660 0.000
893.952 0.000
894.243 0.000
894.534 0.000
894.825 0.000
895.117 0.000
895.408 0.000
895.699 0.000
895.990 0.000
896.282 0.000
896.573 0.000
896.864 0.000
897.155 0.000
897.447 0.000
897.738 0.000
898.029 0.000
898.320 0.000
898.612 0.000
898.903 0.000
899.194 0.000
899.485 0.000
899.777 0.000
900.068 0.000
900.359 0.000
900.650 0.000
900.942 0.000
901.233 0.000
901.524 0.000
901.815 0.000
902.106 0.000
902.398 0.000
902.689 0.000
902.980 0.000
903.271 0.000
903.563 0.000
903.854 0.000
904.145 0.000
904.436 0.000
904.728 0.000
905.019 0.000
905.310 0.000
905.601 0.000
905.893 0.000
906.184 0.000
906.475 0.000
906.766 0.000
907.058 0.000
907.349 0.000
907.640 0.000
907.931 0.000
908.223 0.000
908.514 0.000
908.805 0.000
909.096 0.000
909.388 0.000
909.679 0.000
909.970 0.000
910.261 0.000
910.553 0.000
910.844 0.000
911.135 0.000
911.426 0.000
911.718 0.000
912.009 0.000
912.300 0.000
912.599 0.000
912.898 0.000
913.196 0.000
913.495 0.000
913.794 0.000
914.093 0.000
914.391 0.000
914.690 0.000
914.989 0.000
915.288 0.000
915.586 0.000
915.885 0.000
916.184 0.000
916.483 0.000
916.782 0.000
917.080 0.000
917.379 0.000
917.678 0.000
917.977 0.000
918.275 0.000
918.574 0.000
918.873 0.000
919.172 0.000
919.471 0.000
919.769 0.000
920.068 0.000
920.367 0.000
920.666 0.000
920.964 0.000
921.263 0.000
921.562 0.000
921.861 0.000
922.159 0.000
922.458 0.000
922.757 0.000
923.056 0.000
923.355 0.000
923.653 0.000
923.952 0.000
924.251 0.000
924.550 0.000
924.848 0.000
925.147 0.000
925.446 0.000
925.745 0.000
926.043 0.000
926.342 0.000
926.641 0.000
926.940 0.000
927.239 0.000
927.537 0.000
927.836 0.000
928.135 0.000
928.434 0.000
928.732 0.000
929.031 0.000
929.330 0.000
929.629 0.000
929.927 0.000
930.226 0.000
930.525 0.000
930.824 0.000
931.123 0.000
931.421 0.000
931.720 0.000
932.019 0.000
932.318 0.000
932.616 0.000
932.915 0.000
933.214 0.000
933.513 0.000
933.812 0.000
934.110 0.000
934.409 0.000
934.708 0.000
935.007 0.000
935.305 0.000
935.604 0.000
935.903 0.000
936.202 0.000
936.500 0.000
936.799 0.000
937.098 0.000
937.397 0.000
937.696 0.000
937.994 0.000
938.293 0.000
938.592 0.000
938.891 0.000
939.189 0.000
939.488 0.000
939.787 0.000
940.086 0.000
940.384 0.000
940.683 0.000
940.982 0.000
941.281 0.000
941.580 0.000
941.878 0.000
942.177 0.000
942.476 0.000
942.775 0.000
943.073 0.000
943.372 0.000
943.671 0.000
943.970 0.000
944.268 0.000
944.567 0.000
944.866 0.000
945.165 0.000
945.464 0.000
945.762 0.000
946.061 0.000
946.360 0.000
946.659 0.000
946.957 0.000
947.256 0.000
947.555 0.000
947.854 0.000
948.153 0.000
948.451 0.000
948.750 0.000
949.049 0.000
949.348 0.000
949.646 0.000
949.945 0.000
950.244 0.000
950.543 0.000
950.841 0.000
951.140 0.000
951.439 0.000
951.738 0.000
952.037 0.000
952.335 0.000
952.634 0.000
952.933 0.000
953.232 0.000
953.530 0.000
953.829 0.000
954.128 0.000
954.427 0.000
954.725 0.000
955.024 0.000
955.323 0.000
955.622 0.000
955.921 0.000
956.219 0.000
956.518 0.000
956.817 0.000
957.116 0.000
957.414 0.000
957.713 0.000
958.012 0.000
958.311 0.000
958.610 0.000
958.908 0.000
959.207 0.000
959.506 0.000
959.805 0.000
960.103 0.000
960.402 0.000
960.701 0.000
961.000 0.000
961.298 0.000
961.597 0.000
961.896 0.000
962.195 0.000
962.494 0.000
962.792 0.000
963.091 0.000
963.390 0.000
963.689 0.000
963.987 0.000
964.286 0.000
964.585 0.000
964.884 0.000
965.182 0.000
965.481 0.000
965.780 0.000
966.075 0.000
966.370 0.000
966.666 0.000
966.961 0.000
967.256 0.000
967.551 0.000
967.847 0.000
968.142 0.000
968.437 0.000
968.732 0.000
969.028 0.000
969.323 0.000
969.618 0.000
969.913 0.000
970.208 0.000
970.504 0.000
970.799 0.000
971.094 0.000
971.389 0.000
971.685 0.000
971.980 0.000
972.275 0.000
972.570 0.000
972.866 0.000
973.161 0.000
973.456 0.000
973.751 0.000
974.047 0.000
974.342 0.000
974.637 0.000
974.932 0.000
975.227 0.000
975.523 0.000
975.818 0.000
976.113 0.000
976.408 0.000
976.704 0.000
976.999 0.000
977.294 0.000
977.589 0.000
977.885 0.000
978.180 0.000
978.475 0.000
978.770 0.000
979.066 0.000
979.361 0.000
979.656 0.000
979.951 0.000
980.246 0.000
980.542 0.000
980.837 0.000
981.132 0.000
981.427 0.000
981.723 0.000
982.018 0.000
982.313 0.000
982.608 0.000
982.904 0.000
983.199 0.000
983.494 0.000
983.789 0.000
984.084 0.000
984.380 0.000
984.675 0.000
984.970 0.000
985.265 0.000
985.561 0.000
985.856 0.000
986.151 0.000
986.446 0.000
986.742 0.000
987.037 0.000
987.332 0.000
987.627 0.000
987.923 0.000
988.218 0.000
988.513 0.000
988.808 0.000
989.103 0.000
989.399 0.000
989.694 0.000
989.989 0.000
990.284 0.000
990.580 0.000
990.875 0.000
991.170 0.000
991.465 0.000
991.761 0.000
992.056 0.000
992.351 0.000
992.646 0.000
992.942 0.000
993.237 0.000
993.532 0.000
993.827 0.000
994.122 0.000
994.418 0.000
994.713 0.000
995.008 0.000
995.303 0.000
995.599 0.000
995.894 0.000
996.189 0.000
996.484 0.000
996.780 0.000
997.075 0.000
997.370 0.000
997.665 0.000
997.960 0.000
998.256 0.000
998.551 0.000
998.846 0.000
999.141 0.000
999.437 0.000
999.732 0.000
1000.027 0.000
1000.322 0.000
1000.618 0.000
1000.913 0.000
1001.208 0.000
1001.503 0.000
1001.799 0.000
1002.094 0.000
1002.389 0.000
1002.684 0.000
1002.979 0.000
1003.275 0.000
1003.570 0.000
1003.865 0.000
1004.160 0.000
1004.456 0.000
1004.751 0.000
1005.046 0.000
1005.341 0.000
1005.637 0.000
1005.932 0.000
1006.227 0.000
1006.522 0.000
1006.817 0.000
1007.113 0.000
1007.408 0.000
1007.703 0.000
1007.998 0.000
1008.294 0.000
1008.589 0.000
1008.884 0.000
1009.179 0.000
1009.475 0.000
1009.770 0.000
1010.065 0.000
1010.360 0.000
1010.656 0.000
1010.951 0.000
1011.246 0.000
1011.541 0.000
1011.836 0.000
1012.132 0.000
1012.427 0.000
1012.722 0.000
1013.017 0.000
1013.313 0.000
1013.608 0.000
1013.903 0.000
1014.198 0.000
1014.494 0.000
1014.789 0.000
1015.084 0.000
1015.379 0.000
1015.674 0.000
1015.970 0.000
1016.265 0.000
1016.560 0.000
1016.855 0.000
1017.151 0.000
1017.446 0.000
1017.741 0.000
1018.036 0.000
1018.332 0.000
1018.627 0.000
1018.922 0.000
1019.217 0.000
1019.513 0.000
1019.808 0.000
1020.103 0.000
1020.398 0.000
1020.693 0.000
1020.989 0.000
1021.284 0.000
1021.579 0.000
1021.874 0.000
1022.170 0.000
1022.465 0.000
1022.760 0.000
1023.055 0.000
1023.351 0.000
1023.646 0.000
1023.941 0.000
1024.236 0.000
1024.532 0.000
1024.827 0.000
1025.122 0.000
1025.417 0.000
1025.712 0.000
1026.008 0.000
1026.303 0.000
1026.598 0.000
1026.893 0.000
1027.189 0.000
1027.484 0.000
1027.779 0.000
1028.074 0.000
1028.370 0.000
1028.665 0.000
1028.960 0.000
1029.255 0.000
1029.550 0.000
1029.846 0.000
1030.141 0.000
1030.436 0.000
1030.731 0.000
1031.027 0.000
1031.322 0.000
1031.617 0.000
1031.912 0.000
1032.208 0.000
1032.503 0.000
1032.798 0.000
1033.093 0.000
1033.389 0.000
1033.684 0.000
1033.979 0.000
1034.274 0.000
1034.569 0.000
1034.865 0.000
1035.160 0.000
1035.455 0.000
1035.750 0.000
1036.046 0.000
1036.341 0.000
1036.636 0.000
1036.931 0.000
1037.227 0.000
1037.522 0.000
1037.817 0.000
1038.112 0.000
1038.407 0.000
1038.703 0.000
1038.998 0.000
1039.293 0.000
1039.588 0.000
1039.884 0.000
1040.179 0.000
1040.474 0.000
1040.769 0.000
1041.065 0.000
1041.360 0.000
1041.655 0.000
1041.950 0.000
1042.246 0.000
1042.541 0.000
1042.836 0.000
1043.131 0.000
1043.426 0.000
1043.722 0.000
1044.017 0.000
1044.312 0.000
1044.607 0.000
1044.903 0.000
1045.198 0.000
1045.493 0.000
1045.788 0.000
1046.084 0.000
1046.379 0.000
1046.674 0.000
1046.969 0.000
1047.264 0.000
1047.560 0.000
1047.855 0.000
1048.150 0.000
1048.445 0.000
1048.741 0.000
1049.036 0.000
1049.331 0.000
1049.626 0.000
1049.922 0.000
1050.217 0.000
1050.512 0.000
1050.807 0.000
1051.103 0.000
1051.398 0.000
1051.693 0.000
1051.988 0.000
1052.283 0.000
1052.579 0.000
1052.874 0.000
1053.169 0.000
1053.464 0.000
1053.760 0.000
1054.055 0.000
1054.350 0.000
1054.645 0.000
1054.941 0.000
1055.236 0.000
1055.531 0.000
1055.826 0.000
1056.122 0.000
1056.417 0.000
1056.712 0.000
1057.007 0.000
1057.302 0.000
1057.598 0.000
1057.893 0.000
1058.188 0.000
1058.483 0.000
1058.779 0.000
1059.074 0.000
1059.369 0.000
1059.664 0.000
1059.960 0.000
1060.255 0.000
1060.550 0.000
1060.845 0.000
1061.140 0.000
1061.436 0.000
1061.731 0.000
1062.026 0.000
1062.321 0.000
1062.617 0.000
1062.912 0.000
1063.207 0.000
1063.502 0.000
1063.798 0.000
1064.093 0.000
1064.388 0.000
1064.683 0.000
1064.978 0.000
1065.274 0.000
1065.569 0.000
1065.864 0.000
1066.159 0.000
1066.455 0.000
1066.750 0.000
1067.045 0.000
1067.340 0.000
1067.636 0.000
1067.931 0.000
1068.226 0.000
1068.521 0.000
1068.817 0.000
1069.112 0.000
1069.407 0.000
1069.702 0.000
1069.997 0.000
1070.293 0.000
1070.588 0.000
1070.883 0.000
1071.178 0.000
1071.474 0.000
1071.769 0.000
1072.064 0.000
1072.359 0.000
1072.655 0.000
1072.950 0.000
1073.245 0.000
1073.540 0.000
1073.836 0.000
1074.131 0.000
1074.426 0.000
1074.721 0.000
1075.016 0.000
1075.312 0.000
1075.607 0.000
1075.902 0.000
1076.197 0.000
1076.493 0.000
1076.788 0.000
1077.083 0.000
1077.378 0.000
1077.674 0.000
1077.969 0.000
1078.264 0.000
1078.559 0.000
1078.854 0.000
1079.150 0.000
1079.445 0.000
1079.740 0.000
1080.035 0.000
1080.331 0.000
1080.626 0.000
1080.921 0.000
1081.216 0.000
1081.512 0.000
1081.807 0.000
1082.102 0.000
1082.397 0.000
1082.693 0.000
1082.988 0.000
1083.283 0.000
1083.578 0.000
1083.873 0.000
1084.169 0.000
1084.464 0.000
1084.759 0.000
1085.054 0.000
1085.350 0.000
1085.645 0.000
1085.940 0.000
1086.235 0.000
1086.531 0.000
1086.826 0.000
1087.121 0.000
1087.416 0.000
1087.711 0.000
1088.007 0.000
1088.302 0.000
1088.597 0.000
1088.892 0.000
1089.188 0.000
1089.483 0.000
1089.778 0.000
1090.073 0.000
1090.369 0.000
1090.664 0.000
1090.959 0.000
1091.254 0.000
1091.550 0.000
1091.845 0.000
1092.140 0.000
1092.452 0.000
1092.764 0.000
1093.076 0.000
1093.388 0.000
1093.700 0.000
1094.012 0.000
1094.324 0.000
1094.636 0.000
1094.948 0.000
1095.260 0.000
1095.572 0.000
1095.884 0.000
1096.196 0.000
1096.508 0.000
1096.820 0.000
1097.132 0.000
1097.444 0.000
1097.756 0.000
1098.068 0.000
1098.380 0.000
1098.692 0.000
1099.004 0.000
1099.316 0.000
1099.628 0.000
1099.940 0.000
1100.252 0.000
1100.564 0.000
1100.877 0.000
1101.189 0.000
1101.501 0.000
1101.813 0.000
1102.125 0.000
1102.437 0.000
1102.749 0.000
1103.061 0.000
1103.373 0.000
1103.685 0.000
1103.997 0.000
1104.309 0.000
1104.621 0.000
1104.933 0.000
1105.245 0.000
1105.557 0.000
1105.869 0.000
1106.181 0.000
1106.493 0.000
1106.805 0.000
1107.117 0.000
1107.429 0.000
1107.741 0.000
1108.053 0.000
1108.365 0.000
1108.677 0.000
1108.989 0.000
1109.301 0.000
1109.613 0.000
1109.925 0.000
1110.237 0.000
1110.549 0.000
1110.861 0.000
1111.173 0.000
1111.485 0.000
1111.797 0.000
1112.109 0.000
1112.421 0.000
1112.733 0.000
1113.045 0.000
1113.357 0.000
1113.669 0.000
1113.981 0.000
1114.293 0.000
1114.605 0.000
1114.917 0.000
1115.229 0.000
1115.541 0.000
1115.853 0.000
1116.165 0.000
1116.477 0.000
1116.789 0.000
1117.101 0.000
1117.413 0.000
1117.725 0.000
1118.037 0.000
1118.349 0.000
1118.662 0.000
1118.974 0.000
1119.286 0.000
1119.598 0.000
1119.910 0.000
1120.222 0.000
1120.534 0.000
1120.846 0.000
1121.158 0.000
1121.470 0.000
1121.782 0.000
1122.094 0.000
1122.406 0.000
1122.718 0.000
1123.030 0.000
1123.342 0.000
1123.654 0.000
1123.966 0.000
1124.278 0.000
1124.590 0.000
1124.902 0.000
1125.214 0.000
1125.526 0.000
1125.838 0.000
1126.150 0.000
1126.462 0.000
1126.774 0.000
1127.086 0.000
1127.398 0.000
1127.710 0.000
1128.022 0.000
1128.334 0.000
1128.646 0.000
1128.958 0.000
1129.270 0.000
1129.582 0.000
1129.894 0.000
1130.206 0.000
1130.518 0.000
1130.830 0.000
1131.142 0.000
1131.454 0.000
1131.766 0.000
1132.078 0.000
1132.390 0.000
1132.702 0.000
1133.014 0.000
1133.326 0.000
1133.638 0.000
1133.950 0.000
1134.262 0.000
1134.574 0.000
1134.886 0.000
1135.198 0.000
1135.510 0.000
1135.822 0.000
1136.134 0.000
1136.447 0.000
1136.759 0.000
1137.071 0.000
1137.383 0.000
1137.695 0.000
1138.007 0.000
1138.319 0.000
1138.631 0.000
1138.943 0.000
1139.255 0.000
1139.567 0.000
1139.879 0.000
1140.191 0.000
1140.503 0.000
1140.815 0.000
1141.127 0.000
1141.439 0.000
1141.751 0.000
1142.063 0.000
1142.375 0.000
1142.687 0.000
1142.999 0.000
1143.311 0.000
1143.623 0.000
1143.935 0.000
1144.247 0.000
1144.559 0.000
1144.871 0.000
1145.183 0.000
1145.495 0.000
1145.807 0.000
1146.119 0.000
1146.431 0.000
1146.743 0.000
1147.055 0.000
1147.367 0.000
1147.679 0.000
1147.991 0.000
1148.303 0.000
1148.615 0.000
1148.927 0.000
1149.239 0.000
1149.551 0.000
1149.863 0.000
1150.175 0.000
1150.487 0.000
1150.799 0.000
1151.111 0.000
1151.423 0.000
1151.735 0.000
1152.047 0.000
1152.359 0.000
1152.671 0.000
1152.983 0.000
1153.295 0.000
1153.607 0.000
1153.920 0.000
1154.232 0.000
1154.544 0.000
1154.856 0.000
1155.168 0.000
1155.480 0.000
1155.792 0.000
1156.104 0.000
1156.416 0.000
1156.728 0.000
1157.040 0.000
1157.352 0.000
1157.664 0.000
1157.976 0.000
1158.288 0.000
1158.600 0.000
1158.912 0.000
1159.224 0.000
1159.536 0.000
1159.848 0.000
1160.160 0.000
1160.472 0.000
1160.784 0.000
1161.096 0.000
1161.408 0.000
1161.720 0.000
1162.032 0.000
1162.344 0.000
1162.656 0.000
1162.968 0.000
1163.280 0.000
1163.592 0.000
1163.904 0.000
1164.216 0.000
1164.528 0.000
1164.840 0.000
1165.152 0.000
1165.464 0.000
1165.776 0.000
1166.088 0.000
1166.400 0.000
1166.712 0.000
1167.024 0.000
1167.336 0.000
1167.648 0.000
1167.960 0.000
1168.272 0.000
1168.584 0.000
1168.896 0.000
1169.208 0.000
1169.520 0.000
1169.832 0.000
1170.144 0.000
1170.456 0.000
1170.768 0.000
1171.080 0.000
1171.392 0.000
1171.705 0.000
1172.017 0.000
1172.329 0.000
1172.641 0.000
1172.953 0.000
1173.265 0.000
1173.577 0.000
1173.889 0.000
1174.201 0.000
1174.513 0.000
1174.825 0.000
1175.137 0.000
1175.449 0.000
1175.761 0.000
1176.073 0.000
1176.385 0.000
1176.697 0.000
1177.009 0.000
1177.321 0.000
1177.633 0.000
1177.945 0.000
1178.257 0.000
1178.569 0.000
1178.881 0.000
1179.193 0.000
1179.505 0.000
1179.817 0.000
1180.129 0.000
1180.441 0.000
1180.753 0.000
1181.065 0.000
1181.377 0.000
1181.689 0.000
1182.001 0.000
1182.313 0.000
1182.625 0.000
1182.937 0.000
1183.249 0.000
1183.561 0.000
1183.873 0.000
1184.185 0.000
1184.497 0.000
1184.809 0.000
1185.121 0.000
1185.433 0.000
1185.745 0.000
1186.057 0.000
1186.369 0.000
1186.681 0.000
1186.993 0.000
1187.305 0.000
1187.617 0.000
1187.929 0.000
1188.241 0.000
1188.553 0.000
1188.865 0.000
1189.178 0.000
1189.490 0.000
1189.802 0.000
1190.114 0.000
1190.426 0.000
1190.738 0.000
1191.050 0.000
1191.362 0.000
1191.674 0.000
1191.986 0.000
1192.298 0.000
1192.610 0.000
1192.922 0.000
1193.234 0.000
1193.546 0.000
1193.858 0.000
1194.170 0.000
1194.482 0.000
1194.794 0.000
1195.106 0.000
1195.418 0.000
1195.730 0.000
1196.042 0.000
1196.354 0.000
1196.666 0.000
1196.978 0.000
1197.290 0.000
1197.602 0.000
1197.914 0.000
1198.226 0.000
1198.538 0.000
1198.850 0.000
1199.162 0.000
1199.474 0.000
1199.786 0.000
1200.098 0.000
