177.811 0.000
178.065 0.000
178.318 0.000
178.572 0.000
178.826 0.000
179.079 0.000
179.333 0.000
179.587 0.000
179.840 0.000
180.094 0.000
180.347 0.000
180.601 0.000
180.855 0.000
181.108 0.000
181.362 0.000
181.616 0.000
181.869 0.000
182.123 0.000
182.377 0.000
182.630 0.000
182.884 0.000
183.137 0.000
183.391 0.000
183.645 0.000
183.898 0.000
184.152 0.000
184.406 0.000
184.659 0.000
184.913 0.000
185.167 0.000
185.420 0.000
185.674 0.000
185.928 0.000
186.181 0.000
186.435 0.000
186.688 0.000
186.942 0.000
187.196 0.000
187.449 0.000
187.703 0.000
187.957 0.000
188.210 0.000
188.464 0.000
188.718 0.000
188.971 0.000
189.225 0.000
189.479 0.000
189.732 0.000
189.986 0.000
190.239 0.000
190.493 0.000
190.747 0.000
191.000 0.000
191.254 0.000
191.508 0.000
191.761 0.000
192.015 0.000
192.269 0.000
192.522 0.000
192.776 0.000
193.030 0.000
193.283 0.000
193.537 0.000
193.790 0.000
194.044 0.000
194.298 0.000
194.551 0.000
194.805 0.000
195.059 0.000
195.312 0.000
195.566 0.000
195.820 0.000
196.073 0.000
196.327 0.000
196.581 0.000
196.834 0.000
197.088 0.000
197.341 0.000
197.595 0.000
197.849 0.000
198.102 0.000
198.356 0.000
198.610 0.000
198.863 0.000
199.117 0.000
199.371 0.000
199.624 0.000
199.878 0.000
200.132 0.000
200.385 0.000
200.639 0.000
200.892 0.000
201.146 0.000
201.400 0.000
201.653 0.000
201.907 0.000
202.161 0.000
202.414 0.000
202.668 0.000
202.922 0.000
203.175 0.000
203.429 0.000
203.683 0.000
203.936 0.000
204.190 0.000
204.443 0.000
204.697 0.000
204.951 0.000
205.204 0.000
205.458 0.000
205.712 0.000
205.965 0.000
206.219 0.000
206.473 0.000
206.726 0.000
206.980 0.000
207.233 0.000
207.487 0.000
207.741 0.000
207.994 0.000
208.248 0.000
208.502 0.000
208.755 0.000
209.009 0.000
209.263 0.000
209.516 0.000
209.770 0.000
210.024 0.000
210.277 0.000
210.531 0.000
210.784 0.000
211.038 0.000
211.292 0.000
211.545 0.000
211.799 0.000
212.053 0.000
212.306 0.000
212.560 0.000
212.814 0.000
213.067 0.000
213.321 0.000
213.575 0.000
213.828 0.000
214.082 0.000
214.335 0.000
214.589 0.000
214.843 0.000
215.096 0.000
215.350 0.000
215.604 0.000
215.857 0.000
216.111 0.000
216.365 0.000
216.618 0.000
216.872 0.000
217.126 0.000
217.379 0.000
217.633 0.000
217.886 0.000
218.140 0.000
218.394 0.000
218.647 0.000
218.901 0.000
219.155 0.000
219.408 0.000
219.662 0.000
219.916 0.000
220.169 0.000
220.423 0.000
220.677 0.000
220.930 0.000
221.184 0.000
221.437 0.000
221.691 0.000
221.945 0.000
222.198 0.000
222.452 0.000
222.706 0.000
222.959 0.000
223.213 0.000
223.467 0.000
223.720 0.000
223.974 0.000
224.228 0.000
224.481 0.000
224.735 0.000
224.988 0.000
225.242 0.000
225.496 0.000
225.749 0.000
226.003 0.000
226.257 0.000
226.510 0.000
226.764 0.000
227.018 0.000
227.271 0.000
227.525 0.000
227.779 0.000
228.032 0.000
228.286 0.000
228.539 0.000
228.793 0.000
229.047 0.000
229.300 0.000
229.554 0.000
229.808 0.000
230.061 0.000
230.315 0.000
230.569 0.000
230.822 0.000
231.076 0.000
231.330 0.000
231.583 0.000
231.837 0.000
232.090 0.000
232.344 0.000
232.598 0.000
232.851 0.000
233.105 0.000
233.359 0.000
233.612 0.000
233.866 0.000
234.120 0.000
234.373 0.000
234.627 0.000
234.880 0.000
235.134 0.000
235.388 0.000
235.641 0.000
235.895 0.000
236.149 0.000
236.402 0.000
236.656 0.000
236.910 0.000
237.163 0.000
237.417 0.000
237.671 0.000
237.924 0.000
238.178 0.000
238.431 0.000
238.685 0.000
238.939 0.000
239.192 0.000
239.446 0.000
239.700 0.000
239.953 0.000
240.207 0.000
240.461 0.000
240.714 0.000
240.968 0.000
241.222 0.000
241.475 0.000
241.729 0.000
241.982 0.000
242.236 0.000
242.490 0.000
242.743 0.000
242.997 0.000
243.251 0.000
243.504 0.000
243.758 0.000
244.012 0.000
244.265 0.000
244.519 0.000
244.773 0.000
245.026 0.000
245.280 0.000
245.533 0.000
245.787 0.000
246.041 0.000
246.294 0.000
246.548 0.000
246.802 0.000
247.055 0.000
247.309 0.000
247.563 0.000
247.816 0.000
248.070 0.000
248.324 0.000
248.577 0.000
248.831 0.000
249.084 0.000
249.338 0.000
249.592 0.000
249.845 0.000
250.099 0.000
250.353 0.000
250.606 0.000
250.860 0.000
251.114 0.000
251.367 0.000
251.621 0.000
251.875 0.000
252.128 0.000
252.382 0.000
252.635 0.000
252.889 0.000
253.143 0.000
253.396 0.000
253.650 0.000
253.904 0.000
254.159 0.000
254.413 0.000
254.667 0.000
254.922 0.000
255.176 0.000
255.431 0.000
255.685 0.000
255.939 0.000
256.194 0.000
256.448 0.000
256.702 0.000
256.957 0.000
257.211 0.000
257.465 0.000
257.720 0.000
257.974 0.000
258.228 0.000
258.483 0.000
258.737 0.000
258.992 0.000
259.246 0.000
259.500 0.000
259.755 0.000
260.009 0.000
260.263 0.000
260.518 0.000
260.772 0.000
261.026 0.000
261.281 0.000
261.535 0.000
261.789 0.000
262.044 0.000
262.298 0.000
262.553 0.000
262.807 0.000
263.061 0.000
263.316 0.000
263.570 0.000
263.824 0.000
264.079 0.000
264.333 0.000
264.587 0.000
264.842 0.000
265.096 0.000
265.351 0.000
265.605 0.000
265.859 0.000
266.114 0.000
266.368 0.000
266.622 0.000
266.877 0.000
267.131 0.000
267.385 0.000
267.640 0.000
267.894 0.000
268.148 0.000
268.403 0.000
268.657 0.000
268.912 0.000
269.166 0.000
269.420 0.000
269.675 0.000
269.929 0.000
270.183 0.000
270.438 0.000
270.692 0.000
270.946 0.000
271.201 0.000
271.455 0.000
271.709 0.000
271.964 0.000
272.218 0.000
272.473 0.000
272.727 0.000
272.981 0.000
273.236 0.000
273.490 0.000
273.744 0.000
273.999 0.000
274.253 0.000
274.507 0.000
274.762 0.000
275.016 0.000
275.271 0.000
275.525 0.000
275.779 0.000
276.034 0.000
276.288 0.000
276.542 0.000
276.797 0.000
277.051 0.000
277.305 0.000
277.560 0.000
277.814 0.000
278.068 0.000
278.323 0.000
278.577 0.000
278.832 0.000
279.086 0.000
279.340 0.000
279.595 0.000
279.849 0.000
280.103 0.000
280.358 0.000
280.612 0.000
280.866 0.000
281.121 0.000
281.375 0.000
281.629 0.000
281.884 0.000
282.138 0.000
282.393 0.000
282.647 0.000
282.901 0.000
283.156 0.000
283.410 0.000
283.664 0.000
283.919 0.000
284.173 0.000
284.427 0.000
284.682 0.000
284.936 0.000
285.191 0.000
285.445 0.000
285.699 0.000
285.954 0.000
286.208 0.000
286.462 0.000
286.717 0.000
286.971 0.000
287.225 0.000
287.480 0.000
287.734 0.000
287.988 0.000
288.243 0.000
288.497 0.000
288.752 0.000
289.006 0.000
289.260 0.000
289.515 0.000
289.769 0.000
290.023 0.000
290.278 0.000
290.532 0.000
290.786 0.000
291.041 0.000
291.295 0.000
291.549 0.000
291.804 0.000
292.058 0.000
292.313 0.000
292.567 0.000
292.821 0.000
293.076 0.000
293.330 0.000
293.584 0.000
293.839 0.000
294.093 0.000
294.347 0.000
294.602 0.000
294.856 0.000
295.111 0.000
295.365 0.000
295.619 0.000
295.874 0.000
296.128 0.000
296.382 0.000
296.637 0.000
296.891 0.000
297.145 0.000
297.400 0.000
297.654 0.000
297.908 0.000
298.163 0.000
298.417 0.000
298.672 24.000
298.926 64.000
299.180 125.000
299.435 207.000
299.689 209.000
299.943 221.000
300.198 417.000
300.452 508.000
300.706 528.000
300.961 632.000
301.215 672.000
301.469 765.000
301.724 794.000
301.978 862.000
302.233 876.000
302.487 1036.000
302.741 1102.000
302.996 1140.000
303.250 1186.000
303.504 1279.000
303.759 1414.000
304.013 1485.000
304.267 1565.000
304.522 1548.000
304.776 1717.000
305.031 1680.000
305.285 1829.000
305.539 1998.000
305.794 1944.000
306.048 2173.000
306.302 2328.000
306.557 2376.000
306.811 2515.000
307.065 2636.000
307.320 2752.000
307.574 2767.000
307.828 2943.000
308.083 3270.000
308.337 3307.000
308.592 3334.000
308.846 3572.000
309.100 3794.000
309.355 3836.000
309.609 4008.000
309.863 4203.000
310.118 4283.000
310.372 4468.000
310.626 4644.000
310.881 5026.000
311.135 5197.000
311.389 5338.000
311.644 5530.000
311.898 5677.000
312.153 5709.000
312.407 6025.000
312.661 6125.000
312.916 6172.000
313.170 6703.000
313.429 6781.000
313.688 7007.000
313.947 7117.000
314.206 7392.000
314.465 7680.000
314.724 7779.000
314.983 7949.000
315.242 8349.000
315.501 8462.000
315.760 8717.000
316.019 8987.000
316.278 9100.000
316.536 9395.000
316.795 9647.000
317.054 9957.000
317.313 10094.000
317.572 10451.000
317.831 10842.000
318.090 11023.000
318.349 11378.000
318.608 11814.000
318.867 11912.000
319.126 12054.000
319.385 12269.000
319.644 12493.000
319.903 12849.000
320.162 13156.000
320.421 13277.000
320.680 13756.000
320.939 14035.000
321.198 14194.000
321.457 14593.000
321.716 14984.000
321.975 15302.000
322.234 15324.000
322.493 15655.000
322.752 16151.000
323.010 16294.000
323.269 16707.000
323.528 16875.000
323.787 17028.000
324.046 17015.000
324.305 17478.000
324.564 18064.000
324.823 18221.000
325.082 18367.000
325.341 18875.000
325.600 19040.000
325.859 19192.000
326.118 19325.000
326.377 19676.000
326.636 20102.000
326.895 20410.000
327.154 20535.000
327.413 20747.000
327.672 21044.000
327.931 21146.000
328.190 21729.000
328.449 22059.000
328.708 22036.000
328.967 22287.000
329.226 22666.000
329.485 23036.000
329.743 23264.000
330.002 23456.000
330.261 23667.000
330.520 24029.000
330.779 24108.000
331.038 24421.000
331.297 24598.000
331.556 24864.000
331.815 25055.000
332.074 25187.000
332.333 25637.000
332.592 25729.000
332.851 26231.000
333.110 26168.000
333.369 26212.000
333.628 26680.000
333.887 27019.000
334.146 27059.000
334.405 27436.000
334.664 27582.000
334.923 27730.000
335.182 27906.000
335.441 28193.000
335.700 28584.000
335.959 28635.000
336.217 28609.000
336.476 28947.000
336.735 29207.000
336.994 29305.000
337.253 29535.000
337.512 29719.000
337.771 30140.000
338.030 30049.000
338.289 30341.000
338.548 30416.000
338.807 30648.000
339.066 30824.000
339.325 30835.000
339.584 31170.000
339.843 31383.000
340.102 31493.000
340.361 31452.000
340.620 31763.000
340.879 31712.000
341.138 31818.000
341.397 32121.000
341.656 32406.000
341.915 32588.000
342.174 32489.000
342.433 32415.000
342.691 32805.000
342.950 33026.000
343.209 33016.000
343.468 33263.000
343.727 33199.000
343.986 33414.000
344.245 33633.000
344.504 33485.000
344.763 33361.000
345.022 33611.000
345.281 33705.000
345.540 33729.000
345.799 33790.000
346.058 33801.000
346.317 34230.000
346.576 34300.000
346.835 34318.000
347.094 34476.000
347.353 34571.000
347.612 34455.000
347.871 34517.000
348.130 34886.000
348.389 34871.000
348.648 34831.000
348.907 34771.000
349.166 34857.000
349.424 35119.000
349.683 34989.000
349.942 34934.000
350.201 34824.000
350.460 34901.000
350.719 35059.000
350.978 35238.000
351.237 35141.000
351.496 35095.000
351.755 35341.000
352.014 35290.000
352.273 35275.000
352.532 35328.000
352.791 35376.000
353.050 35280.000
353.309 35330.000
353.568 35370.000
353.827 35156.000
354.086 35339.000
354.345 35557.000
354.604 35194.000
354.863 35252.000
355.122 35353.000
355.381 35611.000
355.640 35429.000
355.898 35262.000
356.157 35349.000
356.416 35397.000
356.675 35212.000
356.934 35295.000
357.193 35374.000
357.452 35093.000
357.711 35083.000
357.970 35299.000
358.229 34944.000
358.488 35062.000
358.747 35161.000
359.006 34935.000
359.265 34897.000
359.524 34926.000
359.783 34754.000
360.042 34653.000
360.301 34488.000
360.560 34392.000
360.819 34681.000
361.078 34677.000
361.337 34472.000
361.596 34385.000
361.855 34250.000
362.114 34329.000
362.372 34259.000
362.631 34025.000
362.890 33965.000
363.149 34010.000
363.408 34059.000
363.667 33864.000
363.926 33916.000
364.185 33901.000
364.444 33614.000
364.703 34032.000
364.962 33854.000
365.221 33878.000
365.480 33813.000
365.739 33730.000
365.999 33547.000
366.258 33611.000
366.518 33539.000
366.777 33660.000
367.037 33604.000
367.296 33263.000
367.556 33115.000
367.815 33263.000
368.075 33064.000
368.334 33011.000
368.594 33052.000
368.853 33060.000
369.113 33128.000
369.372 33277.000
369.632 33185.000
369.891 33183.000
370.150 33202.000
370.410 33045.000
370.669 33041.000
370.929 32874.000
371.188 32781.000
371.448 32964.000
371.707 32962.000
371.967 32926.000
372.226 32764.000
372.486 32921.000
372.745 32891.000
373.005 32514.000
373.264 32416.000
373.524 32508.000
373.783 32455.000
374.043 32725.000
374.302 32438.000
374.561 32066.000
374.821 31974.000
375.080 32126.000
375.340 32036.000
375.599 32132.000
375.859 31889.000
376.118 31995.000
376.378 31860.000
376.637 31628.000
376.897 31776.000
377.156 31497.000
377.416 31462.000
377.675 31421.000
377.935 31400.000
378.194 31299.000
378.454 31246.000
378.713 31005.000
378.972 31261.000
379.232 31365.000
379.491 31024.000
379.751 30877.000
380.010 30923.000
380.270 30771.000
380.529 30584.000
380.789 30587.000
381.048 30612.000
381.308 30524.000
381.567 30483.000
381.827 30639.000
382.086 30285.000
382.346 30019.000
382.605 29810.000
382.865 29876.000
383.124 30047.000
383.383 29907.000
383.643 29740.000
383.902 29691.000
384.162 29659.000
384.421 29730.000
384.681 29804.000
384.940 29571.000
385.200 29664.000
385.459 29770.000
385.719 29386.000
385.978 29207.000
386.238 28983.000
386.497 29085.000
386.757 28826.000
387.016 28842.000
387.276 28904.000
387.535 29013.000
387.794 28856.000
388.054 28653.000
388.313 28414.000
388.573 28586.000
388.832 28457.000
389.092 28270.000
389.351 28223.000
389.611 28127.000
389.870 28717.000
390.130 28511.000
390.389 28367.000
390.649 28128.000
390.908 27844.000
391.168 27844.000
391.427 27628.000
391.686 27607.000
391.946 27603.000
392.205 27533.000
392.465 27407.000
392.724 27273.000
392.984 27469.000
393.243 27404.000
393.503 27185.000
393.762 27047.000
394.022 26940.000
394.281 26798.000
394.541 26579.000
394.800 26946.000
395.060 26980.000
395.319 26583.000
395.579 26466.000
395.838 26422.000
396.097 26305.000
396.357 26277.000
396.616 26142.000
396.876 26172.000
397.135 26112.000
397.395 25901.000
397.654 25885.000
397.914 25896.000
398.173 25960.000
398.433 25922.000
398.692 25583.000
398.952 25606.000
399.211 25422.000
399.471 25315.000
399.730 25248.000
399.990 25218.000
400.249 25207.000
400.508 25251.000
400.768 24977.000
401.027 25116.000
401.287 25189.000
401.546 25159.000
401.806 25048.000
402.065 25114.000
402.325 25074.000
402.584 25003.000
402.844 25022.000
403.103 24825.000
403.363 24669.000
403.622 24596.000
403.882 24680.000
404.141 24620.000
404.401 24640.000
404.660 24340.000
404.926 24235.000
405.193 24234.000
405.459 24298.000
405.726 24290.000
405.992 24169.000
406.259 24245.000
406.525 24132.000
406.792 24027.000
407.058 24152.000
407.325 24420.000
407.591 24238.000
407.858 23792.000
408.124 23748.000
408.391 23760.000
408.657 23796.000
408.924 23767.000
409.190 23618.000
409.457 23786.000
409.723 23913.000
409.990 23664.000
410.256 23604.000
410.523 23811.000
410.789 23771.000
411.056 23635.000
411.322 23730.000
411.589 23542.000
411.855 23343.000
412.122 23244.000
412.388 23210.000
412.655 23390.000
412.921 23302.000
413.188 23281.000
413.454 23299.000
413.721 23183.000
413.987 23054.000
414.254 22996.000
414.520 22832.000
414.787 22788.000
415.053 22800.000
415.320 22741.000
415.586 22573.000
415.853 22449.000
416.119 22768.000
416.386 22664.000
416.652 22547.000
416.919 22339.000
417.185 22359.000
417.452 22414.000
417.718 22313.000
417.985 22134.000
418.251 21927.000
418.518 21906.000
418.784 21849.000
419.051 21847.000
419.317 21702.000
419.584 21538.000
419.850 21622.000
420.117 21440.000
420.383 21492.000
420.650 21306.000
420.916 21229.000
421.183 21377.000
421.449 21160.000
421.716 21318.000
421.982 21261.000
422.249 21250.000
422.515 21057.000
422.782 21071.000
423.048 21092.000
423.315 21164.000
423.581 20912.000
423.848 20806.000
424.114 20702.000
424.381 20720.000
424.647 20761.000
424.914 20750.000
425.180 20676.000
425.447 20689.000
425.713 20651.000
425.980 20495.000
426.246 20520.000
426.513 20332.000
426.779 20250.000
427.046 20205.000
427.312 20197.000
427.579 20107.000
427.845 20145.000
428.112 20004.000
428.378 19942.000
428.645 20096.000
428.911 19749.000
429.178 19781.000
429.444 20035.000
429.711 19937.000
429.977 19799.000
430.244 19649.000
430.510 19677.000
430.777 19726.000
431.043 19700.000
431.310 19673.000
431.576 19679.000
431.843 19677.000
432.109 19488.000
432.376 19367.000
432.642 19468.000
432.909 19459.000
433.175 19462.000
433.442 19222.000
433.708 19308.000
433.975 19311.000
434.241 19274.000
434.508 19270.000
434.774 19235.000
435.041 19266.000
435.307 19156.000
435.574 18946.000
435.840 18823.000
436.110 18858.000
436.379 18743.000
436.649 18766.000
436.918 18716.000
437.188 18599.000
437.457 18576.000
437.727 18345.000
437.996 18275.000
438.266 18407.000
438.535 18330.000
438.805 18520.000
439.074 18262.000
439.344 18009.000
439.613 17986.000
439.883 17901.000
440.152 17855.000
440.422 17802.000
440.691 17813.000
440.961 17750.000
441.230 17579.000
441.500 17609.000
441.769 17579.000
442.039 17577.000
442.308 17287.000
442.578 17371.000
442.847 17251.000
443.117 17307.000
443.386 17170.000
443.656 17006.000
443.925 16954.000
444.195 16825.000
444.464 16811.000
444.734 16967.000
445.003 16991.000
445.273 16799.000
445.542 16736.000
445.812 16617.000
446.081 16661.000
446.351 16646.000
446.620 16431.000
446.890 16667.000
447.159 16478.000
447.429 16141.000
447.698 15982.000
447.968 15955.000
448.238 15904.000
448.507 16039.000
448.777 16086.000
449.046 15954.000
449.316 15983.000
449.585 15840.000
449.855 15618.000
450.124 15527.000
450.394 15471.000
450.663 15532.000
450.933 15554.000
451.202 15547.000
451.472 15607.000
451.741 15560.000
452.011 15365.000
452.280 15261.000
452.550 15130.000
452.819 14988.000
453.089 14984.000
453.358 15142.000
453.628 14988.000
453.897 14874.000
454.167 14761.000
454.436 14914.000
454.706 14912.000
454.975 14912.088
455.245 14833.167
455.514 14731.537
455.784 14660.679
456.053 14628.116
456.323 14582.253
456.592 14498.008
456.862 14402.390
457.131 14352.590
457.401 14271.912
457.670 14012.948
457.940 13970.120
458.209 14035.857
458.479 14250.996
458.748 14003.984
459.018 13939.243
459.287 13957.171
459.557 13789.841
459.826 13673.307
460.096 13782.869
460.366 13730.080
460.635 13632.104
460.905 13724.826
461.174 13517.964
461.444 13596.404
461.713 13527.473
461.983 13464.000
462.252 13352.352
462.522 13536.072
462.791 13331.996
463.061 13236.948
463.330 13201.005
463.600 13269.618
463.869 13243.706
464.139 13098.691
464.408 13199.597
464.678 12964.682
464.947 12943.491
465.217 12840.404
465.486 12894.843
465.756 12881.579
466.025 12749.747
466.295 12610.942
466.564 12561.866
466.834 12549.696
467.103 12483.249
467.373 12586.382
467.642 12445.575
467.912 12290.946
468.181 12352.342
468.451 12264.016
468.720 12281.346
468.990 12068.367
469.259 12235.714
469.529 12224.719
469.798 12104.188
470.068 11836.568
470.337 11675.179
470.607 11753.830
470.876 11763.023
471.146 11794.688
471.415 11658.163
471.685 11569.388
471.954 11366.327
472.224 11351.020
472.493 11343.878
472.763 11465.306
473.033 11436.735
473.302 11254.082
473.572 11000.000
473.841 11000.000
474.111 11062.181
474.380 10992.864
474.650 10916.412
474.919 10902.141
475.189 10850.305
475.458 10689.409
475.728 10540.733
475.997 10648.016
476.267 10613.428
476.536 10524.390
476.806 10455.838
477.075 10556.345
477.345 10591.278
477.614 10307.302
477.884 10299.899
478.153 10369.807
478.423 10218.845
478.692 10136.640
478.962 10001.012
479.231 9957.533
479.501 9822.042
479.770 9933.333
480.040 9982.828
480.309 9937.437
480.579 9858.871
480.848 9693.548
481.118 9556.898
481.387 9550.302
481.657 9360.804
481.926 9457.831
482.196 9566.265
482.465 9465.396
482.735 9392.177
483.004 9252.505
483.274 9236.473
483.543 9132.132
483.813 9123.000
484.082 9081.000
484.352 9058.941
484.621 8957.043
484.891 8853.293
485.161 8825.349
485.430 8839.482
485.700 8782.652
485.969 8736.056
486.239 8588.645
486.508 8689.243
486.778 8718.127
487.047 8622.510
487.317 8484.577
487.586 8434.826
487.856 8526.368
488.125 8290.547
488.395 8346.269
488.664 8303.483
488.934 8402.985
489.203 8371.514
489.473 8210.159
489.742 8094.622
490.012 7969.093
490.281 8040.877
490.551 8125.623
490.820 8130.739
491.090 8169.661
491.359 8134.865
491.629 8100.899
491.898 7984.016
492.168 7922.078
492.437 7691.000
492.707 7847.000
492.976 7901.902
493.246 7813.627
493.515 7776.329
493.785 7584.754
494.054 7582.329
494.324 7481.407
494.593 7245.226
494.863 7430.584
495.132 7498.489
495.402 7510.081
495.671 7377.016
495.941 7285.570
496.210 7338.384
496.480 7199.191
496.749 7198.180
497.019 7209.514
497.289 7155.870
497.558 7176.292
497.828 7144.016
498.097 7102.538
498.367 7114.837
498.636 7119.919
498.906 6856.562
499.175 6862.665
499.445 6918.534
499.714 6642.566
499.984 6638.124
500.253 6625.510
500.523 6455.102
500.792 6713.994
501.062 6618.999
501.331 6658.836
501.601 6554.192
501.870 6617.587
502.140 6448.875
502.409 6556.807
502.679 6429.887
502.948 6237.462
503.218 6256.148
503.487 6343.238
503.757 6343.590
504.026 6378.462
504.296 6317.949
504.565 6163.077
504.835 6045.128
505.104 6150.924
505.374 6096.509
505.643 5889.117
505.913 5979.445
506.182 5872.559
506.452 5758.479
506.721 5846.865
506.991 5900.206
507.260 5884.774
507.530 5901.235
507.799 5916.667
508.069 5778.807
508.338 5597.122
508.608 5554.415
508.877 5598.563
509.147 5555.897
509.416 5585.041
509.686 5436.605
509.956 5460.674
510.225 5539.796
510.495 5448.065
510.764 5293.998
511.034 5317.766
511.303 5356.636
511.573 5231.781
511.842 5138.384
512.112 5126.008
512.381 5163.984
512.651 5062.249
512.920 5045.090
513.190 4963.037
513.459 4902.293
513.729 4790.258
513.998 4828.373
514.268 4755.446
514.537 4899.309
514.807 4981.281
515.076 4824.975
515.346 4777.451
515.615 4739.980
515.885 4738.537
516.154 4692.308
516.424 4638.484
516.693 4721.629
516.963 4619.555
517.232 4482.126
517.502 4500.963
517.771 4334.615
518.041 4345.821
518.310 4365.292
518.580 4414.751
518.849 4314.532
519.119 4325.692
519.388 4399.809
519.658 4387.035
519.927 4284.762
520.197 4196.004
520.466 4250.000
520.736 4216.730
521.005 4108.262
521.275 4053.181
521.544 4133.903
521.814 4068.376
522.084 4061.728
522.353 3981.956
522.623 3953.466
522.892 4009.497
523.162 3995.252
523.431 4030.418
523.701 3912.548
523.970 3876.308
524.240 3787.821
524.509 3841.905
524.779 3902.857
525.048 3686.368
525.318 3769.304
525.587 3717.557
525.857 3699.140
526.126 3742.120
526.396 3688.337
526.665 3706.220
526.935 3597.701
527.204 3606.903
527.474 3547.985
527.743 3574.448
528.013 3527.885
528.282 3449.471
528.552 3410.405
528.821 3376.085
529.091 3443.050
529.360 3372.947
529.630 3342.360
529.899 3462.730
530.169 3572.120
530.438 3343.023
530.708 3207.565
530.977 3313.592
531.247 3358.252
531.516 3385.811
531.786 3357.004
532.055 3197.663
532.325 3070.175
532.594 3076.098
532.864 3115.234
533.133 3161.290
533.403 3076.321
533.672 3058.708
533.942 3129.412
534.212 3223.749
534.481 3037.328
534.751 2897.839
535.020 2968.535
535.290 2899.606
535.559 2793.307
535.829 2905.419
536.098 3008.876
536.368 2884.501
536.637 2769.003
536.907 2795.455
537.176 2760.870
537.446 2715.415
537.715 2656.775
537.985 2610.287
538.254 2635.644
538.524 2752.475
538.793 2764.356
539.063 2700.990
539.332 2743.310
539.602 2689.792
539.871 2652.131
540.141 2569.871
540.410 2632.309
540.680 2578.791
540.949 2612.488
541.219 2468.781
541.488 2453.915
541.758 2481.665
542.027 2376.611
542.297 2452.475
542.566 2390.099
542.836 2378.218
543.105 2420.792
543.375 2472.277
543.644 2364.356
543.914 2266.073
544.183 2280.910
544.453 2332.344
544.722 2235.410
544.992 2137.488
545.261 2098.814
545.531 2133.399
545.800 2161.067
546.070 2168.806
546.346 2208.087
546.622 2126.108
546.897 2101.378
547.173 2163.225
547.449 2077.679
547.725 2049.116
548.001 1995.093
548.276 2066.667
548.552 2028.431
548.828 2041.136
549.104 2006.856
549.380 1912.916
549.655 1885.519
549.931 1885.630
550.207 1928.711
550.483 1888.672
550.759 1876.098
551.034 1840.156
551.310 1771.930
551.586 1754.625
551.862 1748.783
552.138 1721.790
552.413 1772.374
552.689 1810.496
552.965 1741.497
553.241 1671.526
553.517 1695.146
553.793 1744.660
554.068 1650.485
554.344 1650.485
554.620 1709.020
554.896 1581.959
555.172 1476.237
555.447 1590.689
555.723 1604.268
555.999 1637.245
556.275 1533.463
556.551 1474.297
556.826 1444.229
557.102 1483.996
557.378 1515.034
557.654 1580.583
557.930 1565.049
558.205 1413.592
558.481 1433.010
558.757 1395.530
559.033 1381.924
559.309 1549.077
559.584 1542.274
559.860 1396.887
560.136 1357.977
560.412 1419.261
560.688 1282.376
560.963 1169.426
561.239 1354.776
561.515 1313.840
561.791 1304.094
562.067 1251.462
562.342 1218.537
562.618 1263.415
562.894 1236.328
563.170 1313.477
563.446 1252.930
563.721 1153.470
563.997 1182.796
564.273 1299.413
564.549 1299.706
564.825 1200.784
565.100 1212.537
565.376 1129.412
565.652 1161.765
565.928 1153.091
566.204 1167.812
566.479 1133.595
566.755 1106.090
567.031 1087.512
567.307 1102.262
567.583 1015.748
567.858 1150.591
568.134 1151.575
568.410 952.709
568.686 993.103
568.962 1006.903
569.237 1057.199
569.513 904.245
569.789 980.257
570.065 944.664
570.341 860.672
570.617 925.889
570.892 925.816
571.168 836.634
571.444 905.941
571.720 842.574
571.996 858.416
572.271 948.464
572.547 916.749
572.823 875.000
573.099 776.786
573.375 831.349
573.650 834.325
573.926 726.912
574.202 811.321
574.478 754.717
574.754 657.398
575.029 729.622
575.305 743.539
575.581 691.849
575.857 792.247
576.133 734.592
576.408 719.682
576.684 622.266
576.960 694.831
577.239 804.175
577.517 702.783
577.796 702.783
578.075 666.004
578.354 599.801
578.632 686.197
578.911 700.099
579.190 673.287
579.469 621.032
579.747 533.730
580.026 497.024
580.305 553.571
580.584 583.746
580.862 612.488
581.141 491.576
581.420 411.881
581.699 487.129
581.977 531.157
582.256 538.081
582.535 459.486
582.814 486.166
583.092 477.789
583.371 405.726
583.650 521.696
583.929 504.931
584.207 476.847
584.486 532.020
584.765 512.795
585.043 382.498
585.322 401.180
585.601 375.246
585.880 408.644
586.158 446.516
586.437 388.616
586.716 415.686
586.995 436.827
587.273 415.851
587.552 383.187
587.831 304.688
588.110 275.122
588.388 217.349
588.667 247.322
588.946 252.918
589.225 246.602
589.503 220.175
589.782 183.140
590.061 195.547
590.340 260.155
590.618 297.585
590.897 360.039
591.176 310.511
591.455 362.235
591.733 305.101
592.012 168.269
592.291 184.438
592.570 134.357
592.848 139.981
593.127 91.954
593.406 79.426
593.684 97.514
593.963 192.932
594.242 223.282
594.521 127.741
594.799 48.571
595.078 36.156
595.357 16.160
595.636 0.000
595.914 69.326
596.193 117.647
596.472 45.541
596.751 0.000
597.029 54.028
597.308 28.436
597.587 12.322
597.866 0.000
598.144 0.000
598.423 0.000
598.702 0.000
598.981 0.000
599.259 0.000
599.538 0.000
599.817 0.000
600.096 0.000
600.374 78.695
600.653 0.000
600.932 0.000
601.210 0.000
601.489 0.000
601.768 0.000
602.047 0.000
602.325 0.000
602.604 0.000
602.883 0.000
603.162 0.000
603.440 0.000
603.719 0.000
603.998 0.000
604.277 0.000
604.555 0.000
604.834 0.000
605.113 0.000
605.392 0.000
605.670 0.000
605.949 0.000
606.228 0.000
606.507 0.000
606.785 0.000
607.064 0.000
607.343 0.000
607.622 0.000
607.900 0.000
608.179 0.000
608.458 0.000
608.736 0.000
609.015 0.000
609.294 0.000
609.573 0.000
609.851 0.000
610.130 0.000
610.409 0.000
610.688 0.000
610.966 0.000
611.245 0.000
611.524 0.000
611.803 0.000
612.081 0.000
612.360 0.000
612.639 0.000
612.918 0.000
613.196 0.000
613.475 0.000
613.754 0.000
614.033 0.000
614.311 0.000
614.590 0.000
614.869 0.000
615.148 0.000
615.426 0.000
615.705 0.000
615.984 0.000
616.263 0.000
616.541 0.000
616.820 0.000
617.099 0.000
617.377 0.000
617.656 0.000
617.935 0.000
618.214 0.000
618.492 0.000
618.771 0.000
619.050 0.000
619.329 0.000
619.607 0.000
619.886 0.000
620.165 0.000
620.444 0.000
620.722 0.000
621.001 0.000
621.280 0.000
621.559 0.000
621.837 0.000
622.116 0.000
622.395 0.000
622.674 0.000
622.952 0.000
623.231 0.000
623.510 0.000
623.789 0.000
624.067 0.000
624.346 0.000
624.625 0.000
624.904 0.000
625.182 0.000
625.461 0.000
625.740 0.000
626.018 0.000
626.297 0.000
626.576 0.000
626.855 0.000
627.133 0.000
627.412 0.000
627.691 0.000
627.970 0.000
628.248 0.000
628.527 0.000
628.806 0.000
629.085 0.000
629.363 0.000
629.642 0.000
629.921 0.000
630.200 0.000
630.478 0.000
630.757 0.000
631.036 0.000
631.315 0.000
631.593 0.000
631.872 0.000
632.151 0.000
632.430 0.000
632.708 0.000
632.987 0.000
633.266 0.000
633.544 0.000
633.823 0.000
634.102 0.000
634.381 0.000
634.659 0.000
634.938 0.000
635.217 0.000
635.496 0.000
635.774 0.000
636.053 0.000
636.332 0.000
636.611 0.000
636.889 0.000
637.168 0.000
637.447 0.000
637.726 0.000
638.004 0.000
638.283 0.000
638.562 0.000
638.841 0.000
639.119 0.000
639.398 0.000
639.677 0.000
639.956 0.000
640.234 0.000
640.513 0.000
640.792 0.000
641.070 0.000
641.349 0.000
641.628 0.000
641.907 0.000
642.185 0.000
642.464 0.000
642.743 0.000
643.022 0.000
643.300 0.000
643.579 0.000
643.858 0.000
644.137 0.000
644.415 0.000
644.694 0.000
644.973 0.000
645.252 0.000
645.530 0.000
645.809 0.000
646.088 0.000
646.367 0.000
646.645 0.000
646.924 0.000
647.203 0.000
647.482 0.000
647.760 0.000
648.039 0.000
648.318 0.000
648.596 0.000
648.875 0.000
649.154 0.000
649.433 0.000
649.711 0.000
649.990 0.000
650.269 0.000
650.548 0.000
650.826 0.000
651.105 0.000
651.384 0.000
651.663 0.000
651.941 0.000
652.220 0.000
652.499 0.000
652.778 0.000
653.056 0.000
653.335 0.000
653.614 0.000
653.893 0.000
654.171 0.000
654.450 0.000
654.729 0.000
655.008 0.000
655.286 0.000
655.565 0.000
655.844 0.000
656.123 0.000
656.401 0.000
656.680 0.000
656.959 0.000
657.237 0.000
657.516 0.000
657.795 0.000
658.074 0.000
658.352 0.000
658.631 0.000
658.910 0.000
659.189 0.000
659.467 0.000
659.746 0.000
660.025 0.000
660.304 0.000
660.582 0.000
660.861 0.000
661.140 0.000
661.419 0.000
661.697 0.000
661.976 0.000
662.255 0.000
662.534 0.000
662.812 0.000
663.091 0.000
663.370 0.000
663.649 0.000
663.927 0.000
664.206 0.000
664.485 0.000
664.764 0.000
665.042 0.000
665.321 0.000
665.600 0.000
665.878 0.000
666.157 0.000
666.436 0.000
666.715 0.000
666.993 0.000
667.272 0.000
667.551 0.000
667.830 0.000
668.108 0.000
668.387 0.000
668.666 0.000
668.945 0.000
669.223 0.000
669.502 0.000
669.781 0.000
670.060 0.000
670.338 0.000
670.617 0.000
670.896 0.000
671.175 0.000
671.453 0.000
671.732 0.000
672.011 0.000
672.290 0.000
672.568 0.000
672.847 0.000
673.126 0.000
673.404 0.000
673.683 0.000
673.962 0.000
674.241 0.000
674.519 0.000
674.798 0.000
675.077 0.000
675.356 0.000
675.634 0.000
675.913 0.000
676.192 0.000
676.471 0.000
676.749 0.000
677.028 0.000
677.307 0.000
677.586 0.000
677.864 0.000
678.143 0.000
678.422 0.000
678.701 0.000
678.979 0.000
679.258 0.000
679.537 0.000
679.816 0.000
680.094 0.000
680.373 0.000
680.652 0.000
680.930 0.000
681.209 0.000
681.488 0.000
681.767 0.000
682.045 0.000
682.324 0.000
682.603 0.000
682.882 0.000
683.160 0.000
683.439 0.000
683.718 0.000
683.997 0.000
684.275 0.000
684.554 0.000
684.833 0.000
685.112 0.000
685.390 0.000
685.669 0.000
685.948 0.000
686.227 0.000
686.505 0.000
686.784 0.000
687.063 0.000
687.342 0.000
687.620 0.000
687.899 0.000
688.178 0.000
688.457 0.000
688.735 0.000
689.014 0.000
689.293 0.000
689.571 0.000
689.850 0.000
690.129 0.000
690.408 0.000
690.686 0.000
690.965 0.000
691.244 0.000
691.523 0.000
691.801 0.000
692.080 0.000
692.359 0.000
692.638 0.000
692.916 0.000
693.195 0.000
693.474 0.000
693.753 0.000
694.031 0.000
694.310 0.000
694.589 0.000
694.868 0.000
695.146 0.000
695.425 0.000
695.704 0.000
695.983 0.000
696.261 0.000
696.540 0.000
696.825 0.000
697.110 0.000
697.395 0.000
697.680 0.000
697.965 0.000
698.250 0.000
698.535 0.000
698.819 0.000
699.104 0.000
699.389 0.000
699.674 0.000
699.959 0.000
700.244 0.000
700.529 0.000
700.814 0.000
701.099 0.000
701.384 0.000
701.669 0.000
701.954 0.000
702.239 0.000
702.524 0.000
702.809 0.000
703.094 0.000
703.378 0.000
703.663 0.000
703.948 0.000
704.233 0.000
704.518 0.000
704.803 0.000
705.088 0.000
705.373 0.000
705.658 0.000
705.943 0.000
706.228 0.000
706.513 0.000
706.798 0.000
707.083 0.000
707.368 0.000
707.653 0.000
707.937 0.000
708.222 0.000
708.507 0.000
708.792 0.000
709.077 0.000
709.362 0.000
709.647 0.000
709.932 0.000
710.217 0.000
710.502 0.000
710.787 0.000
711.072 0.000
711.357 0.000
711.642 0.000
711.927 0.000
712.211 0.000
712.496 0.000
712.781 0.000
713.066 0.000
713.351 0.000
713.636 0.000
713.921 0.000
714.206 0.000
714.491 0.000
714.776 0.000
715.061 0.000
715.346 0.000
715.631 0.000
715.916 0.000
716.201 0.000
716.486 0.000
716.770 0.000
717.055 0.000
717.340 0.000
717.625 0.000
717.910 0.000
718.195 0.000
718.480 0.000
718.765 0.000
719.050 0.000
719.335 0.000
719.620 0.000
719.905 0.000
720.190 0.000
720.475 0.000
720.760 0.000
721.045 0.000
721.329 0.000
721.614 0.000
721.899 0.000
722.184 0.000
722.469 0.000
722.754 0.000
723.039 0.000
723.324 0.000
723.609 0.000
723.894 0.000
724.179 0.000
724.464 0.000
724.749 0.000
725.034 0.000
725.319 0.000
725.603 0.000
725.888 0.000
726.173 0.000
726.458 0.000
726.743 0.000
727.028 0.000
727.313 0.000
727.598 0.000
727.883 0.000
728.168 0.000
728.453 0.000
728.738 0.000
729.023 0.000
729.308 0.000
729.593 0.000
729.878 0.000
730.162 0.000
730.447 0.000
730.732 0.000
731.017 0.000
731.302 0.000
731.587 0.000
731.872 0.000
732.157 0.000
732.442 0.000
732.727 0.000
733.012 0.000
733.297 0.000
733.582 0.000
733.867 0.000
734.152 0.000
734.437 0.000
734.721 0.000
735.006 0.000
735.291 0.000
735.576 0.000
735.861 0.000
736.146 0.000
736.431 0.000
736.716 0.000
737.001 0.000
737.286 0.000
737.571 0.000
737.856 0.000
738.141 0.000
738.426 0.000
738.711 0.000
738.995 0.000
739.280 0.000
739.565 0.000
739.850 0.000
740.135 0.000
740.420 0.000
740.705 0.000
740.990 0.000
741.275 0.000
741.560 0.000
741.845 0.000
742.130 0.000
742.415 0.000
742.700 0.000
742.985 0.000
743.270 0.000
743.554 0.000
743.839 0.000
744.124 0.000
744.409 0.000
744.694 0.000
744.979 0.000
745.264 0.000
745.549 0.000
745.834 0.000
746.119 0.000
746.404 0.000
746.689 0.000
746.974 0.000
747.259 0.000
747.544 0.000
747.829 0.000
748.113 0.000
748.398 0.000
748.683 0.000
748.968 0.000
749.253 0.000
749.538 0.000
749.823 0.000
750.108 0.000
750.393 0.000
750.678 0.000
750.963 0.000
751.248 0.000
751.533 0.000
751.818 0.000
752.103 0.000
752.387 0.000
752.672 0.000
752.957 0.000
753.242 0.000
753.527 0.000
753.812 0.000
754.097 0.000
754.382 0.000
754.667 0.000
754.952 0.000
755.237 0.000
755.522 0.000
755.807 0.000
756.092 0.000
756.377 0.000
756.662 0.000
756.946 0.000
757.231 0.000
757.516 0.000
757.801 0.000
758.086 0.000
758.371 0.000
758.656 0.000
758.941 0.000
759.226 0.000
759.511 0.000
759.796 0.000
760.081 0.000
760.366 0.000
760.651 0.000
760.936 0.000
761.221 0.000
761.505 0.000
761.790 0.000
762.075 0.000
762.360 0.000
762.645 0.000
762.930 0.000
763.215 0.000
763.500 0.000
763.791 0.000
764.082 0.000
764.373 0.000
764.664 0.000
764.955 0.000
765.247 0.000
765.538 0.000
765.829 0.000
766.120 0.000
766.411 0.000
766.702 0.000
766.993 0.000
767.284 0.000
767.575 0.000
767.866 0.000
768.157 0.000
768.449 0.000
768.740 0.000
769.031 0.000
769.322 0.000
769.613 0.000
769.904 0.000
770.195 0.000
770.486 0.000
770.777 0.000
771.068 0.000
771.359 0.000
771.651 0.000
771.942 0.000
772.233 0.000
772.524 0.000
772.815 0.000
773.106 0.000
773.397 0.000
773.688 0.000
773.979 0.000
774.270 0.000
774.561 0.000
774.853 0.000
775.144 0.000
775.435 0.000
775.726 0.000
776.017 0.000
776.308 0.000
776.599 0.000
776.890 0.000
777.181 0.000
777.472 0.000
777.763 0.000
778.055 0.000
778.346 0.000
778.637 0.000
778.928 0.000
779.219 0.000
779.510 0.000
779.801 0.000
780.092 0.000
780.383 0.000
780.674 0.000
780.965 0.000
781.257 0.000
781.548 0.000
781.839 0.000
782.130 0.000
782.421 0.000
782.712 0.000
783.003 0.000
783.294 0.000
783.585 0.000
783.876 0.000
784.167 0.000
784.459 0.000
784.750 0.000
785.041 0.000
785.332 0.000
785.623 0.000
785.914 0.000
786.205 0.000
786.496 0.000
786.787 0.000
787.078 0.000
787.369 0.000
787.661 0.000
787.952 0.000
788.243 0.000
788.534 0.000
788.825 0.000
789.116 0.000
789.407 0.000
789.698 0.000
789.989 0.000
790.280 0.000
790.571 0.000
790.863 0.000
791.154 0.000
791.445 0.000
791.736 0.000
792.027 0.000
792.318 0.000
792.609 0.000
792.900 0.000
793.191 0.000
793.482 0.000
793.773 0.000
794.065 0.000
794.356 0.000
794.647 0.000
794.938 0.000
795.229 0.000
795.520 0.000
795.811 0.000
796.102 0.000
796.393 0.000
796.684 0.000
796.975 0.000
797.267 0.000
797.558 0.000
797.849 0.000
798.140 0.000
798.431 0.000
798.722 0.000
799.013 0.000
799.304 0.000
799.595 0.000
799.886 0.000
800.177 0.000
800.469 0.000
800.760 0.000
801.051 0.000
801.342 0.000
801.633 0.000
801.924 0.000
802.215 0.000
802.506 0.000
802.797 0.000
803.088 0.000
803.379 0.000
803.671 0.000
803.962 0.000
804.253 0.000
804.544 0.000
804.835 0.000
805.126 0.000
805.417 0.000
805.708 0.000
805.999 0.000
806.290 0.000
806.581 0.000
806.873 0.000
807.164 0.000
807.455 0.000
807.746 0.000
808.037 0.000
808.328 0.000
808.619 0.000
808.910 0.000
809.201 0.000
809.492 0.000
809.783 0.000
810.075 0.000
810.366 0.000
810.657 0.000
810.948 0.000
811.239 0.000
811.530 0.000
811.821 0.000
812.112 0.000
812.404 0.000
812.695 0.000
812.986 0.000
813.277 0.000
813.569 0.000
813.860 0.000
814.151 0.000
814.442 0.000
814.734 0.000
815.025 0.000
815.316 0.000
815.607 0.000
815.899 0.000
816.190 0.000
816.481 0.000
816.772 0.000
817.064 0.000
817.355 0.000
817.646 0.000
817.937 0.000
818.229 0.000
818.520 0.000
818.811 0.000
819.102 0.000
819.394 0.000
819.685 0.000
819.976 0.000
820.267 0.000
820.559 0.000
820.850 0.000
821.141 0.000
821.432 0.000
821.723 0.000
822.015 0.000
822.306 0.000
822.597 0.000
822.888 0.000
823.180 0.000
823.471 0.000
823.762 0.000
824.053 0.000
824.345 0.000
824.636 0.000
824.927 0.000
825.218 0.000
825.510 0.000
825.801 0.000
826.092 0.000
826.383 0.000
826.675 0.000
826.966 0.000
827.257 0.000
827.548 0.000
827.840 0.000
828.131 0.000
828.422 0.000
828.713 0.000
829.005 0.000
829.296 0.000
829.587 0.000
829.878 0.000
830.170 0.000
830.461 0.000
830.752 0.000
831.043 0.000
831.335 0.000
831.626 0.000
831.917 0.000
832.208 0.000
832.499 0.000
832.791 0.000
833.082 0.000
833.373 0.000
833.664 0.000
833.956 0.000
834.247 0.000
834.538 0.000
834.829 0.000
835.121 0.000
835.412 0.000
835.703 0.000
835.994 0.000
836.286 0.000
836.577 0.000
836.868 0.000
837.159 0.000
837.451 0.000
837.742 0.000
838.033 0.000
838.324 0.000
838.616 0.000
838.907 0.000
839.198 0.000
839.489 0.000
839.781 0.000
840.072 0.000
840.363 0.000
840.654 0.000
840.946 0.000
841.237 0.000
841.528 0.000
841.819 0.000
842.110 0.000
842.402 0.000
842.693 0.000
842.984 0.000
843.275 0.000
843.567 0.000
843.858 0.000
844.149 0.000
844.440 0.000
844.732 0.000
845.023 0.000
845.314 0.000
845.605 0.000
845.897 0.000
846.188 0.000
846.479 0.000
846.770 0.000
847.062 0.000
847.353 0.000
847.644 0.000
847.935 0.000
848.227 0.000
848.518 0.000
848.809 0.000
849.100 0.000
849.392 0.000
849.683 0.000
849.974 0.000
850.265 0.000
850.557 0.000
850.848 0.000
851.139 0.000
851.430 0.000
851.721 0.000
852.013 0.000
852.304 0.000
852.595 0.000
852.886 0.000
853.178 0.000
853.469 0.000
853.760 0.000
854.051 0.000
854.343 0.000
854.634 0.000
854.925 0.000
855.216 0.000
855.508 0.000
855.799 0.000
856.090 0.000
856.381 0.000
856.673 0.000
856.964 0.000
857.255 0.000
857.546 0.000
857.838 0.000
858.129 0.000
858.420 0.000
858.711 0.000
859.003 0.000
859.294 0.000
859.585 0.000
859.876 0.000
860.168 0.000
860.459 0.000
860.750 0.000
861.041 0.000
861.333 0.000
861.624 0.000
861.915 0.000
862.206 0.000
862.497 0.000
862.789 0.000
863.080 0.000
863.371 0.000
863.662 0.000
863.954 0.000
864.245 0.000
864.536 0.000
864.827 0.000
865.119 0.000
865.410 0.000
865.701 0.000
865.992 0.000
866.284 0.000
866.575 0.000
866.866 0.000
867.157 0.000
867.449 0.000
867.740 0.000
868.031 0.000
868.322 0.000
868.614 0.000
868.905 0.000
869.196 0.000
869.487 0.000
869.779 0.000
870.070 0.000
870.361 0.000
870.652 0.000
870.944 0.000
871.235 0.000
871.526 0.000
871.817 0.000
872.109 0.000
872.400 0.000
872.691 0.000
872.982 0.000
873.273 0.000
873.565 0.000
873.856 0.000
874.147 0.000
874.438 0.000
874.730 0.000
875.021 0.000
875.312 0.000
875.603 0.000
875.895 0.000
876.186 0.000
876.477 0.000
876.768 0.000
877.060 0.000
877.351 0.000
877.642 0.000
877.933 0.000
878.225 0.000
878.516 0.000
878.807 0.000
879.098 0.000
879.390 0.000
879.681 0.000
879.972 0.000
880.263 0.000
880.555 0.000
880.846 0.000
881.137 0.000
881.428 0.000
881.720 0.000
882.011 0.000
882.302 0.000
882.593 0.000
882.884 0.000
883.176 0.000
883.467 0.000
883.758 0.000
884.049 0.000
884.341 0.000
884.632 0.000
884.923 0.000
885.214 0.000
885.506 0.000
885.797 0.000
886.088 0.000
886.379 0.000
886.671 0.000
886.962 0.000
887.253 0.000
887.544 0.000
887.836 0.000
888.127 0.000
888.418 0.000
888.709 0.000
889.001 0.000
889.292 0.000
889.583 0.000
889.874 0.000
890.166 0.000
890.457 0.000
890.748 0.000
891.039 0.000
891.331 0.000
891.622 0.000
891.913 0.000
892.204 0.000
892.495 0.000
892.787 0.000
893.078 0.000
893.369 0.000
893.660 0.000
893.952 0.000
894.243 0.000
894.534 0.000
894.825 0.000
895.117 0.000
895.408 0.000
895.699 0.000
895.990 0.000
896.282 0.000
896.573 0.000
896.864 0.000
897.155 0.000
897.447 0.000
897.738 0.000
898.029 0.000
898.320 0.000
898.612 0.000
898.903 0.000
899.194 0.000
899.485 0.000
899.777 0.000
900.068 0.000
900.359 0.000
900.650 0.000
900.942 0.000
901.233 0.000
901.524 0.000
901.815 0.000
902.106 0.000
902.398 0.000
902.689 0.000
902.980 0.000
903.271 0.000
903.563 0.000
903.854 0.000
904.145 0.000
904.436 0.000
904.728 0.000
905.019 0.000
905.310 0.000
905.601 0.000
905.893 0.000
906.184 0.000
906.475 0.000
906.766 0.000
907.058 0.000
907.349 0.000
907.640 0.000
907.931 0.000
908.223 0.000
908.514 0.000
908.805 0.000
909.096 0.000
909.388 0.000
909.679 0.000
909.970 0.000
910.261 0.000
910.553 0.000
910.844 0.000
911.135 0.000
911.426 0.000
911.718 0.000
912.009 0.000
912.300 0.000
912.599 0.000
912.898 0.000
913.196 0.000
913.495 0.000
913.794 0.000
914.093 0.000
914.391 0.000
914.690 0.000
914.989 0.000
915.288 0.000
915.586 0.000
915.885 0.000
916.184 0.000
916.483 0.000
916.782 0.000
917.080 0.000
917.379 0.000
917.678 0.000
917.977 0.000
918.275 0.000
918.574 0.000
918.873 0.000
919.172 0.000
919.471 0.000
919.769 0.000
920.068 0.000
920.367 0.000
920.666 0.000
920.964 0.000
921.263 0.000
921.562 0.000
921.861 0.000
922.159 0.000
922.458 0.000
922.757 0.000
923.056 0.000
923.355 0.000
923.653 0.000
923.952 0.000
924.251 0.000
924.550 0.000
924.848 0.000
925.147 0.000
925.446 0.000
925.745 0.000
926.043 0.000
926.342 0.000
926.641 0.000
926.940 0.000
927.239 0.000
927.537 0.000
927.836 0.000
928.135 0.000
928.434 0.000
928.732 0.000
929.031 0.000
929.330 0.000
929.629 0.000
929.927 0.000
930.226 0.000
930.525 0.000
930.824 0.000
931.123 0.000
931.421 0.000
931.720 0.000
932.019 0.000
932.318 0.000
932.616 0.000
932.915 0.000
933.214 0.000
933.513 0.000
933.812 0.000
934.110 0.000
934.409 0.000
934.708 0.000
935.007 0.000
935.305 0.000
935.604 0.000
935.903 0.000
936.202 0.000
936.500 0.000
936.799 0.000
937.098 0.000
937.397 0.000
937.696 0.000
937.994 0.000
938.293 0.000
938.592 0.000
938.891 0.000
939.189 0.000
939.488 0.000
939.787 0.000
940.086 0.000
940.384 0.000
940.683 0.000
940.982 0.000
941.281 0.000
941.580 0.000
941.878 0.000
942.177 0.000
942.476 0.000
942.775 0.000
943.073 0.000
943.372 0.000
943.671 0.000
943.970 0.000
944.268 0.000
944.567 0.000
944.866 0.000
945.165 0.000
945.464 0.000
945.762 0.000
946.061 0.000
946.360 0.000
946.659 0.000
946.957 0.000
947.256 0.000
947.555 0.000
947.854 0.000
948.153 0.000
948.451 0.000
948.750 0.000
949.049 0.000
949.348 0.000
949.646 0.000
949.945 0.000
950.244 0.000
950.543 0.000
950.841 0.000
951.140 0.000
951.439 0.000
951.738 0.000
952.037 0.000
952.335 0.000
952.634 0.000
952.933 0.000
953.232 0.000
953.530 0.000
953.829 0.000
954.128 0.000
954.427 0.000
954.725 0.000
955.024 0.000
955.323 0.000
955.622 0.000
955.921 0.000
956.219 0.000
956.518 0.000
956.817 0.000
957.116 0.000
957.414 0.000
957.713 0.000
958.012 0.000
958.311 0.000
958.610 0.000
958.908 0.000
959.207 0.000
959.506 0.000
959.805 0.000
960.103 0.000
960.402 0.000
960.701 0.000
961.000 0.000
961.298 0.000
961.597 0.000
961.896 0.000
962.195 0.000
962.494 0.000
962.792 0.000
963.091 0.000
963.390 0.000
963.689 0.000
963.987 0.000
964.286 0.000
964.585 0.000
964.884 0.000
965.182 0.000
965.481 0.000
965.780 0.000
966.075 0.000
966.370 0.000
966.666 0.000
966.961 0.000
967.256 0.000
967.551 0.000
967.847 0.000
968.142 0.000
968.437 0.000
968.732 0.000
969.028 0.000
969.323 0.000
969.618 0.000
969.913 0.000
970.208 0.000
970.504 0.000
970.799 0.000
971.094 0.000
971.389 0.000
971.685 0.000
971.980 0.000
972.275 0.000
972.570 0.000
972.866 0.000
973.161 0.000
973.456 0.000
973.751 0.000
974.047 0.000
974.342 0.000
974.637 0.000
974.932 0.000
975.227 0.000
975.523 0.000
975.818 0.000
976.113 0.000
976.408 0.000
976.704 0.000
976.999 0.000
977.294 0.000
977.589 0.000
977.885 0.000
978.180 0.000
978.475 0.000
978.770 0.000
979.066 0.000
979.361 0.000
979.656 0.000
979.951 0.000
980.246 0.000
980.542 0.000
980.837 0.000
981.132 0.000
981.427 0.000
981.723 0.000
982.018 0.000
982.313 0.000
982.608 0.000
982.904 0.000
983.199 0.000
983.494 0.000
983.789 0.000
984.084 0.000
984.380 0.000
984.675 0.000
984.970 0.000
985.265 0.000
985.561 0.000
985.856 0.000
986.151 0.000
986.446 0.000
986.742 0.000
987.037 0.000
987.332 0.000
987.627 0.000
987.923 0.000
988.218 0.000
988.513 0.000
988.808 0.000
989.103 0.000
989.399 0.000
989.694 0.000
989.989 0.000
990.284 0.000
990.580 0.000
990.875 0.000
991.170 0.000
991.465 0.000
991.761 0.000
992.056 0.000
992.351 0.000
992.646 0.000
992.942 0.000
993.237 0.000
993.532 0.000
993.827 0.000
994.122 0.000
994.418 0.000
994.713 0.000
995.008 0.000
995.303 0.000
995.599 0.000
995.894 0.000
996.189 0.000
996.484 0.000
996.780 0.000
997.075 0.000
997.370 0.000
997.665 0.000
997.960 0.000
998.256 0.000
998.551 0.000
998.846 0.000
999.141 0.000
999.437 0.000
999.732 0.000
1000.027 0.000
1000.322 0.000
1000.618 0.000
1000.913 0.000
1001.208 0.000
1001.503 0.000
1001.799 0.000
1002.094 0.000
1002.389 0.000
1002.684 0.000
1002.979 0.000
1003.275 0.000
1003.570 0.000
1003.865 0.000
1004.160 0.000
1004.456 0.000
1004.751 0.000
1005.046 0.000
1005.341 0.000
1005.637 0.000
1005.932 0.000
1006.227 0.000
1006.522 0.000
1006.817 0.000
1007.113 0.000
1007.408 0.000
1007.703 0.000
1007.998 0.000
1008.294 0.000
1008.589 0.000
1008.884 0.000
1009.179 0.000
1009.475 0.000
1009.770 0.000
1010.065 0.000
1010.360 0.000
1010.656 0.000
1010.951 0.000
1011.246 0.000
1011.541 0.000
1011.836 0.000
1012.132 0.000
1012.427 0.000
1012.722 0.000
1013.017 0.000
1013.313 0.000
1013.608 0.000
1013.903 0.000
1014.198 0.000
1014.494 0.000
1014.789 0.000
1015.084 0.000
1015.379 0.000
1015.674 0.000
1015.970 0.000
1016.265 0.000
1016.560 0.000
1016.855 0.000
1017.151 0.000
1017.446 0.000
1017.741 0.000
1018.036 0.000
1018.332 0.000
1018.627 0.000
1018.922 0.000
1019.217 0.000
1019.513 0.000
1019.808 0.000
1020.103 0.000
1020.398 0.000
1020.693 0.000
1020.989 0.000
1021.284 0.000
1021.579 0.000
1021.874 0.000
1022.170 0.000
1022.465 0.000
1022.760 0.000
1023.055 0.000
1023.351 0.000
1023.646 0.000
1023.941 0.000
1024.236 0.000
1024.532 0.000
1024.827 0.000
1025.122 0.000
1025.417 0.000
1025.712 0.000
1026.008 0.000
1026.303 0.000
1026.598 0.000
1026.893 0.000
1027.189 0.000
1027.484 0.000
1027.779 0.000
1028.074 0.000
1028.370 0.000
1028.665 0.000
1028.960 0.000
1029.255 0.000
1029.550 0.000
1029.846 0.000
1030.141 0.000
1030.436 0.000
1030.731 0.000
1031.027 0.000
1031.322 0.000
1031.617 0.000
1031.912 0.000
1032.208 0.000
1032.503 0.000
1032.798 0.000
1033.093 0.000
1033.389 0.000
1033.684 0.000
1033.979 0.000
1034.274 0.000
1034.569 0.000
1034.865 0.000
1035.160 0.000
1035.455 0.000
1035.750 0.000
1036.046 0.000
1036.341 0.000
1036.636 0.000
1036.931 0.000
1037.227 0.000
1037.522 0.000
1037.817 0.000
1038.112 0.000
1038.407 0.000
1038.703 0.000
1038.998 0.000
1039.293 0.000
1039.588 0.000
1039.884 0.000
1040.179 0.000
1040.474 0.000
1040.769 0.000
1041.065 0.000
1041.360 0.000
1041.655 0.000
1041.950 0.000
1042.246 0.000
1042.541 0.000
1042.836 0.000
1043.131 0.000
1043.426 0.000
1043.722 0.000
1044.017 0.000
1044.312 0.000
1044.607 0.000
1044.903 0.000
1045.198 0.000
1045.493 0.000
1045.788 0.000
1046.084 0.000
1046.379 0.000
1046.674 0.000
1046.969 0.000
1047.264 0.000
1047.560 0.000
1047.855 0.000
1048.150 0.000
1048.445 0.000
1048.741 0.000
1049.036 0.000
1049.331 0.000
1049.626 0.000
1049.922 0.000
1050.217 0.000
1050.512 0.000
1050.807 0.000
1051.103 0.000
1051.398 0.000
1051.693 0.000
1051.988 0.000
1052.283 0.000
1052.579 0.000
1052.874 0.000
1053.169 0.000
1053.464 0.000
1053.760 0.000
1054.055 0.000
1054.350 0.000
1054.645 0.000
1054.941 0.000
1055.236 0.000
1055.531 0.000
1055.826 0.000
1056.122 0.000
1056.417 0.000
1056.712 0.000
1057.007 0.000
1057.302 0.000
1057.598 0.000
1057.893 0.000
1058.188 0.000
1058.483 0.000
1058.779 0.000
1059.074 0.000
1059.369 0.000
1059.664 0.000
1059.960 0.000
1060.255 0.000
1060.550 0.000
1060.845 0.000
1061.140 0.000
1061.436 0.000
1061.731 0.000
1062.026 0.000
1062.321 0.000
1062.617 0.000
1062.912 0.000
1063.207 0.000
1063.502 0.000
1063.798 0.000
1064.093 0.000
1064.388 0.000
1064.683 0.000
1064.978 0.000
1065.274 0.000
1065.569 0.000
1065.864 0.000
1066.159 0.000
1066.455 0.000
1066.750 0.000
1067.045 0.000
1067.340 0.000
1067.636 0.000
1067.931 0.000
1068.226 0.000
1068.521 0.000
1068.817 0.000
1069.112 0.000
1069.407 0.000
1069.702 0.000
1069.997 0.000
1070.293 0.000
1070.588 0.000
1070.883 0.000
1071.178 0.000
1071.474 0.000
1071.769 0.000
1072.064 0.000
1072.359 0.000
1072.655 0.000
1072.950 0.000
1073.245 0.000
1073.540 0.000
1073.836 0.000
1074.131 0.000
1074.426 0.000
1074.721 0.000
1075.016 0.000
1075.312 0.000
1075.607 0.000
1075.902 0.000
1076.197 0.000
1076.493 0.000
1076.788 0.000
1077.083 0.000
1077.378 0.000
1077.674 0.000
1077.969 0.000
1078.264 0.000
1078.559 0.000
1078.854 0.000
1079.150 0.000
1079.445 0.000
1079.740 0.000
1080.035 0.000
1080.331 0.000
1080.626 0.000
1080.921 0.000
1081.216 0.000
1081.512 0.000
1081.807 0.000
1082.102 0.000
1082.397 0.000
1082.693 0.000
1082.988 0.000
1083.283 0.000
1083.578 0.000
1083.873 0.000
1084.169 0.000
1084.464 0.000
1084.759 0.000
1085.054 0.000
1085.350 0.000
1085.645 0.000
1085.940 0.000
1086.235 0.000
1086.531 0.000
1086.826 0.000
1087.121 0.000
1087.416 0.000
1087.711 0.000
1088.007 0.000
1088.302 0.000
1088.597 0.000
1088.892 0.000
1089.188 0.000
1089.483 0.000
1089.778 0.000
1090.073 0.000
1090.369 0.000
1090.664 0.000
1090.959 0.000
1091.254 0.000
1091.550 0.000
1091.845 0.000
1092.140 0.000
1092.452 0.000
1092.764 0.000
1093.076 0.000
1093.388 0.000
1093.700 0.000
1094.012 0.000
1094.324 0.000
1094.636 0.000
1094.948 0.000
1095.260 0.000
1095.572 0.000
1095.884 0.000
1096.196 0.000
1096.508 0.000
1096.820 0.000
1097.132 0.000
1097.444 0.000
1097.756 0.000
1098.068 0.000
1098.380 0.000
1098.692 0.000
1099.004 0.000
1099.316 0.000
1099.628 0.000
1099.940 0.000
1100.252 0.000
1100.564 0.000
1100.877 0.000
1101.189 0.000
1101.501 0.000
1101.813 0.000
1102.125 0.000
1102.437 0.000
1102.749 0.000
1103.061 0.000
1103.373 0.000
1103.685 0.000
1103.997 0.000
1104.309 0.000
1104.621 0.000
1104.933 0.000
1105.245 0.000
1105.557 0.000
1105.869 0.000
1106.181 0.000
1106.493 0.000
1106.805 0.000
1107.117 0.000
1107.429 0.000
1107.741 0.000
1108.053 0.000
1108.365 0.000
1108.677 0.000
1108.989 0.000
1109.301 0.000
1109.613 0.000
1109.925 0.000
1110.237 0.000
1110.549 0.000
1110.861 0.000
1111.173 0.000
1111.485 0.000
1111.797 0.000
1112.109 0.000
1112.421 0.000
1112.733 0.000
1113.045 0.000
1113.357 0.000
1113.669 0.000
1113.981 0.000
1114.293 0.000
1114.605 0.000
1114.917 0.000
1115.229 0.000
1115.541 0.000
1115.853 0.000
1116.165 0.000
1116.477 0.000
1116.789 0.000
1117.101 0.000
1117.413 0.000
1117.725 0.000
1118.037 0.000
1118.349 0.000
1118.662 0.000
1118.974 0.000
1119.286 0.000
1119.598 0.000
1119.910 0.000
1120.222 0.000
1120.534 0.000
1120.846 0.000
1121.158 0.000
1121.470 0.000
1121.782 0.000
1122.094 0.000
1122.406 0.000
1122.718 0.000
1123.030 0.000
1123.342 0.000
1123.654 0.000
1123.966 0.000
1124.278 0.000
1124.590 0.000
1124.902 0.000
1125.214 0.000
1125.526 0.000
1125.838 0.000
1126.150 0.000
1126.462 0.000
1126.774 0.000
1127.086 0.000
1127.398 0.000
1127.710 0.000
1128.022 0.000
1128.334 0.000
1128.646 0.000
1128.958 0.000
1129.270 0.000
1129.582 0.000
1129.894 0.000
1130.206 0.000
1130.518 0.000
1130.830 0.000
1131.142 0.000
1131.454 0.000
1131.766 0.000
1132.078 0.000
1132.390 0.000
1132.702 0.000
1133.014 0.000
1133.326 0.000
1133.638 0.000
1133.950 0.000
1134.262 0.000
1134.574 0.000
1134.886 0.000
1135.198 0.000
1135.510 0.000
1135.822 0.000
1136.134 0.000
1136.447 0.000
1136.759 0.000
1137.071 0.000
1137.383 0.000
1137.695 0.000
1138.007 0.000
1138.319 0.000
1138.631 0.000
1138.943 0.000
1139.255 0.000
1139.567 0.000
1139.879 0.000
1140.191 0.000
1140.503 0.000
1140.815 0.000
1141.127 0.000
1141.439 0.000
1141.751 0.000
1142.063 0.000
1142.375 0.000
1142.687 0.000
1142.999 0.000
1143.311 0.000
1143.623 0.000
1143.935 0.000
1144.247 0.000
1144.559 0.000
1144.871 0.000
1145.183 0.000
1145.495 0.000
1145.807 0.000
1146.119 0.000
1146.431 0.000
1146.743 0.000
1147.055 0.000
1147.367 0.000
1147.679 0.000
1147.991 0.000
1148.303 0.000
1148.615 0.000
1148.927 0.000
1149.239 0.000
1149.551 0.000
1149.863 0.000
1150.175 0.000
1150.487 0.000
1150.799 0.000
1151.111 0.000
1151.423 0.000
1151.735 0.000
1152.047 0.000
1152.359 0.000
1152.671 0.000
1152.983 0.000
1153.295 0.000
1153.607 0.000
1153.920 0.000
1154.232 0.000
1154.544 0.000
1154.856 0.000
1155.168 0.000
1155.480 0.000
1155.792 0.000
1156.104 0.000
1156.416 0.000
1156.728 0.000
1157.040 0.000
1157.352 0.000
1157.664 0.000
1157.976 0.000
1158.288 0.000
1158.600 0.000
1158.912 0.000
1159.224 0.000
1159.536 0.000
1159.848 0.000
1160.160 0.000
1160.472 0.000
1160.784 0.000
1161.096 0.000
1161.408 0.000
1161.720 0.000
1162.032 0.000
1162.344 0.000
1162.656 0.000
1162.968 0.000
1163.280 0.000
1163.592 0.000
1163.904 0.000
1164.216 0.000
1164.528 0.000
1164.840 0.000
1165.152 0.000
1165.464 0.000
1165.776 0.000
1166.088 0.000
1166.400 0.000
1166.712 0.000
1167.024 0.000
1167.336 0.000
1167.648 0.000
1167.960 0.000
1168.272 0.000
1168.584 0.000
1168.896 0.000
1169.208 0.000
1169.520 0.000
1169.832 0.000
1170.144 0.000
1170.456 0.000
1170.768 0.000
1171.080 0.000
1171.392 0.000
1171.705 0.000
1172.017 0.000
1172.329 0.000
1172.641 0.000
1172.953 0.000
1173.265 0.000
1173.577 0.000
1173.889 0.000
1174.201 0.000
1174.513 0.000
1174.825 0.000
1175.137 0.000
1175.449 0.000
1175.761 0.000
1176.073 0.000
1176.385 0.000
1176.697 0.000
1177.009 0.000
1177.321 0.000
1177.633 0.000
1177.945 0.000
1178.257 0.000
1178.569 0.000
1178.881 0.000
1179.193 0.000
1179.505 0.000
1179.817 0.000
1180.129 0.000
1180.441 0.000
1180.753 0.000
1181.065 0.000
1181.377 0.000
1181.689 0.000
1182.001 0.000
1182.313 0.000
1182.625 0.000
1182.937 0.000
1183.249 0.000
1183.561 0.000
1183.873 0.000
1184.185 0.000
1184.497 0.000
1184.809 0.000
1185.121 0.000
1185.433 0.000
1185.745 0.000
1186.057 0.000
1186.369 0.000
1186.681 0.000
1186.993 0.000
1187.305 0.000
1187.617 0.000
1187.929 0.000
1188.241 0.000
1188.553 0.000
1188.865 0.000
1189.178 0.000
1189.490 0.000
1189.802 0.000
1190.114 0.000
1190.426 0.000
1190.738 0.000
1191.050 0.000
1191.362 0.000
1191.674 0.000
1191.986 0.000
1192.298 0.000
1192.610 0.000
1192.922 0.000
1193.234 0.000
1193.546 0.000
1193.858 0.000
1194.170 0.000
1194.482 0.000
1194.794 0.000
1195.106 0.000
1195.418 0.000
1195.730 0.000
1196.042 0.000
1196.354 0.000
1196.666 0.000
1196.978 0.000
1197.290 0.000
1197.602 0.000
1197.914 0.000
1198.226 0.000
1198.538 0.000
1198.850 0.000
1199.162 0.000
1199.474 0.000
1199.786 0.000
1200.098 0.000
