177.811 0.000
178.065 0.000
178.318 0.000
178.572 0.000
178.826 0.000
179.079 0.000
179.333 0.000
179.587 0.000
179.840 0.000
180.094 0.000
180.347 0.000
180.601 0.000
180.855 0.000
181.108 0.000
181.362 0.000
181.616 0.000
181.869 0.000
182.123 0.000
182.377 0.000
182.630 0.000
182.884 0.000
183.137 0.000
183.391 0.000
183.645 0.000
183.898 0.000
184.152 0.000
184.406 0.000
184.659 0.000
184.913 0.000
185.167 0.000
185.420 0.000
185.674 0.000
185.928 0.000
186.181 0.000
186.435 0.000
186.688 0.000
186.942 0.000
187.196 0.000
187.449 0.000
187.703 0.000
187.957 0.000
188.210 0.000
188.464 0.000
188.718 0.000
188.971 0.000
189.225 0.000
189.479 0.000
189.732 0.000
189.986 0.000
190.239 0.000
190.493 0.000
190.747 0.000
191.000 0.000
191.254 0.000
191.508 0.000
191.761 0.000
192.015 0.000
192.269 0.000
192.522 0.000
192.776 0.000
193.030 0.000
193.283 0.000
193.537 0.000
193.790 0.000
194.044 0.000
194.298 0.000
194.551 0.000
194.805 0.000
195.059 0.000
195.312 0.000
195.566 0.000
195.820 0.000
196.073 0.000
196.327 0.000
196.581 0.000
196.834 0.000
197.088 0.000
197.341 0.000
197.595 0.000
197.849 0.000
198.102 0.000
198.356 0.000
198.610 0.000
198.863 0.000
199.117 0.000
199.371 0.000
199.624 0.000
199.878 0.000
200.132 0.000
200.385 0.000
200.639 0.000
200.892 0.000
201.146 0.000
201.400 0.000
201.653 0.000
201.907 0.000
202.161 0.000
202.414 0.000
202.668 0.000
202.922 0.000
203.175 0.000
203.429 0.000
203.683 0.000
203.936 0.000
204.190 0.000
204.443 0.000
204.697 0.000
204.951 0.000
205.204 0.000
205.458 0.000
205.712 0.000
205.965 0.000
206.219 0.000
206.473 0.000
206.726 0.000
206.980 0.000
207.233 0.000
207.487 0.000
207.741 0.000
207.994 0.000
208.248 0.000
208.502 0.000
208.755 0.000
209.009 0.000
209.263 0.000
209.516 0.000
209.770 0.000
210.024 0.000
210.277 0.000
210.531 0.000
210.784 0.000
211.038 0.000
211.292 0.000
211.545 0.000
211.799 0.000
212.053 0.000
212.306 0.000
212.560 0.000
212.814 0.000
213.067 0.000
213.321 0.000
213.575 0.000
213.828 0.000
214.082 0.000
214.335 0.000
214.589 0.000
214.843 0.000
215.096 0.000
215.350 0.000
215.604 0.000
215.857 0.000
216.111 0.000
216.365 0.000
216.618 0.000
216.872 0.000
217.126 0.000
217.379 0.000
217.633 0.000
217.886 0.000
218.140 0.000
218.394 0.000
218.647 0.000
218.901 0.000
219.155 0.000
219.408 0.000
219.662 0.000
219.916 0.000
220.169 0.000
220.423 0.000
220.677 0.000
220.930 0.000
221.184 0.000
221.437 0.000
221.691 0.000
221.945 0.000
222.198 0.000
222.452 0.000
222.706 0.000
222.959 0.000
223.213 0.000
223.467 0.000
223.720 0.000
223.974 0.000
224.228 0.000
224.481 0.000
224.735 0.000
224.988 0.000
225.242 0.000
225.496 0.000
225.749 0.000
226.003 0.000
226.257 0.000
226.510 0.000
226.764 0.000
227.018 0.000
227.271 0.000
227.525 0.000
227.779 0.000
228.032 0.000
228.286 0.000
228.539 0.000
228.793 0.000
229.047 0.000
229.300 0.000
229.554 0.000
229.808 0.000
230.061 0.000
230.315 0.000
230.569 0.000
230.822 0.000
231.076 0.000
231.330 0.000
231.583 0.000
231.837 0.000
232.090 0.000
232.344 0.000
232.598 0.000
232.851 0.000
233.105 0.000
233.359 0.000
233.612 0.000
233.866 0.000
234.120 0.000
234.373 0.000
234.627 0.000
234.880 0.000
235.134 0.000
235.388 0.000
235.641 0.000
235.895 0.000
236.149 0.000
236.402 0.000
236.656 0.000
236.910 0.000
237.163 0.000
237.417 0.000
237.671 0.000
237.924 0.000
238.178 0.000
238.431 0.000
238.685 0.000
238.939 0.000
239.192 0.000
239.446 0.000
239.700 0.000
239.953 0.000
240.207 0.000
240.461 0.000
240.714 0.000
240.968 0.000
241.222 0.000
241.475 0.000
241.729 0.000
241.982 0.000
242.236 0.000
242.490 0.000
242.743 0.000
242.997 0.000
243.251 0.000
243.504 0.000
243.758 0.000
244.012 0.000
244.265 0.000
244.519 0.000
244.773 0.000
245.026 0.000
245.280 0.000
245.533 0.000
245.787 0.000
246.041 0.000
246.294 0.000
246.548 0.000
246.802 0.000
247.055 0.000
247.309 0.000
247.563 0.000
247.816 0.000
248.070 0.000
248.324 0.000
248.577 0.000
248.831 0.000
249.084 0.000
249.338 0.000
249.592 0.000
249.845 0.000
250.099 0.000
250.353 0.000
250.606 0.000
250.860 0.000
251.114 0.000
251.367 0.000
251.621 0.000
251.875 0.000
252.128 0.000
252.382 0.000
252.635 0.000
252.889 0.000
253.143 0.000
253.396 0.000
253.650 0.000
253.904 0.000
254.159 0.000
254.413 0.000
254.667 0.000
254.922 0.000
255.176 0.000
255.431 0.000
255.685 0.000
255.939 0.000
256.194 0.000
256.448 0.000
256.702 0.000
256.957 0.000
257.211 0.000
257.465 0.000
257.720 0.000
257.974 0.000
258.228 0.000
258.483 0.000
258.737 0.000
258.992 0.000
259.246 0.000
259.500 0.000
259.755 0.000
260.009 0.000
260.263 0.000
260.518 0.000
260.772 0.000
261.026 0.000
261.281 0.000
261.535 0.000
261.789 0.000
262.044 0.000
262.298 0.000
262.553 0.000
262.807 0.000
263.061 0.000
263.316 0.000
263.570 0.000
263.824 0.000
264.079 0.000
264.333 0.000
264.587 0.000
264.842 0.000
265.096 0.000
265.351 0.000
265.605 0.000
265.859 0.000
266.114 0.000
266.368 0.000
266.622 0.000
266.877 0.000
267.131 0.000
267.385 0.000
267.640 0.000
267.894 0.000
268.148 0.000
268.403 0.000
268.657 0.000
268.912 0.000
269.166 0.000
269.420 0.000
269.675 0.000
269.929 0.000
270.183 0.000
270.438 0.000
270.692 0.000
270.946 0.000
271.201 0.000
271.455 0.000
271.709 0.000
271.964 0.000
272.218 0.000
272.473 0.000
272.727 0.000
272.981 0.000
273.236 0.000
273.490 0.000
273.744 0.000
273.999 0.000
274.253 0.000
274.507 0.000
274.762 0.000
275.016 0.000
275.271 0.000
275.525 0.000
275.779 0.000
276.034 0.000
276.288 0.000
276.542 0.000
276.797 0.000
277.051 0.000
277.305 0.000
277.560 0.000
277.814 0.000
278.068 0.000
278.323 0.000
278.577 0.000
278.832 0.000
279.086 0.000
279.340 0.000
279.595 0.000
279.849 0.000
280.103 0.000
280.358 0.000
280.612 0.000
280.866 0.000
281.121 0.000
281.375 0.000
281.629 0.000
281.884 0.000
282.138 0.000
282.393 0.000
282.647 0.000
282.901 0.000
283.156 0.000
283.410 0.000
283.664 0.000
283.919 0.000
284.173 0.000
284.427 0.000
284.682 0.000
284.936 0.000
285.191 0.000
285.445 0.000
285.699 0.000
285.954 0.000
286.208 0.000
286.462 0.000
286.717 0.000
286.971 0.000
287.225 0.000
287.480 0.000
287.734 0.000
287.988 0.000
288.243 0.000
288.497 0.000
288.752 0.000
289.006 0.000
289.260 0.000
289.515 0.000
289.769 0.000
290.023 0.000
290.278 0.000
290.532 0.000
290.786 0.000
291.041 0.000
291.295 0.000
291.549 0.000
291.804 0.000
292.058 0.000
292.313 0.000
292.567 0.000
292.821 0.000
293.076 0.000
293.330 0.000
293.584 0.000
293.839 0.000
294.093 0.000
294.347 0.000
294.602 0.000
294.856 0.000
295.111 0.000
295.365 0.000
295.619 0.000
295.874 0.000
296.128 0.000
296.382 0.000
296.637 0.000
296.891 0.000
297.145 0.000
297.400 0.000
297.654 0.000
297.908 0.000
298.163 0.000
298.417 0.000
298.672 0.000
298.926 0.000
299.180 0.000
299.435 0.000
299.689 0.000
299.943 0.000
300.198 0.000
300.452 0.000
300.706 0.000
300.961 0.000
301.215 0.000
301.469 0.000
301.724 0.000
301.978 0.000
302.233 0.000
302.487 0.000
302.741 0.000
302.996 0.000
303.250 0.000
303.504 0.000
303.759 0.000
304.013 0.000
304.267 0.000
304.522 0.000
304.776 0.000
305.031 0.000
305.285 0.000
305.539 0.000
305.794 0.000
306.048 0.000
306.302 0.000
306.557 0.000
306.811 0.000
307.065 0.000
307.320 0.000
307.574 0.000
307.828 0.000
308.083 0.000
308.337 0.000
308.592 0.000
308.846 0.000
309.100 0.000
309.355 0.000
309.609 0.000
309.863 0.000
310.118 0.000
310.372 0.000
310.626 0.000
310.881 146.000
311.135 149.000
311.389 124.000
311.644 126.000
311.898 69.000
312.153 187.000
312.407 397.000
312.661 358.000
312.916 298.000
313.170 380.000
313.429 420.000
313.688 534.000
313.947 517.000
314.206 521.000
314.465 607.000
314.724 620.000
314.983 686.000
315.242 788.000
315.501 746.000
315.760 757.000
316.019 801.000
316.278 845.000
316.536 937.000
316.795 988.000
317.054 1025.000
317.313 1135.000
317.572 1048.000
317.831 1064.000
318.090 1157.000
318.349 1340.000
318.608 1427.000
318.867 1260.000
319.126 1259.000
319.385 1387.000
319.644 1436.000
319.903 1482.000
320.162 1486.000
320.421 1455.000
320.680 1572.000
320.939 1649.000
321.198 1556.000
321.457 1582.000
321.716 1675.000
321.975 1740.000
322.234 1808.000
322.493 1967.000
322.752 1891.000
323.010 1827.000
323.269 1904.000
323.528 1944.000
323.787 2007.000
324.046 1919.000
324.305 1991.000
324.564 2208.000
324.823 2232.000
325.082 2090.000
325.341 2182.000
325.600 2250.000
325.859 2279.000
326.118 2295.000
326.377 2272.000
326.636 2320.000
326.895 2495.000
327.154 2562.000
327.413 2545.000
327.672 2575.000
327.931 2664.000
328.190 2671.000
328.449 2683.000
328.708 2668.000
328.967 2743.000
329.226 2867.000
329.485 2930.000
329.743 2925.000
330.002 2995.000
330.261 2990.000
330.520 2957.000
330.779 3041.000
331.038 3162.000
331.297 3116.000
331.556 3158.000
331.815 3214.000
332.074 3233.000
332.333 3447.000
332.592 3388.000
332.851 3324.000
333.110 3372.000
333.369 3453.000
333.628 3503.000
333.887 3580.000
334.146 3662.000
334.405 3714.000
334.664 3645.000
334.923 3669.000
335.182 3742.000
335.441 3773.000
335.700 3890.000
335.959 3921.000
336.217 3921.000
336.476 3940.000
336.735 3977.000
336.994 4041.000
337.253 4015.000
337.512 4073.000
337.771 4088.000
338.030 4224.000
338.289 4355.000
338.548 4272.000
338.807 4318.000
339.066 4393.000
339.325 4360.000
339.584 4519.000
339.843 4424.000
340.102 4446.000
340.361 4439.000
340.620 4570.000
340.879 4776.000
341.138 4792.000
341.397 4648.000
341.656 4667.000
341.915 4800.000
342.174 4805.000
342.433 4826.000
342.691 4889.000
342.950 5067.000
343.209 5042.000
343.468 4954.000
343.727 5019.000
343.986 5078.000
344.245 5054.000
344.504 5163.000
344.763 5127.000
345.022 5074.000
345.281 5202.000
345.540 5269.000
345.799 5242.000
346.058 5274.000
346.317 5380.000
346.576 5340.000
346.835 5249.000
347.094 5364.000
347.353 5468.000
347.612 5375.000
347.871 5452.000
348.130 5636.000
348.389 5682.000
348.648 5662.000
348.907 5660.000
349.166 5711.000
349.424 5664.000
349.683 5592.000
349.942 5631.000
350.201 5718.000
350.460 5825.000
350.719 5790.000
350.978 5783.000
351.237 5775.000
351.496 5858.000
351.755 5829.000
352.014 5864.000
352.273 5874.000
352.532 5903.000
352.791 5989.000
353.050 5992.000
353.309 5997.000
353.568 5945.000
353.827 5916.000
354.086 6088.000
354.345 6213.000
354.604 6118.000
354.863 6211.000
355.122 6162.000
355.381 6265.000
355.640 6242.000
355.898 6204.000
356.157 6251.000
356.416 6300.000
356.675 6255.000
356.934 6271.000
357.193 6238.000
357.452 6274.000
357.711 6327.000
357.970 6460.000
358.229 6276.000
358.488 6313.000
358.747 6219.000
359.006 6296.000
359.265 6445.000
359.524 6352.000
359.783 6291.000
360.042 6353.000
360.301 6495.000
360.560 6524.000
360.819 6612.000
361.078 6423.000
361.337 6497.000
361.596 6547.000
361.855 6430.000
362.114 6397.000
362.372 6593.000
362.631 6600.000
362.890 6554.000
363.149 6392.000
363.408 6542.000
363.667 6557.000
363.926 6451.000
364.185 6421.000
364.444 6487.000
364.703 6625.000
364.962 6609.000
365.221 6746.000
365.480 6775.000
365.739 6708.000
365.999 6652.000
366.258 6702.000
366.518 6635.000
366.777 6628.000
367.037 6680.000
367.296 6821.000
367.556 6701.000
367.815 6730.000
368.075 6776.000
368.334 6773.000
368.594 6809.000
368.853 6843.000
369.113 6819.000
369.372 6938.000
369.632 6852.000
369.891 6792.000
370.150 6717.000
370.410 6828.000
370.669 6904.000
370.929 6947.000
371.188 7043.000
371.448 6974.000
371.707 7121.000
371.967 7082.000
372.226 7092.000
372.486 7087.000
372.745 7163.000
373.005 7068.000
373.264 6948.000
373.524 7000.000
373.783 7049.000
374.043 7056.000
374.302 7065.000
374.561 6985.000
374.821 6968.000
375.080 7047.000
375.340 7094.000
375.599 7112.000
375.859 7068.000
376.118 7067.000
376.378 7133.000
376.637 7149.000
376.897 7151.000
377.156 7124.000
377.416 7125.000
377.675 7068.000
377.935 7066.000
378.194 7034.000
378.454 7047.000
378.713 7165.000
378.972 7176.000
379.232 7131.000
379.491 7122.000
379.751 7185.000
380.010 7127.000
380.270 7067.000
380.529 7007.000
380.789 7110.000
381.048 7081.000
381.308 7018.000
381.567 7085.000
381.827 7146.000
382.086 7094.000
382.346 7039.000
382.605 7198.000
382.865 7151.000
383.124 7178.000
383.383 7150.000
383.643 7081.000
383.902 7139.000
384.162 7337.000
384.421 7315.000
384.681 7262.000
384.940 7222.000
385.200 7189.000
385.459 7270.000
385.719 7142.000
385.978 7002.000
386.238 7033.000
386.497 7101.000
386.757 7118.000
387.016 7036.000
387.276 7126.000
387.535 7269.000
387.794 7255.000
388.054 7100.000
388.313 7030.000
388.573 7152.000
388.832 7242.000
389.092 7015.000
389.351 6961.000
389.611 7184.000
389.870 7601.000
390.130 7302.000
390.389 7116.000
390.649 7126.000
390.908 6978.000
391.168 6997.000
391.427 6959.000
391.686 6927.000
391.946 6989.000
392.205 7036.000
392.465 6992.000
392.724 6946.000
392.984 6931.000
393.243 6903.000
393.503 6808.000
393.762 6896.000
394.022 6883.000
394.281 6660.000
394.541 6614.000
394.800 6853.000
395.060 6825.000
395.319 6734.000
395.579 6756.000
395.838 6741.000
396.097 6742.000
396.357 6762.000
396.616 6778.000
396.876 6722.000
397.135 6662.000
397.395 6594.000
397.654 6686.000
397.914 6856.000
398.173 6711.000
398.433 6602.000
398.692 6544.000
398.952 6474.000
399.211 6478.000
399.471 6613.000
399.730 6608.000
399.990 6693.000
400.249 6640.000
400.508 6597.000
400.768 6619.000
401.027 6430.000
401.287 6374.000
401.546 6481.000
401.806 6419.000
402.065 6417.000
402.325 6472.000
402.584 6463.000
402.844 6496.000
403.103 6525.000
403.363 6579.000
403.622 6487.000
403.882 6348.000
404.141 6432.000
404.401 6514.000
404.660 6369.000
404.926 6346.000
405.193 6328.000
405.459 6393.000
405.726 6407.000
405.992 6341.000
406.259 6240.000
406.525 6259.000
406.792 6196.000
407.058 6284.000
407.325 6297.000
407.591 6235.000
407.858 6115.000
408.124 6191.000
408.391 6217.000
408.657 6266.000
408.924 6168.000
409.190 6140.000
409.457 6207.000
409.723 6272.000
409.990 6090.000
410.256 6156.000
410.523 6215.000
410.789 6092.000
411.056 5927.000
411.322 6002.000
411.589 6107.000
411.855 5886.000
412.122 5993.000
412.388 5959.000
412.655 5970.000
412.921 5826.000
413.188 5770.000
413.454 6060.000
413.721 6005.000
413.987 5868.000
414.254 5815.000
414.520 5722.000
414.787 5759.000
415.053 5823.000
415.320 5893.000
415.586 5988.000
415.853 5806.000
416.119 5847.000
416.386 5814.000
416.652 5720.000
416.919 5634.000
417.185 5699.000
417.452 5765.000
417.718 5846.000
417.985 5689.000
418.251 5706.000
418.518 5651.000
418.784 5529.000
419.051 5468.000
419.317 5581.000
419.584 5566.000
419.850 5748.000
420.117 5633.000
420.383 5487.000
420.650 5471.000
420.916 5450.000
421.183 5668.000
421.449 5624.000
421.716 5396.000
421.982 5277.000
422.249 5402.000
422.515 5439.000
422.782 5537.000
423.048 5391.000
423.315 5514.000
423.581 5434.000
423.848 5504.000
424.114 5424.000
424.381 5368.000
424.647 5395.000
424.914 5444.000
425.180 5365.000
425.447 5295.000
425.713 5178.000
425.980 5144.000
426.246 5210.000
426.513 5073.000
426.779 5220.000
427.046 5156.000
427.312 5031.000
427.579 5036.000
427.845 5230.000
428.112 5264.000
428.378 5162.000
428.645 5123.000
428.911 5090.000
429.178 5013.000
429.444 4977.000
429.711 4997.000
429.977 4921.000
430.244 4985.000
430.510 5006.000
430.777 5021.000
431.043 4961.000
431.310 4968.000
431.576 5045.000
431.843 5085.000
432.109 5023.000
432.376 4838.000
432.642 4898.000
432.909 4900.000
433.175 4954.000
433.442 4906.000
433.708 4948.000
433.975 5049.000
434.241 5056.000
434.508 4880.000
434.774 4849.000
435.041 4927.000
435.307 4963.000
435.574 4767.000
435.840 4876.000
436.110 4839.000
436.379 4736.000
436.649 4831.000
436.918 4778.000
437.188 4788.000
437.457 4774.000
437.727 4703.000
437.996 4764.000
438.266 4818.000
438.535 4684.000
438.805 4774.000
439.074 4674.000
439.344 4724.000
439.613 4748.000
439.883 4688.000
440.152 4636.000
440.422 4574.000
440.691 4524.000
440.961 4512.000
441.230 4511.000
441.500 4489.000
441.769 4462.000
442.039 4512.000
442.308 4404.000
442.578 4268.000
442.847 4241.000
443.117 4322.000
443.386 4347.000
443.656 4449.000
443.925 4288.000
444.195 4266.000
444.464 4391.000
444.734 4388.000
445.003 4249.000
445.273 4301.000
445.542 4194.000
445.812 4303.000
446.081 4352.000
446.351 4245.000
446.620 4155.000
446.890 4286.000
447.159 4142.000
447.429 4083.000
447.698 4131.000
447.968 4215.000
448.238 4116.000
448.507 4113.000
448.777 4290.000
449.046 4151.000
449.316 4009.000
449.585 3976.000
449.855 4219.000
450.124 4045.000
450.394 3965.000
450.663 3988.000
450.933 4118.000
451.202 4019.000
451.472 4013.000
451.741 4014.000
452.011 3826.000
452.280 3843.000
452.550 3837.000
452.819 3904.000
453.089 3915.000
453.358 3883.000
453.628 3827.000
453.897 3789.000
454.167 3662.000
454.436 3772.000
454.706 3854.000
454.975 3853.147
455.245 3797.203
455.514 3747.505
455.784 3705.589
456.053 3805.583
456.323 3875.374
456.592 3830.677
456.862 3753.984
457.131 3705.179
457.401 3678.287
457.670 3649.402
457.940 3677.291
458.209 3735.060
458.479 3636.454
458.748 3571.713
459.018 3533.865
459.287 3520.916
459.557 3541.833
459.826 3534.861
460.096 3638.446
460.366 3623.506
460.635 3473.579
460.905 3630.110
461.174 3597.804
461.444 3528.472
461.713 3536.464
461.983 3506.000
462.252 3334.334
462.522 3442.886
462.791 3460.381
463.061 3456.827
463.330 3443.216
463.600 3514.085
463.869 3502.518
464.139 3346.425
464.408 3453.629
464.678 3345.106
464.947 3313.824
465.217 3481.818
465.486 3348.837
465.756 3346.154
466.025 3379.939
466.295 3323.202
466.564 3217.039
466.834 3212.982
467.103 3398.985
467.373 3309.959
467.642 3152.594
467.912 3210.580
468.181 3255.601
468.451 3151.886
468.720 3142.712
468.990 3163.265
469.259 3303.061
469.529 3214.505
469.798 3208.376
470.068 3066.394
470.337 2949.949
470.607 2964.249
470.876 2842.697
471.146 3057.201
471.415 3052.041
471.685 2938.776
471.954 3016.327
472.224 3018.367
472.493 2987.755
472.763 3000.000
473.033 3018.367
473.302 2980.612
473.572 2905.102
473.841 2854.230
474.111 2961.264
474.380 2944.954
474.650 2825.688
474.919 2929.664
475.189 2790.224
475.458 2750.509
475.728 2758.656
475.997 2796.541
476.267 2830.112
476.536 2815.041
476.806 2776.650
477.075 2718.782
477.345 2775.862
477.614 2688.641
477.884 2704.154
478.153 2789.260
478.423 2630.193
478.692 2632.591
478.962 2557.692
479.231 2532.861
479.501 2551.062
479.770 2529.293
480.040 2449.495
480.309 2425.832
480.579 2579.637
480.848 2534.274
481.118 2458.207
481.387 2534.205
481.657 2518.593
481.926 2454.819
482.196 2451.807
482.465 2525.577
482.735 2513.541
483.004 2434.870
483.274 2421.844
483.543 2487.487
483.813 2453.000
484.082 2424.000
484.352 2311.688
484.621 2331.668
484.891 2385.230
485.161 2433.134
485.430 2473.579
485.700 2353.938
485.969 2189.243
486.239 2246.016
486.508 2356.574
486.778 2304.781
487.047 2314.741
487.317 2232.836
487.586 2227.861
487.856 2226.866
488.125 2240.796
488.395 2222.886
488.664 2224.876
488.934 2274.627
489.203 2329.681
489.473 2177.291
489.742 2148.406
490.012 2048.853
490.281 2036.889
490.551 2177.468
490.820 2131.737
491.090 2116.766
491.359 2135.864
491.629 2085.914
491.898 2160.839
492.168 2100.899
492.437 1984.000
492.707 1984.000
492.976 2048.048
493.246 1939.880
493.515 2047.141
493.785 1983.952
494.054 2056.225
494.324 1965.829
494.593 1914.573
494.863 1975.855
495.132 2001.007
495.402 1993.952
495.671 1894.153
495.941 1905.146
496.210 1949.495
496.480 1927.199
496.749 2008.089
497.019 1874.494
497.289 1851.215
497.558 1902.736
497.828 1827.586
498.097 1774.619
498.367 1985.772
498.636 1952.236
498.906 1818.922
499.175 2006.104
499.445 1847.251
499.714 1685.336
499.984 1675.841
500.253 1673.469
500.523 1642.857
500.792 1800.817
501.062 1829.418
501.331 1754.852
501.601 1692.229
501.870 1771.984
502.140 1750.511
502.409 1736.950
502.679 1670.420
502.948 1555.783
503.218 1629.098
503.487 1752.049
503.757 1684.103
504.026 1609.231
504.296 1567.179
504.565 1620.513
504.835 1548.718
505.104 1591.376
505.374 1610.883
505.643 1546.201
505.913 1462.487
506.182 1368.962
506.452 1417.266
506.721 1500.514
506.991 1463.992
507.260 1442.387
507.530 1494.856
507.799 1381.687
508.069 1413.580
508.338 1485.098
508.608 1420.945
508.877 1387.064
509.147 1390.769
509.416 1319.672
509.686 1321.063
509.956 1477.017
510.225 1419.388
510.495 1358.452
510.764 1328.586
511.034 1353.299
511.303 1388.045
511.573 1369.433
511.842 1324.242
512.112 1265.121
512.381 1258.551
512.651 1261.044
512.920 1202.405
513.190 1180.819
513.459 1076.770
513.729 1092.445
513.998 1190.476
514.268 1203.960
514.537 1336.624
514.807 1393.103
515.076 1324.484
515.346 1153.922
515.615 1187.683
515.885 1227.317
516.154 1115.871
516.424 1084.548
516.693 1179.437
516.963 1166.505
517.232 1095.652
517.502 1044.316
517.771 948.077
518.041 1003.842
518.310 1108.341
518.580 1145.594
518.849 1095.602
519.119 1040.115
519.388 1163.168
519.658 1138.227
519.927 964.762
520.197 963.844
520.466 1060.837
520.736 1015.209
521.005 965.812
521.275 966.762
521.544 1005.698
521.814 966.762
522.084 969.611
522.353 1076.923
522.623 984.805
522.892 942.070
523.162 877.493
523.431 969.582
523.701 902.091
523.970 967.650
524.240 976.213
524.509 982.857
524.779 893.333
525.048 809.342
525.318 921.830
525.587 832.061
525.857 777.459
526.126 948.424
526.396 861.377
526.665 866.029
526.935 842.912
527.204 798.658
527.474 857.965
527.743 842.459
528.013 702.885
528.282 664.100
528.552 720.617
528.821 755.063
529.091 820.463
529.360 708.213
529.630 677.950
529.899 767.667
530.169 806.389
530.438 738.372
530.708 713.870
530.977 706.796
531.247 707.767
531.516 759.961
531.786 747.082
532.055 687.439
532.325 608.187
532.594 648.780
532.864 721.680
533.133 699.902
533.403 673.190
533.672 666.341
533.942 670.588
534.212 700.687
534.481 625.737
534.751 530.452
535.020 600.787
535.290 551.181
535.559 502.953
535.829 616.749
536.098 672.584
536.368 553.801
536.637 435.341
536.907 517.787
537.176 558.300
537.446 506.917
537.715 515.331
537.985 490.603
538.254 482.178
538.524 425.743
538.793 484.158
539.063 452.475
539.332 455.897
539.602 512.389
539.871 491.576
540.141 342.914
540.410 367.691
540.680 388.503
540.949 469.772
541.219 477.701
541.488 511.397
541.758 446.977
542.027 396.432
542.297 381.188
542.566 376.238
542.836 341.584
543.105 411.881
543.375 430.693
543.644 318.812
543.914 246.291
544.183 231.454
544.453 316.518
544.722 323.442
544.992 209.693
545.261 205.534
545.531 243.083
545.800 289.526
546.070 244.817
546.346 223.866
546.622 215.764
546.897 208.661
547.173 228.122
547.449 164.208
547.725 220.039
548.001 225.711
548.276 268.627
548.552 278.431
548.828 166.503
549.104 189.030
549.380 154.599
549.655 128.180
549.931 178.886
550.207 228.516
550.483 138.672
550.759 124.878
551.034 93.567
551.310 72.125
551.586 41.870
551.862 99.318
552.138 98.249
552.413 46.693
552.689 0.000
552.965 0.000
553.241 0.000
553.517 1.942
553.793 64.078
554.068 12.621
554.344 36.893
554.620 122.211
554.896 0.000
555.172 0.000
555.447 0.000
555.723 0.000
555.999 0.000
556.275 0.000
556.551 0.000
556.826 0.000
557.102 0.000
557.378 2.910
557.654 0.000
557.930 0.000
558.205 0.000
558.481 0.000
558.757 0.000
559.033 0.000
559.309 0.000
559.584 0.000
559.860 0.000
560.136 0.000
560.412 0.000
560.688 0.000
560.963 0.000
561.239 22.417
561.515 0.000
561.791 0.000
562.067 0.000
562.342 0.000
562.618 0.000
562.894 0.000
563.170 0.000
563.446 0.000
563.721 0.000
563.997 0.000
564.273 0.000
564.549 0.000
564.825 0.000
565.100 0.000
565.376 0.000
565.652 0.000
565.928 0.000
566.204 0.000
566.479 0.000
566.755 0.000
567.031 0.000
567.307 0.000
567.583 0.000
567.858 0.000
568.134 0.000
568.410 0.000
568.686 0.000
568.962 0.000
569.237 0.000
569.513 0.000
569.789 0.000
570.065 0.000
570.341 0.000
570.617 0.000
570.892 0.000
571.168 0.000
571.444 0.000
571.720 0.000
571.996 0.000
572.271 0.000
572.547 0.000
572.823 0.000
573.099 0.000
573.375 0.000
573.650 0.000
573.926 0.000
574.202 0.000
574.478 0.000
574.754 0.000
575.029 0.000
575.305 0.000
575.581 0.000
575.857 0.000
576.133 0.000
576.408 0.000
576.684 0.000
576.960 0.000
577.239 0.000
577.517 0.000
577.796 0.000
578.075 0.000
578.354 0.000
578.632 0.000
578.911 0.000
579.190 0.000
579.469 0.000
579.747 0.000
580.026 0.000
580.305 0.000
580.584 0.000
580.862 0.000
581.141 0.000
581.420 0.000
581.699 0.000
581.977 0.000
582.256 0.000
582.535 0.000
582.814 0.000
583.092 0.000
583.371 0.000
583.650 0.000
583.929 0.000
584.207 0.000
584.486 0.000
584.765 0.000
585.043 0.000
585.322 0.000
585.601 0.000
585.880 0.000
586.158 0.000
586.437 0.000
586.716 0.000
586.995 0.000
587.273 0.000
587.552 0.000
587.831 0.000
588.110 0.000
588.388 0.000
588.667 0.000
588.946 0.000
589.225 0.000
589.503 0.000
589.782 0.000
590.061 0.000
590.340 0.000
590.618 0.000
590.897 0.000
591.176 0.000
591.455 0.000
591.733 0.000
592.012 0.000
592.291 0.000
592.570 0.000
592.848 0.000
593.127 0.000
593.406 0.000
593.684 0.000
593.963 0.000
594.242 0.000
594.521 0.000
594.799 0.000
595.078 0.000
595.357 0.000
595.636 0.000
595.914 0.000
596.193 0.000
596.472 0.000
596.751 0.000
597.029 0.000
597.308 0.000
597.587 0.000
597.866 0.000
598.144 0.000
598.423 0.000
598.702 0.000
598.981 0.000
599.259 0.000
599.538 0.000
599.817 0.000
600.096 0.000
600.374 0.000
600.653 0.000
600.932 0.000
601.210 0.000
601.489 0.000
601.768 0.000
602.047 0.000
602.325 0.000
602.604 0.000
602.883 0.000
603.162 0.000
603.440 0.000
603.719 0.000
603.998 0.000
604.277 0.000
604.555 0.000
604.834 0.000
605.113 0.000
605.392 0.000
605.670 0.000
605.949 0.000
606.228 0.000
606.507 0.000
606.785 0.000
607.064 0.000
607.343 0.000
607.622 0.000
607.900 0.000
608.179 0.000
608.458 0.000
608.736 0.000
609.015 0.000
609.294 0.000
609.573 0.000
609.851 0.000
610.130 0.000
610.409 0.000
610.688 0.000
610.966 0.000
611.245 0.000
611.524 0.000
611.803 0.000
612.081 0.000
612.360 0.000
612.639 0.000
612.918 0.000
613.196 0.000
613.475 0.000
613.754 0.000
614.033 0.000
614.311 0.000
614.590 0.000
614.869 0.000
615.148 0.000
615.426 0.000
615.705 0.000
615.984 0.000
616.263 0.000
616.541 0.000
616.820 0.000
617.099 0.000
617.377 0.000
617.656 0.000
617.935 0.000
618.214 0.000
618.492 0.000
618.771 0.000
619.050 0.000
619.329 0.000
619.607 0.000
619.886 0.000
620.165 0.000
620.444 0.000
620.722 0.000
621.001 0.000
621.280 0.000
621.559 0.000
621.837 0.000
622.116 0.000
622.395 0.000
622.674 0.000
622.952 0.000
623.231 0.000
623.510 0.000
623.789 0.000
624.067 0.000
624.346 0.000
624.625 0.000
624.904 0.000
625.182 0.000
625.461 0.000
625.740 0.000
626.018 0.000
626.297 0.000
626.576 0.000
626.855 0.000
627.133 0.000
627.412 0.000
627.691 0.000
627.970 0.000
628.248 0.000
628.527 0.000
628.806 0.000
629.085 0.000
629.363 0.000
629.642 0.000
629.921 0.000
630.200 0.000
630.478 0.000
630.757 0.000
631.036 0.000
631.315 0.000
631.593 0.000
631.872 0.000
632.151 0.000
632.430 0.000
632.708 0.000
632.987 0.000
633.266 0.000
633.544 0.000
633.823 0.000
634.102 0.000
634.381 0.000
634.659 0.000
634.938 0.000
635.217 0.000
635.496 0.000
635.774 0.000
636.053 0.000
636.332 0.000
636.611 0.000
636.889 0.000
637.168 0.000
637.447 0.000
637.726 0.000
638.004 0.000
638.283 0.000
638.562 0.000
638.841 0.000
639.119 0.000
639.398 0.000
639.677 0.000
639.956 0.000
640.234 0.000
640.513 0.000
640.792 0.000
641.070 0.000
641.349 0.000
641.628 0.000
641.907 0.000
642.185 0.000
642.464 0.000
642.743 0.000
643.022 0.000
643.300 0.000
643.579 0.000
643.858 0.000
644.137 0.000
644.415 0.000
644.694 0.000
644.973 0.000
645.252 0.000
645.530 0.000
645.809 0.000
646.088 0.000
646.367 0.000
646.645 0.000
646.924 0.000
647.203 0.000
647.482 0.000
647.760 0.000
648.039 0.000
648.318 0.000
648.596 0.000
648.875 0.000
649.154 0.000
649.433 0.000
649.711 0.000
649.990 0.000
650.269 0.000
650.548 0.000
650.826 0.000
651.105 0.000
651.384 0.000
651.663 0.000
651.941 0.000
652.220 0.000
652.499 0.000
652.778 0.000
653.056 0.000
653.335 0.000
653.614 0.000
653.893 0.000
654.171 0.000
654.450 0.000
654.729 0.000
655.008 0.000
655.286 0.000
655.565 0.000
655.844 0.000
656.123 0.000
656.401 0.000
656.680 0.000
656.959 0.000
657.237 0.000
657.516 0.000
657.795 0.000
658.074 0.000
658.352 0.000
658.631 0.000
658.910 0.000
659.189 0.000
659.467 0.000
659.746 0.000
660.025 0.000
660.304 0.000
660.582 0.000
660.861 0.000
661.140 0.000
661.419 0.000
661.697 0.000
661.976 0.000
662.255 0.000
662.534 0.000
662.812 0.000
663.091 0.000
663.370 0.000
663.649 0.000
663.927 0.000
664.206 0.000
664.485 0.000
664.764 0.000
665.042 0.000
665.321 0.000
665.600 0.000
665.878 0.000
666.157 0.000
666.436 0.000
666.715 0.000
666.993 0.000
667.272 0.000
667.551 0.000
667.830 0.000
668.108 0.000
668.387 0.000
668.666 0.000
668.945 0.000
669.223 0.000
669.502 0.000
669.781 0.000
670.060 0.000
670.338 0.000
670.617 0.000
670.896 0.000
671.175 0.000
671.453 0.000
671.732 0.000
672.011 0.000
672.290 0.000
672.568 0.000
672.847 0.000
673.126 0.000
673.404 0.000
673.683 0.000
673.962 0.000
674.241 0.000
674.519 0.000
674.798 0.000
675.077 0.000
675.356 0.000
675.634 0.000
675.913 0.000
676.192 0.000
676.471 0.000
676.749 0.000
677.028 0.000
677.307 0.000
677.586 0.000
677.864 0.000
678.143 0.000
678.422 0.000
678.701 0.000
678.979 0.000
679.258 0.000
679.537 0.000
679.816 0.000
680.094 0.000
680.373 0.000
680.652 0.000
680.930 0.000
681.209 0.000
681.488 0.000
681.767 0.000
682.045 0.000
682.324 0.000
682.603 0.000
682.882 0.000
683.160 0.000
683.439 0.000
683.718 0.000
683.997 0.000
684.275 0.000
684.554 0.000
684.833 0.000
685.112 0.000
685.390 0.000
685.669 0.000
685.948 0.000
686.227 0.000
686.505 0.000
686.784 0.000
687.063 0.000
687.342 0.000
687.620 0.000
687.899 0.000
688.178 0.000
688.457 0.000
688.735 0.000
689.014 0.000
689.293 0.000
689.571 0.000
689.850 0.000
690.129 0.000
690.408 0.000
690.686 0.000
690.965 0.000
691.244 0.000
691.523 0.000
691.801 0.000
692.080 0.000
692.359 0.000
692.638 0.000
692.916 0.000
693.195 0.000
693.474 0.000
693.753 0.000
694.031 0.000
694.310 0.000
694.589 0.000
694.868 0.000
695.146 0.000
695.425 0.000
695.704 0.000
695.983 0.000
696.261 0.000
696.540 0.000
696.825 0.000
697.110 0.000
697.395 0.000
697.680 0.000
697.965 0.000
698.250 0.000
698.535 0.000
698.819 0.000
699.104 0.000
699.389 0.000
699.674 0.000
699.959 0.000
700.244 0.000
700.529 0.000
700.814 0.000
701.099 0.000
701.384 0.000
701.669 0.000
701.954 0.000
702.239 0.000
702.524 0.000
702.809 0.000
703.094 0.000
703.378 0.000
703.663 0.000
703.948 0.000
704.233 0.000
704.518 0.000
704.803 0.000
705.088 0.000
705.373 0.000
705.658 0.000
705.943 0.000
706.228 0.000
706.513 0.000
706.798 0.000
707.083 0.000
707.368 0.000
707.653 0.000
707.937 0.000
708.222 0.000
708.507 0.000
708.792 0.000
709.077 0.000
709.362 0.000
709.647 0.000
709.932 0.000
710.217 0.000
710.502 0.000
710.787 0.000
711.072 0.000
711.357 0.000
711.642 0.000
711.927 0.000
712.211 0.000
712.496 0.000
712.781 0.000
713.066 0.000
713.351 0.000
713.636 0.000
713.921 0.000
714.206 0.000
714.491 0.000
714.776 0.000
715.061 0.000
715.346 0.000
715.631 0.000
715.916 0.000
716.201 0.000
716.486 0.000
716.770 0.000
717.055 0.000
717.340 0.000
717.625 0.000
717.910 0.000
718.195 0.000
718.480 0.000
718.765 0.000
719.050 0.000
719.335 0.000
719.620 0.000
719.905 0.000
720.190 0.000
720.475 0.000
720.760 0.000
721.045 0.000
721.329 0.000
721.614 0.000
721.899 0.000
722.184 0.000
722.469 0.000
722.754 0.000
723.039 0.000
723.324 0.000
723.609 0.000
723.894 0.000
724.179 0.000
724.464 0.000
724.749 0.000
725.034 0.000
725.319 0.000
725.603 0.000
725.888 0.000
726.173 0.000
726.458 0.000
726.743 0.000
727.028 0.000
727.313 0.000
727.598 0.000
727.883 0.000
728.168 0.000
728.453 0.000
728.738 0.000
729.023 0.000
729.308 0.000
729.593 0.000
729.878 0.000
730.162 0.000
730.447 0.000
730.732 0.000
731.017 0.000
731.302 0.000
731.587 0.000
731.872 0.000
732.157 0.000
732.442 0.000
732.727 0.000
733.012 0.000
733.297 0.000
733.582 0.000
733.867 0.000
734.152 0.000
734.437 0.000
734.721 0.000
735.006 0.000
735.291 0.000
735.576 0.000
735.861 0.000
736.146 0.000
736.431 0.000
736.716 0.000
737.001 0.000
737.286 0.000
737.571 0.000
737.856 0.000
738.141 0.000
738.426 0.000
738.711 0.000
738.995 0.000
739.280 0.000
739.565 0.000
739.850 0.000
740.135 0.000
740.420 0.000
740.705 0.000
740.990 0.000
741.275 0.000
741.560 0.000
741.845 0.000
742.130 0.000
742.415 0.000
742.700 0.000
742.985 0.000
743.270 0.000
743.554 0.000
743.839 0.000
744.124 0.000
744.409 0.000
744.694 0.000
744.979 0.000
745.264 0.000
745.549 0.000
745.834 0.000
746.119 0.000
746.404 0.000
746.689 0.000
746.974 0.000
747.259 0.000
747.544 0.000
747.829 0.000
748.113 0.000
748.398 0.000
748.683 0.000
748.968 0.000
749.253 0.000
749.538 0.000
749.823 0.000
750.108 0.000
750.393 0.000
750.678 0.000
750.963 0.000
751.248 0.000
751.533 0.000
751.818 0.000
752.103 0.000
752.387 0.000
752.672 0.000
752.957 0.000
753.242 0.000
753.527 0.000
753.812 0.000
754.097 0.000
754.382 0.000
754.667 0.000
754.952 0.000
755.237 0.000
755.522 0.000
755.807 0.000
756.092 0.000
756.377 0.000
756.662 0.000
756.946 0.000
757.231 0.000
757.516 0.000
757.801 0.000
758.086 0.000
758.371 0.000
758.656 0.000
758.941 0.000
759.226 0.000
759.511 0.000
759.796 0.000
760.081 0.000
760.366 0.000
760.651 0.000
760.936 0.000
761.221 0.000
761.505 0.000
761.790 0.000
762.075 0.000
762.360 0.000
762.645 0.000
762.930 0.000
763.215 0.000
763.500 0.000
763.791 0.000
764.082 0.000
764.373 0.000
764.664 0.000
764.955 0.000
765.247 0.000
765.538 0.000
765.829 0.000
766.120 0.000
766.411 0.000
766.702 0.000
766.993 0.000
767.284 0.000
767.575 0.000
767.866 0.000
768.157 0.000
768.449 0.000
768.740 0.000
769.031 0.000
769.322 0.000
769.613 0.000
769.904 0.000
770.195 0.000
770.486 0.000
770.777 0.000
771.068 0.000
771.359 0.000
771.651 0.000
771.942 0.000
772.233 0.000
772.524 0.000
772.815 0.000
773.106 0.000
773.397 0.000
773.688 0.000
773.979 0.000
774.270 0.000
774.561 0.000
774.853 0.000
775.144 0.000
775.435 0.000
775.726 0.000
776.017 0.000
776.308 0.000
776.599 0.000
776.890 0.000
777.181 0.000
777.472 0.000
777.763 0.000
778.055 0.000
778.346 0.000
778.637 0.000
778.928 0.000
779.219 0.000
779.510 0.000
779.801 0.000
780.092 0.000
780.383 0.000
780.674 0.000
780.965 0.000
781.257 0.000
781.548 0.000
781.839 0.000
782.130 0.000
782.421 0.000
782.712 0.000
783.003 0.000
783.294 0.000
783.585 0.000
783.876 0.000
784.167 0.000
784.459 0.000
784.750 0.000
785.041 0.000
785.332 0.000
785.623 0.000
785.914 0.000
786.205 0.000
786.496 0.000
786.787 0.000
787.078 0.000
787.369 0.000
787.661 0.000
787.952 0.000
788.243 0.000
788.534 0.000
788.825 0.000
789.116 0.000
789.407 0.000
789.698 0.000
789.989 0.000
790.280 0.000
790.571 0.000
790.863 0.000
791.154 0.000
791.445 0.000
791.736 0.000
792.027 0.000
792.318 0.000
792.609 0.000
792.900 0.000
793.191 0.000
793.482 0.000
793.773 0.000
794.065 0.000
794.356 0.000
794.647 0.000
794.938 0.000
795.229 0.000
795.520 0.000
795.811 0.000
796.102 0.000
796.393 0.000
796.684 0.000
796.975 0.000
797.267 0.000
797.558 0.000
797.849 0.000
798.140 0.000
798.431 0.000
798.722 0.000
799.013 0.000
799.304 0.000
799.595 0.000
799.886 0.000
800.177 0.000
800.469 0.000
800.760 0.000
801.051 0.000
801.342 0.000
801.633 0.000
801.924 0.000
802.215 0.000
802.506 0.000
802.797 0.000
803.088 0.000
803.379 0.000
803.671 0.000
803.962 0.000
804.253 0.000
804.544 0.000
804.835 0.000
805.126 0.000
805.417 0.000
805.708 0.000
805.999 0.000
806.290 0.000
806.581 0.000
806.873 0.000
807.164 0.000
807.455 0.000
807.746 0.000
808.037 0.000
808.328 0.000
808.619 0.000
808.910 0.000
809.201 0.000
809.492 0.000
809.783 0.000
810.075 0.000
810.366 0.000
810.657 0.000
810.948 0.000
811.239 0.000
811.530 0.000
811.821 0.000
812.112 0.000
812.404 0.000
812.695 0.000
812.986 0.000
813.277 0.000
813.569 0.000
813.860 0.000
814.151 0.000
814.442 0.000
814.734 0.000
815.025 0.000
815.316 0.000
815.607 0.000
815.899 0.000
816.190 0.000
816.481 0.000
816.772 0.000
817.064 0.000
817.355 0.000
817.646 0.000
817.937 0.000
818.229 0.000
818.520 0.000
818.811 0.000
819.102 0.000
819.394 0.000
819.685 0.000
819.976 0.000
820.267 0.000
820.559 0.000
820.850 0.000
821.141 0.000
821.432 0.000
821.723 0.000
822.015 0.000
822.306 0.000
822.597 0.000
822.888 0.000
823.180 0.000
823.471 0.000
823.762 0.000
824.053 0.000
824.345 0.000
824.636 0.000
824.927 0.000
825.218 0.000
825.510 0.000
825.801 0.000
826.092 0.000
826.383 0.000
826.675 0.000
826.966 0.000
827.257 0.000
827.548 0.000
827.840 0.000
828.131 0.000
828.422 0.000
828.713 0.000
829.005 0.000
829.296 0.000
829.587 0.000
829.878 0.000
830.170 0.000
830.461 0.000
830.752 0.000
831.043 0.000
831.335 0.000
831.626 0.000
831.917 0.000
832.208 0.000
832.499 0.000
832.791 0.000
833.082 0.000
833.373 0.000
833.664 0.000
833.956 0.000
834.247 0.000
834.538 0.000
834.829 0.000
835.121 0.000
835.412 0.000
835.703 0.000
835.994 0.000
836.286 0.000
836.577 0.000
836.868 0.000
837.159 0.000
837.451 0.000
837.742 0.000
838.033 0.000
838.324 0.000
838.616 0.000
838.907 0.000
839.198 0.000
839.489 0.000
839.781 0.000
840.072 0.000
840.363 0.000
840.654 0.000
840.946 0.000
841.237 0.000
841.528 0.000
841.819 0.000
842.110 0.000
842.402 0.000
842.693 0.000
842.984 0.000
843.275 0.000
843.567 0.000
843.858 0.000
844.149 0.000
844.440 0.000
844.732 0.000
845.023 0.000
845.314 0.000
845.605 0.000
845.897 0.000
846.188 0.000
846.479 0.000
846.770 0.000
847.062 0.000
847.353 0.000
847.644 0.000
847.935 0.000
848.227 0.000
848.518 0.000
848.809 0.000
849.100 0.000
849.392 0.000
849.683 0.000
849.974 0.000
850.265 0.000
850.557 0.000
850.848 0.000
851.139 0.000
851.430 0.000
851.721 0.000
852.013 0.000
852.304 0.000
852.595 0.000
852.886 0.000
853.178 0.000
853.469 0.000
853.760 0.000
854.051 0.000
854.343 0.000
854.634 0.000
854.925 0.000
855.216 0.000
855.508 0.000
855.799 0.000
856.090 0.000
856.381 0.000
856.673 0.000
856.964 0.000
857.255 0.000
857.546 0.000
857.838 0.000
858.129 0.000
858.420 0.000
858.711 0.000
859.003 0.000
859.294 0.000
859.585 0.000
859.876 0.000
860.168 0.000
860.459 0.000
860.750 0.000
861.041 0.000
861.333 0.000
861.624 0.000
861.915 0.000
862.206 0.000
862.497 0.000
862.789 0.000
863.080 0.000
863.371 0.000
863.662 0.000
863.954 0.000
864.245 0.000
864.536 0.000
864.827 0.000
865.119 0.000
865.410 0.000
865.701 0.000
865.992 0.000
866.284 0.000
866.575 0.000
866.866 0.000
867.157 0.000
867.449 0.000
867.740 0.000
868.031 0.000
868.322 0.000
868.614 0.000
868.905 0.000
869.196 0.000
869.487 0.000
869.779 0.000
870.070 0.000
870.361 0.000
870.652 0.000
870.944 0.000
871.235 0.000
871.526 0.000
871.817 0.000
872.109 0.000
872.400 0.000
872.691 0.000
872.982 0.000
873.273 0.000
873.565 0.000
873.856 0.000
874.147 0.000
874.438 0.000
874.730 0.000
875.021 0.000
875.312 0.000
875.603 0.000
875.895 0.000
876.186 0.000
876.477 0.000
876.768 0.000
877.060 0.000
877.351 0.000
877.642 0.000
877.933 0.000
878.225 0.000
878.516 0.000
878.807 0.000
879.098 0.000
879.390 0.000
879.681 0.000
879.972 0.000
880.263 0.000
880.555 0.000
880.846 0.000
881.137 0.000
881.428 0.000
881.720 0.000
882.011 0.000
882.302 0.000
882.593 0.000
882.884 0.000
883.176 0.000
883.467 0.000
883.758 0.000
884.049 0.000
884.341 0.000
884.632 0.000
884.923 0.000
885.214 0.000
885.506 0.000
885.797 0.000
886.088 0.000
886.379 0.000
886.671 0.000
886.962 0.000
887.253 0.000
887.544 0.000
887.836 0.000
888.127 0.000
888.418 0.000
888.709 0.000
889.001 0.000
889.292 0.000
889.583 0.000
889.874 0.000
890.166 0.000
890.457 0.000
890.748 0.000
891.039 0.000
891.331 0.000
891.622 0.000
891.913 0.000
892.204 0.000
892.495 0.000
892.787 0.000
893.078 0.000
893.369 0.000
893.660 0.000
893.952 0.000
894.243 0.000
894.534 0.000
894.825 0.000
895.117 0.000
895.408 0.000
895.699 0.000
895.990 0.000
896.282 0.000
896.573 0.000
896.864 0.000
897.155 0.000
897.447 0.000
897.738 0.000
898.029 0.000
898.320 0.000
898.612 0.000
898.903 0.000
899.194 0.000
899.485 0.000
899.777 0.000
900.068 0.000
900.359 0.000
900.650 0.000
900.942 0.000
901.233 0.000
901.524 0.000
901.815 0.000
902.106 0.000
902.398 0.000
902.689 0.000
902.980 0.000
903.271 0.000
903.563 0.000
903.854 0.000
904.145 0.000
904.436 0.000
904.728 0.000
905.019 0.000
905.310 0.000
905.601 0.000
905.893 0.000
906.184 0.000
906.475 0.000
906.766 0.000
907.058 0.000
907.349 0.000
907.640 0.000
907.931 0.000
908.223 0.000
908.514 0.000
908.805 0.000
909.096 0.000
909.388 0.000
909.679 0.000
909.970 0.000
910.261 0.000
910.553 0.000
910.844 0.000
911.135 0.000
911.426 0.000
911.718 0.000
912.009 0.000
912.300 0.000
912.599 0.000
912.898 0.000
913.196 0.000
913.495 0.000
913.794 0.000
914.093 0.000
914.391 0.000
914.690 0.000
914.989 0.000
915.288 0.000
915.586 0.000
915.885 0.000
916.184 0.000
916.483 0.000
916.782 0.000
917.080 0.000
917.379 0.000
917.678 0.000
917.977 0.000
918.275 0.000
918.574 0.000
918.873 0.000
919.172 0.000
919.471 0.000
919.769 0.000
920.068 0.000
920.367 0.000
920.666 0.000
920.964 0.000
921.263 0.000
921.562 0.000
921.861 0.000
922.159 0.000
922.458 0.000
922.757 0.000
923.056 0.000
923.355 0.000
923.653 0.000
923.952 0.000
924.251 0.000
924.550 0.000
924.848 0.000
925.147 0.000
925.446 0.000
925.745 0.000
926.043 0.000
926.342 0.000
926.641 0.000
926.940 0.000
927.239 0.000
927.537 0.000
927.836 0.000
928.135 0.000
928.434 0.000
928.732 0.000
929.031 0.000
929.330 0.000
929.629 0.000
929.927 0.000
930.226 0.000
930.525 0.000
930.824 0.000
931.123 0.000
931.421 0.000
931.720 0.000
932.019 0.000
932.318 0.000
932.616 0.000
932.915 0.000
933.214 0.000
933.513 0.000
933.812 0.000
934.110 0.000
934.409 0.000
934.708 0.000
935.007 0.000
935.305 0.000
935.604 0.000
935.903 0.000
936.202 0.000
936.500 0.000
936.799 0.000
937.098 0.000
937.397 0.000
937.696 0.000
937.994 0.000
938.293 0.000
938.592 0.000
938.891 0.000
939.189 0.000
939.488 0.000
939.787 0.000
940.086 0.000
940.384 0.000
940.683 0.000
940.982 0.000
941.281 0.000
941.580 0.000
941.878 0.000
942.177 0.000
942.476 0.000
942.775 0.000
943.073 0.000
943.372 0.000
943.671 0.000
943.970 0.000
944.268 0.000
944.567 0.000
944.866 0.000
945.165 0.000
945.464 0.000
945.762 0.000
946.061 0.000
946.360 0.000
946.659 0.000
946.957 0.000
947.256 0.000
947.555 0.000
947.854 0.000
948.153 0.000
948.451 0.000
948.750 0.000
949.049 0.000
949.348 0.000
949.646 0.000
949.945 0.000
950.244 0.000
950.543 0.000
950.841 0.000
951.140 0.000
951.439 0.000
951.738 0.000
952.037 0.000
952.335 0.000
952.634 0.000
952.933 0.000
953.232 0.000
953.530 0.000
953.829 0.000
954.128 0.000
954.427 0.000
954.725 0.000
955.024 0.000
955.323 0.000
955.622 0.000
955.921 0.000
956.219 0.000
956.518 0.000
956.817 0.000
957.116 0.000
957.414 0.000
957.713 0.000
958.012 0.000
958.311 0.000
958.610 0.000
958.908 0.000
959.207 0.000
959.506 0.000
959.805 0.000
960.103 0.000
960.402 0.000
960.701 0.000
961.000 0.000
961.298 0.000
961.597 0.000
961.896 0.000
962.195 0.000
962.494 0.000
962.792 0.000
963.091 0.000
963.390 0.000
963.689 0.000
963.987 0.000
964.286 0.000
964.585 0.000
964.884 0.000
965.182 0.000
965.481 0.000
965.780 0.000
966.075 0.000
966.370 0.000
966.666 0.000
966.961 0.000
967.256 0.000
967.551 0.000
967.847 0.000
968.142 0.000
968.437 0.000
968.732 0.000
969.028 0.000
969.323 0.000
969.618 0.000
969.913 0.000
970.208 0.000
970.504 0.000
970.799 0.000
971.094 0.000
971.389 0.000
971.685 0.000
971.980 0.000
972.275 0.000
972.570 0.000
972.866 0.000
973.161 0.000
973.456 0.000
973.751 0.000
974.047 0.000
974.342 0.000
974.637 0.000
974.932 0.000
975.227 0.000
975.523 0.000
975.818 0.000
976.113 0.000
976.408 0.000
976.704 0.000
976.999 0.000
977.294 0.000
977.589 0.000
977.885 0.000
978.180 0.000
978.475 0.000
978.770 0.000
979.066 0.000
979.361 0.000
979.656 0.000
979.951 0.000
980.246 0.000
980.542 0.000
980.837 0.000
981.132 0.000
981.427 0.000
981.723 0.000
982.018 0.000
982.313 0.000
982.608 0.000
982.904 0.000
983.199 0.000
983.494 0.000
983.789 0.000
984.084 0.000
984.380 0.000
984.675 0.000
984.970 0.000
985.265 0.000
985.561 0.000
985.856 0.000
986.151 0.000
986.446 0.000
986.742 0.000
987.037 0.000
987.332 0.000
987.627 0.000
987.923 0.000
988.218 0.000
988.513 0.000
988.808 0.000
989.103 0.000
989.399 0.000
989.694 0.000
989.989 0.000
990.284 0.000
990.580 0.000
990.875 0.000
991.170 0.000
991.465 0.000
991.761 0.000
992.056 0.000
992.351 0.000
992.646 0.000
992.942 0.000
993.237 0.000
993.532 0.000
993.827 0.000
994.122 0.000
994.418 0.000
994.713 0.000
995.008 0.000
995.303 0.000
995.599 0.000
995.894 0.000
996.189 0.000
996.484 0.000
996.780 0.000
997.075 0.000
997.370 0.000
997.665 0.000
997.960 0.000
998.256 0.000
998.551 0.000
998.846 0.000
999.141 0.000
999.437 0.000
999.732 0.000
1000.027 0.000
1000.322 0.000
1000.618 0.000
1000.913 0.000
1001.208 0.000
1001.503 0.000
1001.799 0.000
1002.094 0.000
1002.389 0.000
1002.684 0.000
1002.979 0.000
1003.275 0.000
1003.570 0.000
1003.865 0.000
1004.160 0.000
1004.456 0.000
1004.751 0.000
1005.046 0.000
1005.341 0.000
1005.637 0.000
1005.932 0.000
1006.227 0.000
1006.522 0.000
1006.817 0.000
1007.113 0.000
1007.408 0.000
1007.703 0.000
1007.998 0.000
1008.294 0.000
1008.589 0.000
1008.884 0.000
1009.179 0.000
1009.475 0.000
1009.770 0.000
1010.065 0.000
1010.360 0.000
1010.656 0.000
1010.951 0.000
1011.246 0.000
1011.541 0.000
1011.836 0.000
1012.132 0.000
1012.427 0.000
1012.722 0.000
1013.017 0.000
1013.313 0.000
1013.608 0.000
1013.903 0.000
1014.198 0.000
1014.494 0.000
1014.789 0.000
1015.084 0.000
1015.379 0.000
1015.674 0.000
1015.970 0.000
1016.265 0.000
1016.560 0.000
1016.855 0.000
1017.151 0.000
1017.446 0.000
1017.741 0.000
1018.036 0.000
1018.332 0.000
1018.627 0.000
1018.922 0.000
1019.217 0.000
1019.513 0.000
1019.808 0.000
1020.103 0.000
1020.398 0.000
1020.693 0.000
1020.989 0.000
1021.284 0.000
1021.579 0.000
1021.874 0.000
1022.170 0.000
1022.465 0.000
1022.760 0.000
1023.055 0.000
1023.351 0.000
1023.646 0.000
1023.941 0.000
1024.236 0.000
1024.532 0.000
1024.827 0.000
1025.122 0.000
1025.417 0.000
1025.712 0.000
1026.008 0.000
1026.303 0.000
1026.598 0.000
1026.893 0.000
1027.189 0.000
1027.484 0.000
1027.779 0.000
1028.074 0.000
1028.370 0.000
1028.665 0.000
1028.960 0.000
1029.255 0.000
1029.550 0.000
1029.846 0.000
1030.141 0.000
1030.436 0.000
1030.731 0.000
1031.027 0.000
1031.322 0.000
1031.617 0.000
1031.912 0.000
1032.208 0.000
1032.503 0.000
1032.798 0.000
1033.093 0.000
1033.389 0.000
1033.684 0.000
1033.979 0.000
1034.274 0.000
1034.569 0.000
1034.865 0.000
1035.160 0.000
1035.455 0.000
1035.750 0.000
1036.046 0.000
1036.341 0.000
1036.636 0.000
1036.931 0.000
1037.227 0.000
1037.522 0.000
1037.817 0.000
1038.112 0.000
1038.407 0.000
1038.703 0.000
1038.998 0.000
1039.293 0.000
1039.588 0.000
1039.884 0.000
1040.179 0.000
1040.474 0.000
1040.769 0.000
1041.065 0.000
1041.360 0.000
1041.655 0.000
1041.950 0.000
1042.246 0.000
1042.541 0.000
1042.836 0.000
1043.131 0.000
1043.426 0.000
1043.722 0.000
1044.017 0.000
1044.312 0.000
1044.607 0.000
1044.903 0.000
1045.198 0.000
1045.493 0.000
1045.788 0.000
1046.084 0.000
1046.379 0.000
1046.674 0.000
1046.969 0.000
1047.264 0.000
1047.560 0.000
1047.855 0.000
1048.150 0.000
1048.445 0.000
1048.741 0.000
1049.036 0.000
1049.331 0.000
1049.626 0.000
1049.922 0.000
1050.217 0.000
1050.512 0.000
1050.807 0.000
1051.103 0.000
1051.398 0.000
1051.693 0.000
1051.988 0.000
1052.283 0.000
1052.579 0.000
1052.874 0.000
1053.169 0.000
1053.464 0.000
1053.760 0.000
1054.055 0.000
1054.350 0.000
1054.645 0.000
1054.941 0.000
1055.236 0.000
1055.531 0.000
1055.826 0.000
1056.122 0.000
1056.417 0.000
1056.712 0.000
1057.007 0.000
1057.302 0.000
1057.598 0.000
1057.893 0.000
1058.188 0.000
1058.483 0.000
1058.779 0.000
1059.074 0.000
1059.369 0.000
1059.664 0.000
1059.960 0.000
1060.255 0.000
1060.550 0.000
1060.845 0.000
1061.140 0.000
1061.436 0.000
1061.731 0.000
1062.026 0.000
1062.321 0.000
1062.617 0.000
1062.912 0.000
1063.207 0.000
1063.502 0.000
1063.798 0.000
1064.093 0.000
1064.388 0.000
1064.683 0.000
1064.978 0.000
1065.274 0.000
1065.569 0.000
1065.864 0.000
1066.159 0.000
1066.455 0.000
1066.750 0.000
1067.045 0.000
1067.340 0.000
1067.636 0.000
1067.931 0.000
1068.226 0.000
1068.521 0.000
1068.817 0.000
1069.112 0.000
1069.407 0.000
1069.702 0.000
1069.997 0.000
1070.293 0.000
1070.588 0.000
1070.883 0.000
1071.178 0.000
1071.474 0.000
1071.769 0.000
1072.064 0.000
1072.359 0.000
1072.655 0.000
1072.950 0.000
1073.245 0.000
1073.540 0.000
1073.836 0.000
1074.131 0.000
1074.426 0.000
1074.721 0.000
1075.016 0.000
1075.312 0.000
1075.607 0.000
1075.902 0.000
1076.197 0.000
1076.493 0.000
1076.788 0.000
1077.083 0.000
1077.378 0.000
1077.674 0.000
1077.969 0.000
1078.264 0.000
1078.559 0.000
1078.854 0.000
1079.150 0.000
1079.445 0.000
1079.740 0.000
1080.035 0.000
1080.331 0.000
1080.626 0.000
1080.921 0.000
1081.216 0.000
1081.512 0.000
1081.807 0.000
1082.102 0.000
1082.397 0.000
1082.693 0.000
1082.988 0.000
1083.283 0.000
1083.578 0.000
1083.873 0.000
1084.169 0.000
1084.464 0.000
1084.759 0.000
1085.054 0.000
1085.350 0.000
1085.645 0.000
1085.940 0.000
1086.235 0.000
1086.531 0.000
1086.826 0.000
1087.121 0.000
1087.416 0.000
1087.711 0.000
1088.007 0.000
1088.302 0.000
1088.597 0.000
1088.892 0.000
1089.188 0.000
1089.483 0.000
1089.778 0.000
1090.073 0.000
1090.369 0.000
1090.664 0.000
1090.959 0.000
1091.254 0.000
1091.550 0.000
1091.845 0.000
1092.140 0.000
1092.452 0.000
1092.764 0.000
1093.076 0.000
1093.388 0.000
1093.700 0.000
1094.012 0.000
1094.324 0.000
1094.636 0.000
1094.948 0.000
1095.260 0.000
1095.572 0.000
1095.884 0.000
1096.196 0.000
1096.508 0.000
1096.820 0.000
1097.132 0.000
1097.444 0.000
1097.756 0.000
1098.068 0.000
1098.380 0.000
1098.692 0.000
1099.004 0.000
1099.316 0.000
1099.628 0.000
1099.940 0.000
1100.252 0.000
1100.564 0.000
1100.877 0.000
1101.189 0.000
1101.501 0.000
1101.813 0.000
1102.125 0.000
1102.437 0.000
1102.749 0.000
1103.061 0.000
1103.373 0.000
1103.685 0.000
1103.997 0.000
1104.309 0.000
1104.621 0.000
1104.933 0.000
1105.245 0.000
1105.557 0.000
1105.869 0.000
1106.181 0.000
1106.493 0.000
1106.805 0.000
1107.117 0.000
1107.429 0.000
1107.741 0.000
1108.053 0.000
1108.365 0.000
1108.677 0.000
1108.989 0.000
1109.301 0.000
1109.613 0.000
1109.925 0.000
1110.237 0.000
1110.549 0.000
1110.861 0.000
1111.173 0.000
1111.485 0.000
1111.797 0.000
1112.109 0.000
1112.421 0.000
1112.733 0.000
1113.045 0.000
1113.357 0.000
1113.669 0.000
1113.981 0.000
1114.293 0.000
1114.605 0.000
1114.917 0.000
1115.229 0.000
1115.541 0.000
1115.853 0.000
1116.165 0.000
1116.477 0.000
1116.789 0.000
1117.101 0.000
1117.413 0.000
1117.725 0.000
1118.037 0.000
1118.349 0.000
1118.662 0.000
1118.974 0.000
1119.286 0.000
1119.598 0.000
1119.910 0.000
1120.222 0.000
1120.534 0.000
1120.846 0.000
1121.158 0.000
1121.470 0.000
1121.782 0.000
1122.094 0.000
1122.406 0.000
1122.718 0.000
1123.030 0.000
1123.342 0.000
1123.654 0.000
1123.966 0.000
1124.278 0.000
1124.590 0.000
1124.902 0.000
1125.214 0.000
1125.526 0.000
1125.838 0.000
1126.150 0.000
1126.462 0.000
1126.774 0.000
1127.086 0.000
1127.398 0.000
1127.710 0.000
1128.022 0.000
1128.334 0.000
1128.646 0.000
1128.958 0.000
1129.270 0.000
1129.582 0.000
1129.894 0.000
1130.206 0.000
1130.518 0.000
1130.830 0.000
1131.142 0.000
1131.454 0.000
1131.766 0.000
1132.078 0.000
1132.390 0.000
1132.702 0.000
1133.014 0.000
1133.326 0.000
1133.638 0.000
1133.950 0.000
1134.262 0.000
1134.574 0.000
1134.886 0.000
1135.198 0.000
1135.510 0.000
1135.822 0.000
1136.134 0.000
1136.447 0.000
1136.759 0.000
1137.071 0.000
1137.383 0.000
1137.695 0.000
1138.007 0.000
1138.319 0.000
1138.631 0.000
1138.943 0.000
1139.255 0.000
1139.567 0.000
1139.879 0.000
1140.191 0.000
1140.503 0.000
1140.815 0.000
1141.127 0.000
1141.439 0.000
1141.751 0.000
1142.063 0.000
1142.375 0.000
1142.687 0.000
1142.999 0.000
1143.311 0.000
1143.623 0.000
1143.935 0.000
1144.247 0.000
1144.559 0.000
1144.871 0.000
1145.183 0.000
1145.495 0.000
1145.807 0.000
1146.119 0.000
1146.431 0.000
1146.743 0.000
1147.055 0.000
1147.367 0.000
1147.679 0.000
1147.991 0.000
1148.303 0.000
1148.615 0.000
1148.927 0.000
1149.239 0.000
1149.551 0.000
1149.863 0.000
1150.175 0.000
1150.487 0.000
1150.799 0.000
1151.111 0.000
1151.423 0.000
1151.735 0.000
1152.047 0.000
1152.359 0.000
1152.671 0.000
1152.983 0.000
1153.295 0.000
1153.607 0.000
1153.920 0.000
1154.232 0.000
1154.544 0.000
1154.856 0.000
1155.168 0.000
1155.480 0.000
1155.792 0.000
1156.104 0.000
1156.416 0.000
1156.728 0.000
1157.040 0.000
1157.352 0.000
1157.664 0.000
1157.976 0.000
1158.288 0.000
1158.600 0.000
1158.912 0.000
1159.224 0.000
1159.536 0.000
1159.848 0.000
1160.160 0.000
1160.472 0.000
1160.784 0.000
1161.096 0.000
1161.408 0.000
1161.720 0.000
1162.032 0.000
1162.344 0.000
1162.656 0.000
1162.968 0.000
1163.280 0.000
1163.592 0.000
1163.904 0.000
1164.216 0.000
1164.528 0.000
1164.840 0.000
1165.152 0.000
1165.464 0.000
1165.776 0.000
1166.088 0.000
1166.400 0.000
1166.712 0.000
1167.024 0.000
1167.336 0.000
1167.648 0.000
1167.960 0.000
1168.272 0.000
1168.584 0.000
1168.896 0.000
1169.208 0.000
1169.520 0.000
1169.832 0.000
1170.144 0.000
1170.456 0.000
1170.768 0.000
1171.080 0.000
1171.392 0.000
1171.705 0.000
1172.017 0.000
1172.329 0.000
1172.641 0.000
1172.953 0.000
1173.265 0.000
1173.577 0.000
1173.889 0.000
1174.201 0.000
1174.513 0.000
1174.825 0.000
1175.137 0.000
1175.449 0.000
1175.761 0.000
1176.073 0.000
1176.385 0.000
1176.697 0.000
1177.009 0.000
1177.321 0.000
1177.633 0.000
1177.945 0.000
1178.257 0.000
1178.569 0.000
1178.881 0.000
1179.193 0.000
1179.505 0.000
1179.817 0.000
1180.129 0.000
1180.441 0.000
1180.753 0.000
1181.065 0.000
1181.377 0.000
1181.689 0.000
1182.001 0.000
1182.313 0.000
1182.625 0.000
1182.937 0.000
1183.249 0.000
1183.561 0.000
1183.873 0.000
1184.185 0.000
1184.497 0.000
1184.809 0.000
1185.121 0.000
1185.433 0.000
1185.745 0.000
1186.057 0.000
1186.369 0.000
1186.681 0.000
1186.993 0.000
1187.305 0.000
1187.617 0.000
1187.929 0.000
1188.241 0.000
1188.553 0.000
1188.865 0.000
1189.178 0.000
1189.490 0.000
1189.802 0.000
1190.114 0.000
1190.426 0.000
1190.738 0.000
1191.050 0.000
1191.362 0.000
1191.674 0.000
1191.986 0.000
1192.298 0.000
1192.610 0.000
1192.922 0.000
1193.234 0.000
1193.546 0.000
1193.858 0.000
1194.170 0.000
1194.482 0.000
1194.794 0.000
1195.106 0.000
1195.418 0.000
1195.730 0.000
1196.042 0.000
1196.354 0.000
1196.666 0.000
1196.978 0.000
1197.290 0.000
1197.602 0.000
1197.914 0.000
1198.226 0.000
1198.538 0.000
1198.850 0.000
1199.162 0.000
1199.474 0.000
1199.786 0.000
1200.098 0.000
