177.811 0.000
178.065 0.000
178.318 0.000
178.572 0.000
178.826 0.000
179.079 0.000
179.333 0.000
179.587 0.000
179.840 0.000
180.094 0.000
180.347 0.000
180.601 0.000
180.855 0.000
181.108 0.000
181.362 0.000
181.616 0.000
181.869 0.000
182.123 0.000
182.377 0.000
182.630 0.000
182.884 0.000
183.137 0.000
183.391 0.000
183.645 0.000
183.898 0.000
184.152 0.000
184.406 0.000
184.659 0.000
184.913 0.000
185.167 0.000
185.420 0.000
185.674 0.000
185.928 0.000
186.181 0.000
186.435 0.000
186.688 0.000
186.942 0.000
187.196 0.000
187.449 0.000
187.703 0.000
187.957 0.000
188.210 0.000
188.464 0.000
188.718 0.000
188.971 0.000
189.225 0.000
189.479 0.000
189.732 0.000
189.986 0.000
190.239 0.000
190.493 0.000
190.747 0.000
191.000 0.000
191.254 0.000
191.508 0.000
191.761 0.000
192.015 0.000
192.269 0.000
192.522 0.000
192.776 0.000
193.030 0.000
193.283 0.000
193.537 0.000
193.790 0.000
194.044 0.000
194.298 0.000
194.551 0.000
194.805 0.000
195.059 0.000
195.312 0.000
195.566 0.000
195.820 0.000
196.073 0.000
196.327 0.000
196.581 0.000
196.834 0.000
197.088 0.000
197.341 0.000
197.595 0.000
197.849 0.000
198.102 0.000
198.356 0.000
198.610 0.000
198.863 0.000
199.117 0.000
199.371 0.000
199.624 0.000
199.878 0.000
200.132 0.000
200.385 0.000
200.639 0.000
200.892 0.000
201.146 0.000
201.400 0.000
201.653 0.000
201.907 0.000
202.161 0.000
202.414 0.000
202.668 0.000
202.922 0.000
203.175 0.000
203.429 0.000
203.683 0.000
203.936 0.000
204.190 0.000
204.443 0.000
204.697 0.000
204.951 0.000
205.204 0.000
205.458 0.000
205.712 0.000
205.965 0.000
206.219 0.000
206.473 0.000
206.726 0.000
206.980 0.000
207.233 0.000
207.487 0.000
207.741 0.000
207.994 0.000
208.248 0.000
208.502 0.000
208.755 0.000
209.009 0.000
209.263 0.000
209.516 0.000
209.770 0.000
210.024 0.000
210.277 0.000
210.531 0.000
210.784 0.000
211.038 0.000
211.292 0.000
211.545 0.000
211.799 0.000
212.053 0.000
212.306 0.000
212.560 0.000
212.814 0.000
213.067 0.000
213.321 0.000
213.575 0.000
213.828 0.000
214.082 0.000
214.335 0.000
214.589 0.000
214.843 0.000
215.096 0.000
215.350 0.000
215.604 0.000
215.857 0.000
216.111 0.000
216.365 0.000
216.618 0.000
216.872 0.000
217.126 0.000
217.379 0.000
217.633 0.000
217.886 0.000
218.140 0.000
218.394 0.000
218.647 0.000
218.901 0.000
219.155 0.000
219.408 0.000
219.662 0.000
219.916 0.000
220.169 0.000
220.423 0.000
220.677 0.000
220.930 0.000
221.184 0.000
221.437 0.000
221.691 0.000
221.945 0.000
222.198 0.000
222.452 0.000
222.706 0.000
222.959 0.000
223.213 0.000
223.467 0.000
223.720 0.000
223.974 0.000
224.228 0.000
224.481 0.000
224.735 0.000
224.988 0.000
225.242 0.000
225.496 0.000
225.749 0.000
226.003 0.000
226.257 0.000
226.510 0.000
226.764 0.000
227.018 0.000
227.271 0.000
227.525 0.000
227.779 0.000
228.032 0.000
228.286 0.000
228.539 0.000
228.793 0.000
229.047 0.000
229.300 0.000
229.554 0.000
229.808 0.000
230.061 0.000
230.315 0.000
230.569 0.000
230.822 0.000
231.076 0.000
231.330 0.000
231.583 0.000
231.837 0.000
232.090 0.000
232.344 0.000
232.598 0.000
232.851 0.000
233.105 0.000
233.359 0.000
233.612 0.000
233.866 0.000
234.120 0.000
234.373 0.000
234.627 0.000
234.880 0.000
235.134 0.000
235.388 0.000
235.641 0.000
235.895 0.000
236.149 0.000
236.402 0.000
236.656 0.000
236.910 0.000
237.163 0.000
237.417 0.000
237.671 0.000
237.924 0.000
238.178 0.000
238.431 0.000
238.685 0.000
238.939 0.000
239.192 0.000
239.446 0.000
239.700 0.000
239.953 0.000
240.207 0.000
240.461 0.000
240.714 0.000
240.968 0.000
241.222 0.000
241.475 0.000
241.729 0.000
241.982 0.000
242.236 0.000
242.490 0.000
242.743 0.000
242.997 0.000
243.251 0.000
243.504 0.000
243.758 0.000
244.012 0.000
244.265 0.000
244.519 0.000
244.773 0.000
245.026 0.000
245.280 0.000
245.533 0.000
245.787 0.000
246.041 0.000
246.294 0.000
246.548 0.000
246.802 0.000
247.055 0.000
247.309 0.000
247.563 0.000
247.816 0.000
248.070 0.000
248.324 0.000
248.577 0.000
248.831 0.000
249.084 0.000
249.338 0.000
249.592 0.000
249.845 0.000
250.099 0.000
250.353 0.000
250.606 0.000
250.860 0.000
251.114 0.000
251.367 0.000
251.621 0.000
251.875 0.000
252.128 0.000
252.382 0.000
252.635 0.000
252.889 0.000
253.143 0.000
253.396 0.000
253.650 0.000
253.904 0.000
254.159 0.000
254.413 0.000
254.667 0.000
254.922 0.000
255.176 0.000
255.431 0.000
255.685 0.000
255.939 0.000
256.194 0.000
256.448 0.000
256.702 0.000
256.957 0.000
257.211 0.000
257.465 0.000
257.720 0.000
257.974 0.000
258.228 0.000
258.483 0.000
258.737 0.000
258.992 0.000
259.246 0.000
259.500 0.000
259.755 0.000
260.009 0.000
260.263 0.000
260.518 0.000
260.772 0.000
261.026 0.000
261.281 0.000
261.535 0.000
261.789 0.000
262.044 0.000
262.298 0.000
262.553 0.000
262.807 0.000
263.061 0.000
263.316 0.000
263.570 0.000
263.824 0.000
264.079 0.000
264.333 0.000
264.587 0.000
264.842 0.000
265.096 0.000
265.351 0.000
265.605 0.000
265.859 0.000
266.114 0.000
266.368 0.000
266.622 0.000
266.877 0.000
267.131 0.000
267.385 0.000
267.640 0.000
267.894 0.000
268.148 0.000
268.403 0.000
268.657 0.000
268.912 0.000
269.166 0.000
269.420 0.000
269.675 0.000
269.929 0.000
270.183 0.000
270.438 0.000
270.692 0.000
270.946 0.000
271.201 0.000
271.455 0.000
271.709 0.000
271.964 0.000
272.218 0.000
272.473 0.000
272.727 0.000
272.981 0.000
273.236 0.000
273.490 0.000
273.744 0.000
273.999 0.000
274.253 0.000
274.507 0.000
274.762 0.000
275.016 0.000
275.271 0.000
275.525 0.000
275.779 0.000
276.034 0.000
276.288 0.000
276.542 0.000
276.797 0.000
277.051 0.000
277.305 0.000
277.560 0.000
277.814 0.000
278.068 0.000
278.323 0.000
278.577 0.000
278.832 0.000
279.086 0.000
279.340 0.000
279.595 0.000
279.849 0.000
280.103 0.000
280.358 0.000
280.612 0.000
280.866 0.000
281.121 0.000
281.375 0.000
281.629 0.000
281.884 0.000
282.138 0.000
282.393 0.000
282.647 0.000
282.901 0.000
283.156 0.000
283.410 0.000
283.664 0.000
283.919 0.000
284.173 0.000
284.427 0.000
284.682 0.000
284.936 0.000
285.191 0.000
285.445 0.000
285.699 0.000
285.954 0.000
286.208 0.000
286.462 0.000
286.717 0.000
286.971 0.000
287.225 0.000
287.480 0.000
287.734 0.000
287.988 0.000
288.243 0.000
288.497 0.000
288.752 0.000
289.006 0.000
289.260 0.000
289.515 0.000
289.769 0.000
290.023 0.000
290.278 0.000
290.532 0.000
290.786 0.000
291.041 0.000
291.295 0.000
291.549 0.000
291.804 0.000
292.058 0.000
292.313 0.000
292.567 0.000
292.821 0.000
293.076 0.000
293.330 0.000
293.584 0.000
293.839 0.000
294.093 0.000
294.347 0.000
294.602 0.000
294.856 0.000
295.111 0.000
295.365 0.000
295.619 0.000
295.874 0.000
296.128 0.000
296.382 0.000
296.637 0.000
296.891 0.000
297.145 0.000
297.400 0.000
297.654 0.000
297.908 0.000
298.163 0.000
298.417 0.000
298.672 0.000
298.926 0.000
299.180 0.000
299.435 0.000
299.689 0.000
299.943 0.000
300.198 0.000
300.452 0.000
300.706 0.000
300.961 0.000
301.215 0.000
301.469 0.000
301.724 0.000
301.978 0.000
302.233 0.000
302.487 0.000
302.741 0.000
302.996 0.000
303.250 0.000
303.504 0.000
303.759 0.000
304.013 0.000
304.267 0.000
304.522 0.000
304.776 0.000
305.031 0.000
305.285 0.000
305.539 0.000
305.794 0.000
306.048 0.000
306.302 55.000
306.557 10.000
306.811 109.000
307.065 185.000
307.320 264.000
307.574 405.000
307.828 424.000
308.083 567.000
308.337 707.000
308.592 886.000
308.846 1079.000
309.100 1056.000
309.355 1035.000
309.609 1317.000
309.863 1523.000
310.118 1536.000
310.372 1615.000
310.626 1865.000
310.881 2228.000
311.135 2365.000
311.389 2399.000
311.644 2531.000
311.898 2651.000
312.153 2878.000
312.407 3040.000
312.661 3140.000
312.916 3255.000
313.170 3422.000
313.429 3527.000
313.688 3842.000
313.947 4126.000
314.206 4187.000
314.465 4210.000
314.724 4436.000
314.983 4657.000
315.242 4796.000
315.501 4992.000
315.760 5239.000
316.019 5322.000
316.278 5413.000
316.536 5600.000
316.795 5894.000
317.054 6140.000
317.313 6431.000
317.572 6632.000
317.831 6746.000
318.090 6815.000
318.349 7159.000
318.608 7478.000
318.867 7701.000
319.126 7754.000
319.385 7963.000
319.644 8071.000
319.903 8433.000
320.162 8751.000
320.421 8953.000
320.680 9126.000
320.939 9389.000
321.198 9539.000
321.457 9569.000
321.716 9806.000
321.975 10058.000
322.234 10520.000
322.493 10663.000
322.752 10888.000
323.010 11161.000
323.269 11298.000
323.528 11340.000
323.787 11469.000
324.046 11717.000
324.305 11994.000
324.564 12253.000
324.823 12449.000
325.082 12500.000
325.341 12872.000
325.600 13208.000
325.859 13478.000
326.118 13328.000
326.377 13566.000
326.636 13782.000
326.895 13952.000
327.154 14321.000
327.413 14607.000
327.672 14880.000
327.931 14858.000
328.190 15203.000
328.449 15320.000
328.708 15666.000
328.967 15769.000
329.226 15859.000
329.485 16109.000
329.743 16318.000
330.002 16535.000
330.261 16792.000
330.520 17021.000
330.779 17136.000
331.038 17342.000
331.297 17499.000
331.556 17830.000
331.815 17882.000
332.074 17994.000
332.333 18367.000
332.592 18557.000
332.851 18716.000
333.110 18955.000
333.369 19152.000
333.628 19366.000
333.887 19453.000
334.146 19560.000
334.405 19791.000
334.664 19862.000
334.923 20317.000
335.182 20677.000
335.441 20704.000
335.700 20740.000
335.959 21052.000
336.217 21167.000
336.476 21374.000
336.735 21646.000
336.994 21808.000
337.253 21821.000
337.512 22148.000
337.771 22383.000
338.030 22489.000
338.289 22661.000
338.548 22669.000
338.807 22723.000
339.066 23075.000
339.325 23309.000
339.584 23571.000
339.843 23770.000
340.102 23803.000
340.361 23781.000
340.620 23955.000
340.879 24260.000
341.138 24255.000
341.397 24171.000
341.656 24378.000
341.915 24547.000
342.174 24893.000
342.433 24950.000
342.691 25170.000
342.950 25325.000
343.209 25520.000
343.468 25489.000
343.727 25761.000
343.986 25816.000
344.245 25873.000
344.504 25945.000
344.763 26231.000
345.022 26133.000
345.281 26268.000
345.540 26502.000
345.799 26451.000
346.058 26783.000
346.317 26827.000
346.576 27177.000
346.835 27216.000
347.094 27178.000
347.353 27337.000
347.612 27521.000
347.871 27433.000
348.130 27545.000
348.389 27807.000
348.648 27794.000
348.907 27938.000
349.166 28092.000
349.424 28117.000
349.683 27978.000
349.942 28158.000
350.201 28469.000
350.460 28446.000
350.719 28367.000
350.978 28327.000
351.237 28501.000
351.496 28781.000
351.755 28610.000
352.014 28676.000
352.273 28989.000
352.532 29208.000
352.791 29391.000
353.050 29038.000
353.309 29130.000
353.568 29274.000
353.827 29356.000
354.086 29506.000
354.345 29408.000
354.604 29500.000
354.863 29562.000
355.122 29795.000
355.381 29744.000
355.640 29623.000
355.898 29845.000
356.157 30058.000
356.416 29781.000
356.675 29729.000
356.934 29716.000
357.193 29808.000
357.452 29646.000
357.711 29904.000
357.970 29844.000
358.229 29665.000
358.488 29738.000
358.747 29814.000
359.006 29853.000
359.265 30129.000
359.524 30035.000
359.783 29784.000
360.042 29636.000
360.301 30101.000
360.560 29951.000
360.819 30101.000
361.078 30018.000
361.337 30019.000
361.596 29967.000
361.855 30131.000
362.114 30157.000
362.372 30105.000
362.631 29890.000
362.890 29966.000
363.149 30286.000
363.408 30349.000
363.667 29981.000
363.926 30019.000
364.185 30189.000
364.444 30186.000
364.703 30275.000
364.962 30301.000
365.221 30219.000
365.480 30288.000
365.739 29960.000
365.999 30049.000
366.258 30155.000
366.518 30308.000
366.777 30364.000
367.037 30272.000
367.296 30191.000
367.556 30327.000
367.815 30617.000
368.075 30623.000
368.334 30546.000
368.594 30590.000
368.853 30658.000
369.113 30651.000
369.372 30555.000
369.632 30609.000
369.891 30413.000
370.150 30512.000
370.410 30582.000
370.669 30629.000
370.929 30667.000
371.188 30793.000
371.448 30710.000
371.707 30948.000
371.967 30827.000
372.226 30790.000
372.486 31009.000
372.745 30929.000
373.005 30953.000
373.264 30761.000
373.524 30842.000
373.783 30804.000
374.043 31061.000
374.302 31043.000
374.561 30973.000
374.821 30692.000
375.080 31021.000
375.340 31006.000
375.599 30915.000
375.859 30804.000
376.118 30678.000
376.378 30651.000
376.637 30684.000
376.897 30767.000
377.156 30789.000
377.416 30943.000
377.675 30832.000
377.935 30715.000
378.194 30723.000
378.454 30831.000
378.713 30793.000
378.972 30507.000
379.232 30581.000
379.491 30852.000
379.751 30604.000
380.010 30711.000
380.270 30627.000
380.529 30691.000
380.789 30517.000
381.048 30416.000
381.308 30305.000
381.567 30600.000
381.827 30480.000
382.086 30221.000
382.346 30226.000
382.605 30327.000
382.865 30221.000
383.124 30188.000
383.383 30346.000
383.643 30389.000
383.902 30165.000
384.162 30308.000
384.421 30300.000
384.681 30091.000
384.940 30108.000
385.200 30251.000
385.459 30023.000
385.719 30000.000
385.978 29984.000
386.238 29631.000
386.497 29636.000
386.757 29715.000
387.016 29616.000
387.276 29809.000
387.535 30025.000
387.794 29976.000
388.054 29621.000
388.313 29591.000
388.573 29716.000
388.832 29532.000
389.092 29588.000
389.351 29220.000
389.611 29517.000
389.870 29910.000
390.130 29691.000
390.389 29516.000
390.649 29407.000
390.908 29152.000
391.168 29207.000
391.427 29197.000
391.686 29000.000
391.946 28863.000
392.205 28860.000
392.465 28791.000
392.724 28620.000
392.984 28699.000
393.243 28753.000
393.503 28928.000
393.762 28680.000
394.022 28376.000
394.281 28241.000
394.541 28044.000
394.800 28225.000
395.060 28263.000
395.319 28019.000
395.579 28160.000
395.838 27876.000
396.097 27810.000
396.357 27900.000
396.616 27815.000
396.876 27699.000
397.135 27736.000
397.395 27505.000
397.654 27789.000
397.914 27904.000
398.173 27793.000
398.433 27399.000
398.692 26897.000
398.952 26826.000
399.211 27021.000
399.471 27123.000
399.730 26865.000
399.990 26854.000
400.249 26809.000
400.508 26765.000
400.768 26734.000
401.027 26692.000
401.287 26497.000
401.546 26444.000
401.806 26347.000
402.065 26382.000
402.325 26353.000
402.584 26489.000
402.844 26494.000
403.103 26064.000
403.363 26013.000
403.622 26050.000
403.882 25848.000
404.141 25841.000
404.401 26042.000
404.660 25791.000
404.926 25435.000
405.193 25397.000
405.459 25394.000
405.726 25420.000
405.992 25314.000
406.259 25239.000
406.525 25345.000
406.792 25387.000
407.058 25620.000
407.325 25309.000
407.591 25029.000
407.858 24948.000
408.124 24868.000
408.391 24722.000
408.657 24564.000
408.924 24665.000
409.190 24810.000
409.457 24807.000
409.723 24792.000
409.990 24595.000
410.256 24701.000
410.523 24553.000
410.789 24359.000
411.056 24501.000
411.322 24553.000
411.589 24294.000
411.855 24247.000
412.122 24461.000
412.388 24306.000
412.655 23909.000
412.921 23744.000
413.188 23655.000
413.454 23897.000
413.721 23833.000
413.987 23783.000
414.254 23591.000
414.520 23215.000
414.787 23580.000
415.053 23646.000
415.320 23397.000
415.586 23319.000
415.853 23387.000
416.119 23275.000
416.386 22956.000
416.652 22770.000
416.919 22918.000
417.185 22805.000
417.452 22831.000
417.718 22835.000
417.985 22383.000
418.251 22606.000
418.518 22482.000
418.784 22360.000
419.051 22220.000
419.317 22213.000
419.584 22047.000
419.850 22145.000
420.117 21817.000
420.383 21686.000
420.650 21738.000
420.916 21793.000
421.183 21608.000
421.449 21678.000
421.716 21556.000
421.982 21334.000
422.249 21451.000
422.515 21486.000
422.782 21399.000
423.048 21241.000
423.315 21124.000
423.581 21173.000
423.848 21032.000
424.114 20984.000
424.381 20841.000
424.647 20836.000
424.914 20719.000
425.180 20605.000
425.447 20623.000
425.713 20608.000
425.980 20535.000
426.246 20376.000
426.513 20188.000
426.779 20239.000
427.046 20217.000
427.312 20132.000
427.579 20016.000
427.845 20067.000
428.112 20134.000
428.378 20059.000
428.645 20104.000
428.911 19969.000
429.178 19953.000
429.444 19905.000
429.711 19818.000
429.977 19763.000
430.244 19732.000
430.510 19835.000
430.777 19762.000
431.043 19549.000
431.310 19444.000
431.576 19270.000
431.843 19355.000
432.109 19094.000
432.376 18966.000
432.642 19162.000
432.909 18955.000
433.175 19143.000
433.442 19128.000
433.708 18989.000
433.975 18882.000
434.241 18784.000
434.508 18794.000
434.774 18627.000
435.041 18506.000
435.307 18724.000
435.574 18472.000
435.840 18630.000
436.110 18468.000
436.379 18466.000
436.649 18326.000
436.918 18014.000
437.188 18159.000
437.457 18192.000
437.727 17994.000
437.996 17887.000
438.266 17904.000
438.535 17772.000
438.805 17886.000
439.074 17744.000
439.344 17678.000
439.613 17484.000
439.883 17356.000
440.152 17415.000
440.422 17334.000
440.691 17212.000
440.961 17082.000
441.230 17100.000
441.500 17018.000
441.769 16987.000
442.039 16800.000
442.308 16909.000
442.578 16904.000
442.847 16700.000
443.117 16708.000
443.386 16475.000
443.656 16318.000
443.925 16332.000
444.195 16258.000
444.464 16162.000
444.734 16065.000
445.003 16195.000
445.273 16107.000
445.542 16071.000
445.812 15947.000
446.081 15932.000
446.351 15759.000
446.620 15797.000
446.890 15887.000
447.159 15656.000
447.429 15425.000
447.698 15303.000
447.968 15358.000
448.238 15413.000
448.507 15286.000
448.777 15347.000
449.046 15131.000
449.316 15030.000
449.585 15067.000
449.855 15125.000
450.124 14933.000
450.394 14794.000
450.663 14700.000
450.933 14636.000
451.202 14581.000
451.472 14621.000
451.741 14467.000
452.011 14344.000
452.280 14443.000
452.550 14352.000
452.819 14379.000
453.089 14528.000
453.358 14448.000
453.628 14273.000
453.897 14120.000
454.167 13956.000
454.436 14034.000
454.706 14069.000
454.975 13918.082
455.245 14018.981
455.514 13899.202
455.784 13646.707
456.053 13689.930
456.323 13622.134
456.592 13545.817
456.862 13610.558
457.131 13545.817
457.401 13567.729
457.670 13408.367
457.940 13339.641
458.209 13323.705
458.479 13315.737
458.748 13136.454
459.018 13003.984
459.287 12988.048
459.557 13015.936
459.826 13002.988
460.096 13086.653
460.366 12896.414
460.635 12911.266
460.905 12740.778
461.174 12661.677
461.444 12605.395
461.713 12688.312
461.983 12522.000
462.252 12633.634
462.522 12604.208
462.791 12382.146
463.061 12264.056
463.330 12288.442
463.600 12239.437
463.869 12136.959
464.139 12141.994
464.408 12115.927
464.678 11897.074
464.947 11880.928
465.217 11689.899
465.486 11489.383
465.756 11641.700
466.025 11685.917
466.295 11601.824
466.564 11613.590
466.834 11622.718
467.103 11577.665
467.373 11433.943
467.642 11431.333
467.912 11350.966
468.181 11327.902
468.451 11238.532
468.720 11248.726
468.990 11082.653
469.259 11077.551
469.529 11066.394
469.798 10964.249
470.068 10716.037
470.337 10776.302
470.607 10553.626
470.876 10537.283
471.146 10546.476
471.415 10525.510
471.685 10477.551
471.954 10441.837
472.224 10253.061
472.493 10083.673
472.763 10074.490
473.033 9939.796
473.302 9892.857
473.572 9931.633
473.841 9826.707
474.111 9923.547
474.380 9793.068
474.650 9659.531
474.919 9516.820
475.189 9592.668
475.458 9601.833
475.728 9336.049
475.997 9238.047
476.267 9415.056
476.536 9394.309
476.806 9211.168
477.075 9177.665
477.345 9320.487
477.614 9081.136
477.884 8910.841
478.153 8997.974
478.423 8934.144
478.692 8862.348
478.962 8798.583
479.231 8689.585
479.501 8550.051
479.770 8544.444
480.040 8501.010
480.309 8518.668
480.579 8466.734
480.848 8358.871
481.118 8414.904
481.387 8330.986
481.657 8298.492
481.926 8242.972
482.196 8281.124
482.465 8247.743
482.735 8220.662
483.004 7949.900
483.274 7919.840
483.543 7865.866
483.813 7938.000
484.082 7763.000
484.352 7745.255
484.621 7674.326
484.891 7618.762
485.161 7556.886
485.430 7641.077
485.700 7414.756
485.969 7333.665
486.239 7314.741
486.508 7415.339
486.778 7194.223
487.047 7261.952
487.317 7265.672
487.586 7199.005
487.856 7216.915
488.125 7158.209
488.395 7029.851
488.664 7027.861
488.934 6966.169
489.203 6977.092
489.473 6844.622
489.742 6742.032
490.012 6456.630
490.281 6526.421
490.551 6566.301
490.820 6704.591
491.090 6686.627
491.359 6738.262
491.629 6492.507
491.898 6400.599
492.168 6225.774
492.437 6145.000
492.707 6249.000
492.976 6210.210
493.246 6022.044
493.515 6051.153
493.785 6013.039
494.054 6107.430
494.324 6031.156
494.593 5935.678
494.863 5934.608
495.132 5970.796
495.402 5980.847
495.671 5756.048
495.941 5717.457
496.210 5791.919
496.480 5690.597
496.749 5758.342
497.019 5652.834
497.289 5495.951
497.558 5512.665
497.828 5384.381
498.097 5279.188
498.367 5442.073
498.636 5393.293
498.906 5326.551
499.175 5376.399
499.445 5399.185
499.714 5188.391
499.984 5020.387
500.253 4945.918
500.523 4979.592
500.792 5033.708
501.062 5020.429
501.331 5073.544
501.601 4902.863
501.870 4883.436
502.140 4864.008
502.409 4868.987
502.679 4775.844
502.948 4558.854
503.218 4602.459
503.487 4651.639
503.757 4616.410
504.026 4535.385
504.296 4539.487
504.565 4403.077
504.835 4406.154
505.104 4276.181
505.374 4243.326
505.643 4212.526
505.913 4225.077
506.182 4120.247
506.452 4144.913
506.721 4139.774
506.991 3973.251
507.260 3936.214
507.530 4011.317
507.799 4023.663
508.069 3968.107
508.338 3928.058
508.608 3712.526
508.877 3604.723
509.147 3665.641
509.416 3641.393
509.686 3728.016
509.956 3697.651
510.225 3701.020
510.495 3572.301
510.764 3430.315
511.034 3450.761
511.303 3474.164
511.573 3325.911
511.842 3276.768
512.112 3322.581
512.381 3334.004
512.651 3117.470
512.920 3178.357
513.190 3211.788
513.459 3150.548
513.729 3017.893
513.998 3094.246
514.268 3018.812
514.537 3108.588
514.807 3033.498
515.076 2915.438
515.346 2888.235
515.615 2932.551
515.885 2845.854
516.154 2828.627
516.424 2852.284
516.693 2872.939
516.963 2647.628
517.232 2650.242
517.502 2601.156
517.771 2598.077
518.041 2620.557
518.310 2579.099
518.580 2450.192
518.849 2432.122
519.119 2422.159
519.388 2555.344
519.658 2558.627
519.927 2329.524
520.197 2233.111
520.466 2436.312
520.736 2259.506
521.005 2298.196
521.275 2352.327
521.544 2264.008
521.814 2180.437
522.084 2277.303
522.353 2218.424
522.623 2212.726
522.892 2196.581
523.162 2057.930
523.431 1947.719
523.701 1929.658
523.970 2034.253
524.240 1953.378
524.509 1904.762
524.779 1872.381
525.048 1723.546
525.318 1851.287
525.587 1833.969
525.857 1775.549
526.126 1778.415
526.396 1739.006
526.665 1838.278
526.935 1751.916
527.204 1683.605
527.474 1678.503
527.743 1576.369
528.013 1562.500
528.282 1544.755
528.552 1487.476
528.821 1435.873
529.091 1508.687
529.360 1509.179
529.630 1400.387
529.899 1360.116
530.169 1465.634
530.438 1346.899
530.708 1398.642
530.977 1358.252
531.247 1223.301
531.516 1259.475
531.786 1289.883
532.055 1242.454
532.325 1147.173
532.594 1032.195
532.864 1094.727
533.133 1195.503
533.403 1063.601
533.672 970.646
533.942 1114.706
534.212 1140.334
534.481 1058.939
534.751 930.255
535.020 1030.482
535.290 949.803
535.559 722.441
535.829 690.640
536.098 799.803
536.368 815.400
536.637 755.183
536.907 669.960
537.176 720.356
537.446 684.783
537.715 687.438
537.985 605.341
538.254 657.426
538.524 570.297
538.793 681.188
539.063 654.455
539.332 619.425
539.602 652.131
539.871 610.505
540.141 529.237
540.410 556.987
540.680 478.692
540.949 552.032
541.219 439.049
541.488 441.031
541.758 416.254
542.027 302.279
542.297 295.050
542.566 300.990
542.836 336.634
543.105 343.564
543.375 400.990
543.644 332.673
543.914 222.552
544.183 171.118
544.453 229.476
544.722 199.802
544.992 116.716
545.261 166.996
545.531 132.411
545.800 94.862
546.070 101.678
546.346 166.667
546.622 195.074
546.897 136.811
547.173 31.465
547.449 0.000
547.725 0.000
548.001 35.329
548.276 158.824
548.552 105.882
548.828 0.000
549.104 35.260
549.380 0.000
549.655 0.000
549.931 0.000
550.207 0.000
550.483 0.000
550.759 0.000
551.034 0.000
551.310 0.000
551.586 0.000
551.862 0.000
552.138 0.000
552.413 0.000
552.689 0.000
552.965 0.000
553.241 0.000
553.517 0.000
553.793 0.000
554.068 0.000
554.344 0.000
554.620 0.000
554.896 0.000
555.172 0.000
555.447 0.000
555.723 0.000
555.999 0.000
556.275 0.000
556.551 0.000
556.826 0.000
557.102 0.000
557.378 0.000
557.654 0.000
557.930 0.000
558.205 0.000
558.481 0.000
558.757 0.000
559.033 0.000
559.309 0.000
559.584 0.000
559.860 0.000
560.136 0.000
560.412 0.000
560.688 0.000
560.963 0.000
561.239 0.000
561.515 0.000
561.791 0.000
562.067 0.000
562.342 0.000
562.618 0.000
562.894 0.000
563.170 0.000
563.446 0.000
563.721 0.000
563.997 0.000
564.273 0.000
564.549 0.000
564.825 0.000
565.100 0.000
565.376 0.000
565.652 0.000
565.928 0.000
566.204 0.000
566.479 0.000
566.755 0.000
567.031 0.000
567.307 0.000
567.583 0.000
567.858 0.000
568.134 0.000
568.410 0.000
568.686 0.000
568.962 0.000
569.237 0.000
569.513 0.000
569.789 0.000
570.065 0.000
570.341 0.000
570.617 0.000
570.892 0.000
571.168 0.000
571.444 0.000
571.720 0.000
571.996 0.000
572.271 0.000
572.547 0.000
572.823 0.000
573.099 0.000
573.375 0.000
573.650 0.000
573.926 0.000
574.202 0.000
574.478 0.000
574.754 0.000
575.029 0.000
575.305 0.000
575.581 0.000
575.857 0.000
576.133 0.000
576.408 0.000
576.684 0.000
576.960 0.000
577.239 0.000
577.517 0.000
577.796 0.000
578.075 0.000
578.354 0.000
578.632 0.000
578.911 0.000
579.190 0.000
579.469 0.000
579.747 0.000
580.026 0.000
580.305 0.000
580.584 0.000
580.862 0.000
581.141 0.000
581.420 0.000
581.699 0.000
581.977 0.000
582.256 0.000
582.535 0.000
582.814 0.000
583.092 0.000
583.371 0.000
583.650 0.000
583.929 0.000
584.207 0.000
584.486 0.000
584.765 0.000
585.043 0.000
585.322 0.000
585.601 0.000
585.880 0.000
586.158 0.000
586.437 0.000
586.716 0.000
586.995 0.000
587.273 0.000
587.552 0.000
587.831 0.000
588.110 0.000
588.388 0.000
588.667 0.000
588.946 0.000
589.225 0.000
589.503 0.000
589.782 0.000
590.061 0.000
590.340 0.000
590.618 0.000
590.897 0.000
591.176 0.000
591.455 0.000
591.733 0.000
592.012 0.000
592.291 0.000
592.570 0.000
592.848 0.000
593.127 0.000
593.406 0.000
593.684 0.000
593.963 0.000
594.242 0.000
594.521 0.000
594.799 0.000
595.078 0.000
595.357 0.000
595.636 0.000
595.914 0.000
596.193 0.000
596.472 0.000
596.751 0.000
597.029 0.000
597.308 0.000
597.587 0.000
597.866 0.000
598.144 0.000
598.423 0.000
598.702 0.000
598.981 0.000
599.259 0.000
599.538 0.000
599.817 0.000
600.096 0.000
600.374 0.000
600.653 0.000
600.932 0.000
601.210 0.000
601.489 0.000
601.768 0.000
602.047 0.000
602.325 0.000
602.604 0.000
602.883 0.000
603.162 0.000
603.440 0.000
603.719 0.000
603.998 0.000
604.277 0.000
604.555 0.000
604.834 0.000
605.113 0.000
605.392 0.000
605.670 0.000
605.949 0.000
606.228 0.000
606.507 0.000
606.785 0.000
607.064 0.000
607.343 0.000
607.622 0.000
607.900 0.000
608.179 0.000
608.458 0.000
608.736 0.000
609.015 0.000
609.294 0.000
609.573 0.000
609.851 0.000
610.130 0.000
610.409 0.000
610.688 0.000
610.966 0.000
611.245 0.000
611.524 0.000
611.803 0.000
612.081 0.000
612.360 0.000
612.639 0.000
612.918 0.000
613.196 0.000
613.475 0.000
613.754 0.000
614.033 0.000
614.311 0.000
614.590 0.000
614.869 0.000
615.148 0.000
615.426 0.000
615.705 0.000
615.984 0.000
616.263 0.000
616.541 0.000
616.820 0.000
617.099 0.000
617.377 0.000
617.656 0.000
617.935 0.000
618.214 0.000
618.492 0.000
618.771 0.000
619.050 0.000
619.329 0.000
619.607 0.000
619.886 0.000
620.165 0.000
620.444 0.000
620.722 0.000
621.001 0.000
621.280 0.000
621.559 0.000
621.837 0.000
622.116 0.000
622.395 0.000
622.674 0.000
622.952 0.000
623.231 0.000
623.510 0.000
623.789 0.000
624.067 0.000
624.346 0.000
624.625 0.000
624.904 0.000
625.182 0.000
625.461 0.000
625.740 0.000
626.018 0.000
626.297 0.000
626.576 0.000
626.855 0.000
627.133 0.000
627.412 0.000
627.691 0.000
627.970 0.000
628.248 0.000
628.527 0.000
628.806 0.000
629.085 0.000
629.363 0.000
629.642 0.000
629.921 0.000
630.200 0.000
630.478 0.000
630.757 0.000
631.036 0.000
631.315 0.000
631.593 0.000
631.872 0.000
632.151 0.000
632.430 0.000
632.708 0.000
632.987 0.000
633.266 0.000
633.544 0.000
633.823 0.000
634.102 0.000
634.381 0.000
634.659 0.000
634.938 0.000
635.217 0.000
635.496 0.000
635.774 0.000
636.053 0.000
636.332 0.000
636.611 0.000
636.889 0.000
637.168 0.000
637.447 0.000
637.726 0.000
638.004 0.000
638.283 0.000
638.562 0.000
638.841 0.000
639.119 0.000
639.398 0.000
639.677 0.000
639.956 0.000
640.234 0.000
640.513 0.000
640.792 0.000
641.070 0.000
641.349 0.000
641.628 0.000
641.907 0.000
642.185 0.000
642.464 0.000
642.743 0.000
643.022 0.000
643.300 0.000
643.579 0.000
643.858 0.000
644.137 0.000
644.415 0.000
644.694 0.000
644.973 0.000
645.252 0.000
645.530 0.000
645.809 0.000
646.088 0.000
646.367 0.000
646.645 0.000
646.924 0.000
647.203 0.000
647.482 0.000
647.760 0.000
648.039 0.000
648.318 0.000
648.596 0.000
648.875 0.000
649.154 0.000
649.433 0.000
649.711 0.000
649.990 0.000
650.269 0.000
650.548 0.000
650.826 0.000
651.105 0.000
651.384 0.000
651.663 0.000
651.941 0.000
652.220 0.000
652.499 0.000
652.778 0.000
653.056 0.000
653.335 0.000
653.614 0.000
653.893 0.000
654.171 0.000
654.450 0.000
654.729 0.000
655.008 0.000
655.286 0.000
655.565 0.000
655.844 0.000
656.123 0.000
656.401 0.000
656.680 0.000
656.959 0.000
657.237 0.000
657.516 0.000
657.795 0.000
658.074 0.000
658.352 0.000
658.631 0.000
658.910 0.000
659.189 0.000
659.467 0.000
659.746 0.000
660.025 0.000
660.304 0.000
660.582 0.000
660.861 0.000
661.140 0.000
661.419 0.000
661.697 0.000
661.976 0.000
662.255 0.000
662.534 0.000
662.812 0.000
663.091 0.000
663.370 0.000
663.649 0.000
663.927 0.000
664.206 0.000
664.485 0.000
664.764 0.000
665.042 0.000
665.321 0.000
665.600 0.000
665.878 0.000
666.157 0.000
666.436 0.000
666.715 0.000
666.993 0.000
667.272 0.000
667.551 0.000
667.830 0.000
668.108 0.000
668.387 0.000
668.666 0.000
668.945 0.000
669.223 0.000
669.502 0.000
669.781 0.000
670.060 0.000
670.338 0.000
670.617 0.000
670.896 0.000
671.175 0.000
671.453 0.000
671.732 0.000
672.011 0.000
672.290 0.000
672.568 0.000
672.847 0.000
673.126 0.000
673.404 0.000
673.683 0.000
673.962 0.000
674.241 0.000
674.519 0.000
674.798 0.000
675.077 0.000
675.356 0.000
675.634 0.000
675.913 0.000
676.192 0.000
676.471 0.000
676.749 0.000
677.028 0.000
677.307 0.000
677.586 0.000
677.864 0.000
678.143 0.000
678.422 0.000
678.701 0.000
678.979 0.000
679.258 0.000
679.537 0.000
679.816 0.000
680.094 0.000
680.373 0.000
680.652 0.000
680.930 0.000
681.209 0.000
681.488 0.000
681.767 0.000
682.045 0.000
682.324 0.000
682.603 0.000
682.882 0.000
683.160 0.000
683.439 0.000
683.718 0.000
683.997 0.000
684.275 0.000
684.554 0.000
684.833 0.000
685.112 0.000
685.390 0.000
685.669 0.000
685.948 0.000
686.227 0.000
686.505 0.000
686.784 0.000
687.063 0.000
687.342 0.000
687.620 0.000
687.899 0.000
688.178 0.000
688.457 0.000
688.735 0.000
689.014 0.000
689.293 0.000
689.571 0.000
689.850 0.000
690.129 0.000
690.408 0.000
690.686 0.000
690.965 0.000
691.244 0.000
691.523 0.000
691.801 0.000
692.080 0.000
692.359 0.000
692.638 0.000
692.916 0.000
693.195 0.000
693.474 0.000
693.753 0.000
694.031 0.000
694.310 0.000
694.589 0.000
694.868 0.000
695.146 0.000
695.425 0.000
695.704 0.000
695.983 0.000
696.261 0.000
696.540 0.000
696.825 0.000
697.110 0.000
697.395 0.000
697.680 0.000
697.965 0.000
698.250 0.000
698.535 0.000
698.819 0.000
699.104 0.000
699.389 0.000
699.674 0.000
699.959 0.000
700.244 0.000
700.529 0.000
700.814 0.000
701.099 0.000
701.384 0.000
701.669 0.000
701.954 0.000
702.239 0.000
702.524 0.000
702.809 0.000
703.094 0.000
703.378 0.000
703.663 0.000
703.948 0.000
704.233 0.000
704.518 0.000
704.803 0.000
705.088 0.000
705.373 0.000
705.658 0.000
705.943 0.000
706.228 0.000
706.513 0.000
706.798 0.000
707.083 0.000
707.368 0.000
707.653 0.000
707.937 0.000
708.222 0.000
708.507 0.000
708.792 0.000
709.077 0.000
709.362 0.000
709.647 0.000
709.932 0.000
710.217 0.000
710.502 0.000
710.787 0.000
711.072 0.000
711.357 0.000
711.642 0.000
711.927 0.000
712.211 0.000
712.496 0.000
712.781 0.000
713.066 0.000
713.351 0.000
713.636 0.000
713.921 0.000
714.206 0.000
714.491 0.000
714.776 0.000
715.061 0.000
715.346 0.000
715.631 0.000
715.916 0.000
716.201 0.000
716.486 0.000
716.770 0.000
717.055 0.000
717.340 0.000
717.625 0.000
717.910 0.000
718.195 0.000
718.480 0.000
718.765 0.000
719.050 0.000
719.335 0.000
719.620 0.000
719.905 0.000
720.190 0.000
720.475 0.000
720.760 0.000
721.045 0.000
721.329 0.000
721.614 0.000
721.899 0.000
722.184 0.000
722.469 0.000
722.754 0.000
723.039 0.000
723.324 0.000
723.609 0.000
723.894 0.000
724.179 0.000
724.464 0.000
724.749 0.000
725.034 0.000
725.319 0.000
725.603 0.000
725.888 0.000
726.173 0.000
726.458 0.000
726.743 0.000
727.028 0.000
727.313 0.000
727.598 0.000
727.883 0.000
728.168 0.000
728.453 0.000
728.738 0.000
729.023 0.000
729.308 0.000
729.593 0.000
729.878 0.000
730.162 0.000
730.447 0.000
730.732 0.000
731.017 0.000
731.302 0.000
731.587 0.000
731.872 0.000
732.157 0.000
732.442 0.000
732.727 0.000
733.012 0.000
733.297 0.000
733.582 0.000
733.867 0.000
734.152 0.000
734.437 0.000
734.721 0.000
735.006 0.000
735.291 0.000
735.576 0.000
735.861 0.000
736.146 0.000
736.431 0.000
736.716 0.000
737.001 0.000
737.286 0.000
737.571 0.000
737.856 0.000
738.141 0.000
738.426 0.000
738.711 0.000
738.995 0.000
739.280 0.000
739.565 0.000
739.850 0.000
740.135 0.000
740.420 0.000
740.705 0.000
740.990 0.000
741.275 0.000
741.560 0.000
741.845 0.000
742.130 0.000
742.415 0.000
742.700 0.000
742.985 0.000
743.270 0.000
743.554 0.000
743.839 0.000
744.124 0.000
744.409 0.000
744.694 0.000
744.979 0.000
745.264 0.000
745.549 0.000
745.834 0.000
746.119 0.000
746.404 0.000
746.689 0.000
746.974 0.000
747.259 0.000
747.544 0.000
747.829 0.000
748.113 0.000
748.398 0.000
748.683 0.000
748.968 0.000
749.253 0.000
749.538 0.000
749.823 0.000
750.108 0.000
750.393 0.000
750.678 0.000
750.963 0.000
751.248 0.000
751.533 0.000
751.818 0.000
752.103 0.000
752.387 0.000
752.672 0.000
752.957 0.000
753.242 0.000
753.527 0.000
753.812 0.000
754.097 0.000
754.382 0.000
754.667 0.000
754.952 0.000
755.237 0.000
755.522 0.000
755.807 0.000
756.092 0.000
756.377 0.000
756.662 0.000
756.946 0.000
757.231 0.000
757.516 0.000
757.801 0.000
758.086 0.000
758.371 0.000
758.656 0.000
758.941 0.000
759.226 0.000
759.511 0.000
759.796 0.000
760.081 0.000
760.366 0.000
760.651 0.000
760.936 0.000
761.221 0.000
761.505 0.000
761.790 0.000
762.075 0.000
762.360 0.000
762.645 0.000
762.930 0.000
763.215 0.000
763.500 0.000
763.791 0.000
764.082 0.000
764.373 0.000
764.664 0.000
764.955 0.000
765.247 0.000
765.538 0.000
765.829 0.000
766.120 0.000
766.411 0.000
766.702 0.000
766.993 0.000
767.284 0.000
767.575 0.000
767.866 0.000
768.157 0.000
768.449 0.000
768.740 0.000
769.031 0.000
769.322 0.000
769.613 0.000
769.904 0.000
770.195 0.000
770.486 0.000
770.777 0.000
771.068 0.000
771.359 0.000
771.651 0.000
771.942 0.000
772.233 0.000
772.524 0.000
772.815 0.000
773.106 0.000
773.397 0.000
773.688 0.000
773.979 0.000
774.270 0.000
774.561 0.000
774.853 0.000
775.144 0.000
775.435 0.000
775.726 0.000
776.017 0.000
776.308 0.000
776.599 0.000
776.890 0.000
777.181 0.000
777.472 0.000
777.763 0.000
778.055 0.000
778.346 0.000
778.637 0.000
778.928 0.000
779.219 0.000
779.510 0.000
779.801 0.000
780.092 0.000
780.383 0.000
780.674 0.000
780.965 0.000
781.257 0.000
781.548 0.000
781.839 0.000
782.130 0.000
782.421 0.000
782.712 0.000
783.003 0.000
783.294 0.000
783.585 0.000
783.876 0.000
784.167 0.000
784.459 0.000
784.750 0.000
785.041 0.000
785.332 0.000
785.623 0.000
785.914 0.000
786.205 0.000
786.496 0.000
786.787 0.000
787.078 0.000
787.369 0.000
787.661 0.000
787.952 0.000
788.243 0.000
788.534 0.000
788.825 0.000
789.116 0.000
789.407 0.000
789.698 0.000
789.989 0.000
790.280 0.000
790.571 0.000
790.863 0.000
791.154 0.000
791.445 0.000
791.736 0.000
792.027 0.000
792.318 0.000
792.609 0.000
792.900 0.000
793.191 0.000
793.482 0.000
793.773 0.000
794.065 0.000
794.356 0.000
794.647 0.000
794.938 0.000
795.229 0.000
795.520 0.000
795.811 0.000
796.102 0.000
796.393 0.000
796.684 0.000
796.975 0.000
797.267 0.000
797.558 0.000
797.849 0.000
798.140 0.000
798.431 0.000
798.722 0.000
799.013 0.000
799.304 0.000
799.595 0.000
799.886 0.000
800.177 0.000
800.469 0.000
800.760 0.000
801.051 0.000
801.342 0.000
801.633 0.000
801.924 0.000
802.215 0.000
802.506 0.000
802.797 0.000
803.088 0.000
803.379 0.000
803.671 0.000
803.962 0.000
804.253 0.000
804.544 0.000
804.835 0.000
805.126 0.000
805.417 0.000
805.708 0.000
805.999 0.000
806.290 0.000
806.581 0.000
806.873 0.000
807.164 0.000
807.455 0.000
807.746 0.000
808.037 0.000
808.328 0.000
808.619 0.000
808.910 0.000
809.201 0.000
809.492 0.000
809.783 0.000
810.075 0.000
810.366 0.000
810.657 0.000
810.948 0.000
811.239 0.000
811.530 0.000
811.821 0.000
812.112 0.000
812.404 0.000
812.695 0.000
812.986 0.000
813.277 0.000
813.569 0.000
813.860 0.000
814.151 0.000
814.442 0.000
814.734 0.000
815.025 0.000
815.316 0.000
815.607 0.000
815.899 0.000
816.190 0.000
816.481 0.000
816.772 0.000
817.064 0.000
817.355 0.000
817.646 0.000
817.937 0.000
818.229 0.000
818.520 0.000
818.811 0.000
819.102 0.000
819.394 0.000
819.685 0.000
819.976 0.000
820.267 0.000
820.559 0.000
820.850 0.000
821.141 0.000
821.432 0.000
821.723 0.000
822.015 0.000
822.306 0.000
822.597 0.000
822.888 0.000
823.180 0.000
823.471 0.000
823.762 0.000
824.053 0.000
824.345 0.000
824.636 0.000
824.927 0.000
825.218 0.000
825.510 0.000
825.801 0.000
826.092 0.000
826.383 0.000
826.675 0.000
826.966 0.000
827.257 0.000
827.548 0.000
827.840 0.000
828.131 0.000
828.422 0.000
828.713 0.000
829.005 0.000
829.296 0.000
829.587 0.000
829.878 0.000
830.170 0.000
830.461 0.000
830.752 0.000
831.043 0.000
831.335 0.000
831.626 0.000
831.917 0.000
832.208 0.000
832.499 0.000
832.791 0.000
833.082 0.000
833.373 0.000
833.664 0.000
833.956 0.000
834.247 0.000
834.538 0.000
834.829 0.000
835.121 0.000
835.412 0.000
835.703 0.000
835.994 0.000
836.286 0.000
836.577 0.000
836.868 0.000
837.159 0.000
837.451 0.000
837.742 0.000
838.033 0.000
838.324 0.000
838.616 0.000
838.907 0.000
839.198 0.000
839.489 0.000
839.781 0.000
840.072 0.000
840.363 0.000
840.654 0.000
840.946 0.000
841.237 0.000
841.528 0.000
841.819 0.000
842.110 0.000
842.402 0.000
842.693 0.000
842.984 0.000
843.275 0.000
843.567 0.000
843.858 0.000
844.149 0.000
844.440 0.000
844.732 0.000
845.023 0.000
845.314 0.000
845.605 0.000
845.897 0.000
846.188 0.000
846.479 0.000
846.770 0.000
847.062 0.000
847.353 0.000
847.644 0.000
847.935 0.000
848.227 0.000
848.518 0.000
848.809 0.000
849.100 0.000
849.392 0.000
849.683 0.000
849.974 0.000
850.265 0.000
850.557 0.000
850.848 0.000
851.139 0.000
851.430 0.000
851.721 0.000
852.013 0.000
852.304 0.000
852.595 0.000
852.886 0.000
853.178 0.000
853.469 0.000
853.760 0.000
854.051 0.000
854.343 0.000
854.634 0.000
854.925 0.000
855.216 0.000
855.508 0.000
855.799 0.000
856.090 0.000
856.381 0.000
856.673 0.000
856.964 0.000
857.255 0.000
857.546 0.000
857.838 0.000
858.129 0.000
858.420 0.000
858.711 0.000
859.003 0.000
859.294 0.000
859.585 0.000
859.876 0.000
860.168 0.000
860.459 0.000
860.750 0.000
861.041 0.000
861.333 0.000
861.624 0.000
861.915 0.000
862.206 0.000
862.497 0.000
862.789 0.000
863.080 0.000
863.371 0.000
863.662 0.000
863.954 0.000
864.245 0.000
864.536 0.000
864.827 0.000
865.119 0.000
865.410 0.000
865.701 0.000
865.992 0.000
866.284 0.000
866.575 0.000
866.866 0.000
867.157 0.000
867.449 0.000
867.740 0.000
868.031 0.000
868.322 0.000
868.614 0.000
868.905 0.000
869.196 0.000
869.487 0.000
869.779 0.000
870.070 0.000
870.361 0.000
870.652 0.000
870.944 0.000
871.235 0.000
871.526 0.000
871.817 0.000
872.109 0.000
872.400 0.000
872.691 0.000
872.982 0.000
873.273 0.000
873.565 0.000
873.856 0.000
874.147 0.000
874.438 0.000
874.730 0.000
875.021 0.000
875.312 0.000
875.603 0.000
875.895 0.000
876.186 0.000
876.477 0.000
876.768 0.000
877.060 0.000
877.351 0.000
877.642 0.000
877.933 0.000
878.225 0.000
878.516 0.000
878.807 0.000
879.098 0.000
879.390 0.000
879.681 0.000
879.972 0.000
880.263 0.000
880.555 0.000
880.846 0.000
881.137 0.000
881.428 0.000
881.720 0.000
882.011 0.000
882.302 0.000
882.593 0.000
882.884 0.000
883.176 0.000
883.467 0.000
883.758 0.000
884.049 0.000
884.341 0.000
884.632 0.000
884.923 0.000
885.214 0.000
885.506 0.000
885.797 0.000
886.088 0.000
886.379 0.000
886.671 0.000
886.962 0.000
887.253 0.000
887.544 0.000
887.836 0.000
888.127 0.000
888.418 0.000
888.709 0.000
889.001 0.000
889.292 0.000
889.583 0.000
889.874 0.000
890.166 0.000
890.457 0.000
890.748 0.000
891.039 0.000
891.331 0.000
891.622 0.000
891.913 0.000
892.204 0.000
892.495 0.000
892.787 0.000
893.078 0.000
893.369 0.000
893.660 0.000
893.952 0.000
894.243 0.000
894.534 0.000
894.825 0.000
895.117 0.000
895.408 0.000
895.699 0.000
895.990 0.000
896.282 0.000
896.573 0.000
896.864 0.000
897.155 0.000
897.447 0.000
897.738 0.000
898.029 0.000
898.320 0.000
898.612 0.000
898.903 0.000
899.194 0.000
899.485 0.000
899.777 0.000
900.068 0.000
900.359 0.000
900.650 0.000
900.942 0.000
901.233 0.000
901.524 0.000
901.815 0.000
902.106 0.000
902.398 0.000
902.689 0.000
902.980 0.000
903.271 0.000
903.563 0.000
903.854 0.000
904.145 0.000
904.436 0.000
904.728 0.000
905.019 0.000
905.310 0.000
905.601 0.000
905.893 0.000
906.184 0.000
906.475 0.000
906.766 0.000
907.058 0.000
907.349 0.000
907.640 0.000
907.931 0.000
908.223 0.000
908.514 0.000
908.805 0.000
909.096 0.000
909.388 0.000
909.679 0.000
909.970 0.000
910.261 0.000
910.553 0.000
910.844 0.000
911.135 0.000
911.426 0.000
911.718 0.000
912.009 0.000
912.300 0.000
912.599 0.000
912.898 0.000
913.196 0.000
913.495 0.000
913.794 0.000
914.093 0.000
914.391 0.000
914.690 0.000
914.989 0.000
915.288 0.000
915.586 0.000
915.885 0.000
916.184 0.000
916.483 0.000
916.782 0.000
917.080 0.000
917.379 0.000
917.678 0.000
917.977 0.000
918.275 0.000
918.574 0.000
918.873 0.000
919.172 0.000
919.471 0.000
919.769 0.000
920.068 0.000
920.367 0.000
920.666 0.000
920.964 0.000
921.263 0.000
921.562 0.000
921.861 0.000
922.159 0.000
922.458 0.000
922.757 0.000
923.056 0.000
923.355 0.000
923.653 0.000
923.952 0.000
924.251 0.000
924.550 0.000
924.848 0.000
925.147 0.000
925.446 0.000
925.745 0.000
926.043 0.000
926.342 0.000
926.641 0.000
926.940 0.000
927.239 0.000
927.537 0.000
927.836 0.000
928.135 0.000
928.434 0.000
928.732 0.000
929.031 0.000
929.330 0.000
929.629 0.000
929.927 0.000
930.226 0.000
930.525 0.000
930.824 0.000
931.123 0.000
931.421 0.000
931.720 0.000
932.019 0.000
932.318 0.000
932.616 0.000
932.915 0.000
933.214 0.000
933.513 0.000
933.812 0.000
934.110 0.000
934.409 0.000
934.708 0.000
935.007 0.000
935.305 0.000
935.604 0.000
935.903 0.000
936.202 0.000
936.500 0.000
936.799 0.000
937.098 0.000
937.397 0.000
937.696 0.000
937.994 0.000
938.293 0.000
938.592 0.000
938.891 0.000
939.189 0.000
939.488 0.000
939.787 0.000
940.086 0.000
940.384 0.000
940.683 0.000
940.982 0.000
941.281 0.000
941.580 0.000
941.878 0.000
942.177 0.000
942.476 0.000
942.775 0.000
943.073 0.000
943.372 0.000
943.671 0.000
943.970 0.000
944.268 0.000
944.567 0.000
944.866 0.000
945.165 0.000
945.464 0.000
945.762 0.000
946.061 0.000
946.360 0.000
946.659 0.000
946.957 0.000
947.256 0.000
947.555 0.000
947.854 0.000
948.153 0.000
948.451 0.000
948.750 0.000
949.049 0.000
949.348 0.000
949.646 0.000
949.945 0.000
950.244 0.000
950.543 0.000
950.841 0.000
951.140 0.000
951.439 0.000
951.738 0.000
952.037 0.000
952.335 0.000
952.634 0.000
952.933 0.000
953.232 0.000
953.530 0.000
953.829 0.000
954.128 0.000
954.427 0.000
954.725 0.000
955.024 0.000
955.323 0.000
955.622 0.000
955.921 0.000
956.219 0.000
956.518 0.000
956.817 0.000
957.116 0.000
957.414 0.000
957.713 0.000
958.012 0.000
958.311 0.000
958.610 0.000
958.908 0.000
959.207 0.000
959.506 0.000
959.805 0.000
960.103 0.000
960.402 0.000
960.701 0.000
961.000 0.000
961.298 0.000
961.597 0.000
961.896 0.000
962.195 0.000
962.494 0.000
962.792 0.000
963.091 0.000
963.390 0.000
963.689 0.000
963.987 0.000
964.286 0.000
964.585 0.000
964.884 0.000
965.182 0.000
965.481 0.000
965.780 0.000
966.075 0.000
966.370 0.000
966.666 0.000
966.961 0.000
967.256 0.000
967.551 0.000
967.847 0.000
968.142 0.000
968.437 0.000
968.732 0.000
969.028 0.000
969.323 0.000
969.618 0.000
969.913 0.000
970.208 0.000
970.504 0.000
970.799 0.000
971.094 0.000
971.389 0.000
971.685 0.000
971.980 0.000
972.275 0.000
972.570 0.000
972.866 0.000
973.161 0.000
973.456 0.000
973.751 0.000
974.047 0.000
974.342 0.000
974.637 0.000
974.932 0.000
975.227 0.000
975.523 0.000
975.818 0.000
976.113 0.000
976.408 0.000
976.704 0.000
976.999 0.000
977.294 0.000
977.589 0.000
977.885 0.000
978.180 0.000
978.475 0.000
978.770 0.000
979.066 0.000
979.361 0.000
979.656 0.000
979.951 0.000
980.246 0.000
980.542 0.000
980.837 0.000
981.132 0.000
981.427 0.000
981.723 0.000
982.018 0.000
982.313 0.000
982.608 0.000
982.904 0.000
983.199 0.000
983.494 0.000
983.789 0.000
984.084 0.000
984.380 0.000
984.675 0.000
984.970 0.000
985.265 0.000
985.561 0.000
985.856 0.000
986.151 0.000
986.446 0.000
986.742 0.000
987.037 0.000
987.332 0.000
987.627 0.000
987.923 0.000
988.218 0.000
988.513 0.000
988.808 0.000
989.103 0.000
989.399 0.000
989.694 0.000
989.989 0.000
990.284 0.000
990.580 0.000
990.875 0.000
991.170 0.000
991.465 0.000
991.761 0.000
992.056 0.000
992.351 0.000
992.646 0.000
992.942 0.000
993.237 0.000
993.532 0.000
993.827 0.000
994.122 0.000
994.418 0.000
994.713 0.000
995.008 0.000
995.303 0.000
995.599 0.000
995.894 0.000
996.189 0.000
996.484 0.000
996.780 0.000
997.075 0.000
997.370 0.000
997.665 0.000
997.960 0.000
998.256 0.000
998.551 0.000
998.846 0.000
999.141 0.000
999.437 0.000
999.732 0.000
1000.027 0.000
1000.322 0.000
1000.618 0.000
1000.913 0.000
1001.208 0.000
1001.503 0.000
1001.799 0.000
1002.094 0.000
1002.389 0.000
1002.684 0.000
1002.979 0.000
1003.275 0.000
1003.570 0.000
1003.865 0.000
1004.160 0.000
1004.456 0.000
1004.751 0.000
1005.046 0.000
1005.341 0.000
1005.637 0.000
1005.932 0.000
1006.227 0.000
1006.522 0.000
1006.817 0.000
1007.113 0.000
1007.408 0.000
1007.703 0.000
1007.998 0.000
1008.294 0.000
1008.589 0.000
1008.884 0.000
1009.179 0.000
1009.475 0.000
1009.770 0.000
1010.065 0.000
1010.360 0.000
1010.656 0.000
1010.951 0.000
1011.246 0.000
1011.541 0.000
1011.836 0.000
1012.132 0.000
1012.427 0.000
1012.722 0.000
1013.017 0.000
1013.313 0.000
1013.608 0.000
1013.903 0.000
1014.198 0.000
1014.494 0.000
1014.789 0.000
1015.084 0.000
1015.379 0.000
1015.674 0.000
1015.970 0.000
1016.265 0.000
1016.560 0.000
1016.855 0.000
1017.151 0.000
1017.446 0.000
1017.741 0.000
1018.036 0.000
1018.332 0.000
1018.627 0.000
1018.922 0.000
1019.217 0.000
1019.513 0.000
1019.808 0.000
1020.103 0.000
1020.398 0.000
1020.693 0.000
1020.989 0.000
1021.284 0.000
1021.579 0.000
1021.874 0.000
1022.170 0.000
1022.465 0.000
1022.760 0.000
1023.055 0.000
1023.351 0.000
1023.646 0.000
1023.941 0.000
1024.236 0.000
1024.532 0.000
1024.827 0.000
1025.122 0.000
1025.417 0.000
1025.712 0.000
1026.008 0.000
1026.303 0.000
1026.598 0.000
1026.893 0.000
1027.189 0.000
1027.484 0.000
1027.779 0.000
1028.074 0.000
1028.370 0.000
1028.665 0.000
1028.960 0.000
1029.255 0.000
1029.550 0.000
1029.846 0.000
1030.141 0.000
1030.436 0.000
1030.731 0.000
1031.027 0.000
1031.322 0.000
1031.617 0.000
1031.912 0.000
1032.208 0.000
1032.503 0.000
1032.798 0.000
1033.093 0.000
1033.389 0.000
1033.684 0.000
1033.979 0.000
1034.274 0.000
1034.569 0.000
1034.865 0.000
1035.160 0.000
1035.455 0.000
1035.750 0.000
1036.046 0.000
1036.341 0.000
1036.636 0.000
1036.931 0.000
1037.227 0.000
1037.522 0.000
1037.817 0.000
1038.112 0.000
1038.407 0.000
1038.703 0.000
1038.998 0.000
1039.293 0.000
1039.588 0.000
1039.884 0.000
1040.179 0.000
1040.474 0.000
1040.769 0.000
1041.065 0.000
1041.360 0.000
1041.655 0.000
1041.950 0.000
1042.246 0.000
1042.541 0.000
1042.836 0.000
1043.131 0.000
1043.426 0.000
1043.722 0.000
1044.017 0.000
1044.312 0.000
1044.607 0.000
1044.903 0.000
1045.198 0.000
1045.493 0.000
1045.788 0.000
1046.084 0.000
1046.379 0.000
1046.674 0.000
1046.969 0.000
1047.264 0.000
1047.560 0.000
1047.855 0.000
1048.150 0.000
1048.445 0.000
1048.741 0.000
1049.036 0.000
1049.331 0.000
1049.626 0.000
1049.922 0.000
1050.217 0.000
1050.512 0.000
1050.807 0.000
1051.103 0.000
1051.398 0.000
1051.693 0.000
1051.988 0.000
1052.283 0.000
1052.579 0.000
1052.874 0.000
1053.169 0.000
1053.464 0.000
1053.760 0.000
1054.055 0.000
1054.350 0.000
1054.645 0.000
1054.941 0.000
1055.236 0.000
1055.531 0.000
1055.826 0.000
1056.122 0.000
1056.417 0.000
1056.712 0.000
1057.007 0.000
1057.302 0.000
1057.598 0.000
1057.893 0.000
1058.188 0.000
1058.483 0.000
1058.779 0.000
1059.074 0.000
1059.369 0.000
1059.664 0.000
1059.960 0.000
1060.255 0.000
1060.550 0.000
1060.845 0.000
1061.140 0.000
1061.436 0.000
1061.731 0.000
1062.026 0.000
1062.321 0.000
1062.617 0.000
1062.912 0.000
1063.207 0.000
1063.502 0.000
1063.798 0.000
1064.093 0.000
1064.388 0.000
1064.683 0.000
1064.978 0.000
1065.274 0.000
1065.569 0.000
1065.864 0.000
1066.159 0.000
1066.455 0.000
1066.750 0.000
1067.045 0.000
1067.340 0.000
1067.636 0.000
1067.931 0.000
1068.226 0.000
1068.521 0.000
1068.817 0.000
1069.112 0.000
1069.407 0.000
1069.702 0.000
1069.997 0.000
1070.293 0.000
1070.588 0.000
1070.883 0.000
1071.178 0.000
1071.474 0.000
1071.769 0.000
1072.064 0.000
1072.359 0.000
1072.655 0.000
1072.950 0.000
1073.245 0.000
1073.540 0.000
1073.836 0.000
1074.131 0.000
1074.426 0.000
1074.721 0.000
1075.016 0.000
1075.312 0.000
1075.607 0.000
1075.902 0.000
1076.197 0.000
1076.493 0.000
1076.788 0.000
1077.083 0.000
1077.378 0.000
1077.674 0.000
1077.969 0.000
1078.264 0.000
1078.559 0.000
1078.854 0.000
1079.150 0.000
1079.445 0.000
1079.740 0.000
1080.035 0.000
1080.331 0.000
1080.626 0.000
1080.921 0.000
1081.216 0.000
1081.512 0.000
1081.807 0.000
1082.102 0.000
1082.397 0.000
1082.693 0.000
1082.988 0.000
1083.283 0.000
1083.578 0.000
1083.873 0.000
1084.169 0.000
1084.464 0.000
1084.759 0.000
1085.054 0.000
1085.350 0.000
1085.645 0.000
1085.940 0.000
1086.235 0.000
1086.531 0.000
1086.826 0.000
1087.121 0.000
1087.416 0.000
1087.711 0.000
1088.007 0.000
1088.302 0.000
1088.597 0.000
1088.892 0.000
1089.188 0.000
1089.483 0.000
1089.778 0.000
1090.073 0.000
1090.369 0.000
1090.664 0.000
1090.959 0.000
1091.254 0.000
1091.550 0.000
1091.845 0.000
1092.140 0.000
1092.452 0.000
1092.764 0.000
1093.076 0.000
1093.388 0.000
1093.700 0.000
1094.012 0.000
1094.324 0.000
1094.636 0.000
1094.948 0.000
1095.260 0.000
1095.572 0.000
1095.884 0.000
1096.196 0.000
1096.508 0.000
1096.820 0.000
1097.132 0.000
1097.444 0.000
1097.756 0.000
1098.068 0.000
1098.380 0.000
1098.692 0.000
1099.004 0.000
1099.316 0.000
1099.628 0.000
1099.940 0.000
1100.252 0.000
1100.564 0.000
1100.877 0.000
1101.189 0.000
1101.501 0.000
1101.813 0.000
1102.125 0.000
1102.437 0.000
1102.749 0.000
1103.061 0.000
1103.373 0.000
1103.685 0.000
1103.997 0.000
1104.309 0.000
1104.621 0.000
1104.933 0.000
1105.245 0.000
1105.557 0.000
1105.869 0.000
1106.181 0.000
1106.493 0.000
1106.805 0.000
1107.117 0.000
1107.429 0.000
1107.741 0.000
1108.053 0.000
1108.365 0.000
1108.677 0.000
1108.989 0.000
1109.301 0.000
1109.613 0.000
1109.925 0.000
1110.237 0.000
1110.549 0.000
1110.861 0.000
1111.173 0.000
1111.485 0.000
1111.797 0.000
1112.109 0.000
1112.421 0.000
1112.733 0.000
1113.045 0.000
1113.357 0.000
1113.669 0.000
1113.981 0.000
1114.293 0.000
1114.605 0.000
1114.917 0.000
1115.229 0.000
1115.541 0.000
1115.853 0.000
1116.165 0.000
1116.477 0.000
1116.789 0.000
1117.101 0.000
1117.413 0.000
1117.725 0.000
1118.037 0.000
1118.349 0.000
1118.662 0.000
1118.974 0.000
1119.286 0.000
1119.598 0.000
1119.910 0.000
1120.222 0.000
1120.534 0.000
1120.846 0.000
1121.158 0.000
1121.470 0.000
1121.782 0.000
1122.094 0.000
1122.406 0.000
1122.718 0.000
1123.030 0.000
1123.342 0.000
1123.654 0.000
1123.966 0.000
1124.278 0.000
1124.590 0.000
1124.902 0.000
1125.214 0.000
1125.526 0.000
1125.838 0.000
1126.150 0.000
1126.462 0.000
1126.774 0.000
1127.086 0.000
1127.398 0.000
1127.710 0.000
1128.022 0.000
1128.334 0.000
1128.646 0.000
1128.958 0.000
1129.270 0.000
1129.582 0.000
1129.894 0.000
1130.206 0.000
1130.518 0.000
1130.830 0.000
1131.142 0.000
1131.454 0.000
1131.766 0.000
1132.078 0.000
1132.390 0.000
1132.702 0.000
1133.014 0.000
1133.326 0.000
1133.638 0.000
1133.950 0.000
1134.262 0.000
1134.574 0.000
1134.886 0.000
1135.198 0.000
1135.510 0.000
1135.822 0.000
1136.134 0.000
1136.447 0.000
1136.759 0.000
1137.071 0.000
1137.383 0.000
1137.695 0.000
1138.007 0.000
1138.319 0.000
1138.631 0.000
1138.943 0.000
1139.255 0.000
1139.567 0.000
1139.879 0.000
1140.191 0.000
1140.503 0.000
1140.815 0.000
1141.127 0.000
1141.439 0.000
1141.751 0.000
1142.063 0.000
1142.375 0.000
1142.687 0.000
1142.999 0.000
1143.311 0.000
1143.623 0.000
1143.935 0.000
1144.247 0.000
1144.559 0.000
1144.871 0.000
1145.183 0.000
1145.495 0.000
1145.807 0.000
1146.119 0.000
1146.431 0.000
1146.743 0.000
1147.055 0.000
1147.367 0.000
1147.679 0.000
1147.991 0.000
1148.303 0.000
1148.615 0.000
1148.927 0.000
1149.239 0.000
1149.551 0.000
1149.863 0.000
1150.175 0.000
1150.487 0.000
1150.799 0.000
1151.111 0.000
1151.423 0.000
1151.735 0.000
1152.047 0.000
1152.359 0.000
1152.671 0.000
1152.983 0.000
1153.295 0.000
1153.607 0.000
1153.920 0.000
1154.232 0.000
1154.544 0.000
1154.856 0.000
1155.168 0.000
1155.480 0.000
1155.792 0.000
1156.104 0.000
1156.416 0.000
1156.728 0.000
1157.040 0.000
1157.352 0.000
1157.664 0.000
1157.976 0.000
1158.288 0.000
1158.600 0.000
1158.912 0.000
1159.224 0.000
1159.536 0.000
1159.848 0.000
1160.160 0.000
1160.472 0.000
1160.784 0.000
1161.096 0.000
1161.408 0.000
1161.720 0.000
1162.032 0.000
1162.344 0.000
1162.656 0.000
1162.968 0.000
1163.280 0.000
1163.592 0.000
1163.904 0.000
1164.216 0.000
1164.528 0.000
1164.840 0.000
1165.152 0.000
1165.464 0.000
1165.776 0.000
1166.088 0.000
1166.400 0.000
1166.712 0.000
1167.024 0.000
1167.336 0.000
1167.648 0.000
1167.960 0.000
1168.272 0.000
1168.584 0.000
1168.896 0.000
1169.208 0.000
1169.520 0.000
1169.832 0.000
1170.144 0.000
1170.456 0.000
1170.768 0.000
1171.080 0.000
1171.392 0.000
1171.705 0.000
1172.017 0.000
1172.329 0.000
1172.641 0.000
1172.953 0.000
1173.265 0.000
1173.577 0.000
1173.889 0.000
1174.201 0.000
1174.513 0.000
1174.825 0.000
1175.137 0.000
1175.449 0.000
1175.761 0.000
1176.073 0.000
1176.385 0.000
1176.697 0.000
1177.009 0.000
1177.321 0.000
1177.633 0.000
1177.945 0.000
1178.257 0.000
1178.569 0.000
1178.881 0.000
1179.193 0.000
1179.505 0.000
1179.817 0.000
1180.129 0.000
1180.441 0.000
1180.753 0.000
1181.065 0.000
1181.377 0.000
1181.689 0.000
1182.001 0.000
1182.313 0.000
1182.625 0.000
1182.937 0.000
1183.249 0.000
1183.561 0.000
1183.873 0.000
1184.185 0.000
1184.497 0.000
1184.809 0.000
1185.121 0.000
1185.433 0.000
1185.745 0.000
1186.057 0.000
1186.369 0.000
1186.681 0.000
1186.993 0.000
1187.305 0.000
1187.617 0.000
1187.929 0.000
1188.241 0.000
1188.553 0.000
1188.865 0.000
1189.178 0.000
1189.490 0.000
1189.802 0.000
1190.114 0.000
1190.426 0.000
1190.738 0.000
1191.050 0.000
1191.362 0.000
1191.674 0.000
1191.986 0.000
1192.298 0.000
1192.610 0.000
1192.922 0.000
1193.234 0.000
1193.546 0.000
1193.858 0.000
1194.170 0.000
1194.482 0.000
1194.794 0.000
1195.106 0.000
1195.418 0.000
1195.730 0.000
1196.042 0.000
1196.354 0.000
1196.666 0.000
1196.978 0.000
1197.290 0.000
1197.602 0.000
1197.914 0.000
1198.226 0.000
1198.538 0.000
1198.850 0.000
1199.162 0.000
1199.474 0.000
1199.786 0.000
1200.098 0.000
