177.811 0.000
178.065 0.000
178.318 0.000
178.572 0.000
178.826 0.000
179.079 0.000
179.333 0.000
179.587 0.000
179.840 0.000
180.094 0.000
180.347 0.000
180.601 0.000
180.855 0.000
181.108 0.000
181.362 0.000
181.616 0.000
181.869 0.000
182.123 0.000
182.377 0.000
182.630 0.000
182.884 0.000
183.137 0.000
183.391 0.000
183.645 0.000
183.898 0.000
184.152 0.000
184.406 0.000
184.659 0.000
184.913 0.000
185.167 0.000
185.420 0.000
185.674 0.000
185.928 0.000
186.181 0.000
186.435 0.000
186.688 0.000
186.942 0.000
187.196 0.000
187.449 0.000
187.703 0.000
187.957 0.000
188.210 0.000
188.464 0.000
188.718 0.000
188.971 0.000
189.225 0.000
189.479 0.000
189.732 0.000
189.986 0.000
190.239 0.000
190.493 0.000
190.747 0.000
191.000 0.000
191.254 0.000
191.508 0.000
191.761 0.000
192.015 0.000
192.269 0.000
192.522 0.000
192.776 0.000
193.030 0.000
193.283 0.000
193.537 0.000
193.790 0.000
194.044 0.000
194.298 0.000
194.551 0.000
194.805 0.000
195.059 0.000
195.312 0.000
195.566 0.000
195.820 0.000
196.073 0.000
196.327 0.000
196.581 0.000
196.834 0.000
197.088 0.000
197.341 0.000
197.595 0.000
197.849 0.000
198.102 0.000
198.356 0.000
198.610 0.000
198.863 0.000
199.117 0.000
199.371 0.000
199.624 0.000
199.878 0.000
200.132 0.000
200.385 0.000
200.639 0.000
200.892 0.000
201.146 0.000
201.400 0.000
201.653 0.000
201.907 0.000
202.161 0.000
202.414 0.000
202.668 0.000
202.922 0.000
203.175 0.000
203.429 0.000
203.683 0.000
203.936 0.000
204.190 0.000
204.443 0.000
204.697 0.000
204.951 0.000
205.204 0.000
205.458 0.000
205.712 0.000
205.965 0.000
206.219 0.000
206.473 0.000
206.726 0.000
206.980 0.000
207.233 0.000
207.487 0.000
207.741 0.000
207.994 0.000
208.248 0.000
208.502 0.000
208.755 0.000
209.009 0.000
209.263 0.000
209.516 0.000
209.770 0.000
210.024 0.000
210.277 0.000
210.531 0.000
210.784 0.000
211.038 0.000
211.292 0.000
211.545 0.000
211.799 0.000
212.053 0.000
212.306 0.000
212.560 0.000
212.814 0.000
213.067 0.000
213.321 0.000
213.575 0.000
213.828 0.000
214.082 0.000
214.335 0.000
214.589 0.000
214.843 0.000
215.096 0.000
215.350 0.000
215.604 0.000
215.857 0.000
216.111 0.000
216.365 0.000
216.618 0.000
216.872 0.000
217.126 0.000
217.379 0.000
217.633 0.000
217.886 0.000
218.140 0.000
218.394 0.000
218.647 0.000
218.901 0.000
219.155 0.000
219.408 0.000
219.662 0.000
219.916 0.000
220.169 0.000
220.423 0.000
220.677 0.000
220.930 0.000
221.184 0.000
221.437 0.000
221.691 0.000
221.945 0.000
222.198 0.000
222.452 0.000
222.706 0.000
222.959 0.000
223.213 0.000
223.467 0.000
223.720 0.000
223.974 0.000
224.228 0.000
224.481 0.000
224.735 0.000
224.988 0.000
225.242 0.000
225.496 0.000
225.749 0.000
226.003 0.000
226.257 0.000
226.510 0.000
226.764 0.000
227.018 0.000
227.271 0.000
227.525 0.000
227.779 0.000
228.032 0.000
228.286 0.000
228.539 0.000
228.793 0.000
229.047 0.000
229.300 0.000
229.554 0.000
229.808 0.000
230.061 0.000
230.315 0.000
230.569 0.000
230.822 0.000
231.076 0.000
231.330 0.000
231.583 0.000
231.837 0.000
232.090 0.000
232.344 0.000
232.598 0.000
232.851 0.000
233.105 0.000
233.359 0.000
233.612 0.000
233.866 0.000
234.120 0.000
234.373 0.000
234.627 0.000
234.880 0.000
235.134 0.000
235.388 0.000
235.641 0.000
235.895 0.000
236.149 0.000
236.402 0.000
236.656 0.000
236.910 0.000
237.163 0.000
237.417 0.000
237.671 0.000
237.924 0.000
238.178 0.000
238.431 0.000
238.685 0.000
238.939 0.000
239.192 0.000
239.446 0.000
239.700 0.000
239.953 0.000
240.207 0.000
240.461 0.000
240.714 0.000
240.968 0.000
241.222 0.000
241.475 0.000
241.729 0.000
241.982 0.000
242.236 0.000
242.490 0.000
242.743 0.000
242.997 0.000
243.251 0.000
243.504 0.000
243.758 0.000
244.012 0.000
244.265 0.000
244.519 0.000
244.773 0.000
245.026 0.000
245.280 0.000
245.533 0.000
245.787 0.000
246.041 0.000
246.294 0.000
246.548 0.000
246.802 0.000
247.055 0.000
247.309 0.000
247.563 0.000
247.816 0.000
248.070 0.000
248.324 0.000
248.577 0.000
248.831 0.000
249.084 0.000
249.338 0.000
249.592 0.000
249.845 0.000
250.099 0.000
250.353 0.000
250.606 0.000
250.860 0.000
251.114 0.000
251.367 0.000
251.621 0.000
251.875 0.000
252.128 0.000
252.382 0.000
252.635 0.000
252.889 0.000
253.143 0.000
253.396 0.000
253.650 0.000
253.904 0.000
254.159 0.000
254.413 0.000
254.667 0.000
254.922 0.000
255.176 0.000
255.431 0.000
255.685 0.000
255.939 0.000
256.194 0.000
256.448 0.000
256.702 0.000
256.957 0.000
257.211 0.000
257.465 0.000
257.720 0.000
257.974 0.000
258.228 0.000
258.483 0.000
258.737 0.000
258.992 0.000
259.246 0.000
259.500 0.000
259.755 0.000
260.009 0.000
260.263 0.000
260.518 0.000
260.772 0.000
261.026 0.000
261.281 0.000
261.535 0.000
261.789 0.000
262.044 0.000
262.298 0.000
262.553 0.000
262.807 0.000
263.061 0.000
263.316 0.000
263.570 0.000
263.824 0.000
264.079 0.000
264.333 0.000
264.587 0.000
264.842 0.000
265.096 0.000
265.351 0.000
265.605 0.000
265.859 0.000
266.114 0.000
266.368 0.000
266.622 0.000
266.877 0.000
267.131 0.000
267.385 0.000
267.640 0.000
267.894 0.000
268.148 0.000
268.403 0.000
268.657 0.000
268.912 0.000
269.166 0.000
269.420 0.000
269.675 0.000
269.929 0.000
270.183 0.000
270.438 0.000
270.692 0.000
270.946 0.000
271.201 0.000
271.455 0.000
271.709 0.000
271.964 0.000
272.218 0.000
272.473 0.000
272.727 0.000
272.981 0.000
273.236 0.000
273.490 0.000
273.744 0.000
273.999 0.000
274.253 0.000
274.507 0.000
274.762 0.000
275.016 0.000
275.271 0.000
275.525 0.000
275.779 0.000
276.034 0.000
276.288 0.000
276.542 0.000
276.797 0.000
277.051 0.000
277.305 0.000
277.560 0.000
277.814 0.000
278.068 0.000
278.323 0.000
278.577 0.000
278.832 0.000
279.086 0.000
279.340 0.000
279.595 0.000
279.849 0.000
280.103 0.000
280.358 0.000
280.612 0.000
280.866 0.000
281.121 0.000
281.375 0.000
281.629 0.000
281.884 0.000
282.138 0.000
282.393 0.000
282.647 0.000
282.901 0.000
283.156 0.000
283.410 0.000
283.664 0.000
283.919 0.000
284.173 0.000
284.427 0.000
284.682 0.000
284.936 0.000
285.191 0.000
285.445 0.000
285.699 0.000
285.954 0.000
286.208 0.000
286.462 0.000
286.717 0.000
286.971 0.000
287.225 0.000
287.480 0.000
287.734 0.000
287.988 0.000
288.243 0.000
288.497 0.000
288.752 0.000
289.006 0.000
289.260 0.000
289.515 0.000
289.769 0.000
290.023 0.000
290.278 0.000
290.532 0.000
290.786 0.000
291.041 0.000
291.295 0.000
291.549 0.000
291.804 0.000
292.058 0.000
292.313 0.000
292.567 0.000
292.821 0.000
293.076 0.000
293.330 0.000
293.584 0.000
293.839 0.000
294.093 0.000
294.347 0.000
294.602 0.000
294.856 0.000
295.111 0.000
295.365 0.000
295.619 0.000
295.874 0.000
296.128 0.000
296.382 0.000
296.637 0.000
296.891 0.000
297.145 0.000
297.400 0.000
297.654 0.000
297.908 0.000
298.163 0.000
298.417 0.000
298.672 0.000
298.926 0.000
299.180 0.000
299.435 0.000
299.689 0.000
299.943 0.000
300.198 0.000
300.452 13.000
300.706 63.000
300.961 253.000
301.215 273.000
301.469 404.000
301.724 389.000
301.978 526.000
302.233 674.000
302.487 881.000
302.741 889.000
302.996 1007.000
303.250 1087.000
303.504 1227.000
303.759 1319.000
304.013 1421.000
304.267 1465.000
304.522 1527.000
304.776 1685.000
305.031 1733.000
305.285 1797.000
305.539 1894.000
305.794 1964.000
306.048 2196.000
306.302 2316.000
306.557 2333.000
306.811 2507.000
307.065 2669.000
307.320 2702.000
307.574 2715.000
307.828 2878.000
308.083 3072.000
308.337 3156.000
308.592 3330.000
308.846 3573.000
309.100 3568.000
309.355 3620.000
309.609 3856.000
309.863 4084.000
310.118 4032.000
310.372 4164.000
310.626 4403.000
310.881 4895.000
311.135 4956.000
311.389 4994.000
311.644 5070.000
311.898 5383.000
312.153 5526.000
312.407 5821.000
312.661 5971.000
312.916 5991.000
313.170 6204.000
313.429 6307.000
313.688 6625.000
313.947 6909.000
314.206 7081.000
314.465 7173.000
314.724 7352.000
314.983 7648.000
315.242 7895.000
315.501 8057.000
315.760 8274.000
316.019 8571.000
316.278 8694.000
316.536 8878.000
316.795 9252.000
317.054 9441.000
317.313 9672.000
317.572 9958.000
317.831 10064.000
318.090 10397.000
318.349 10900.000
318.608 11026.000
318.867 11089.000
319.126 11383.000
319.385 11631.000
319.644 11803.000
319.903 12251.000
320.162 12422.000
320.421 12777.000
320.680 13004.000
320.939 13138.000
321.198 13314.000
321.457 13664.000
321.716 14087.000
321.975 14251.000
322.234 14522.000
322.493 14859.000
322.752 15128.000
323.010 15440.000
323.269 15629.000
323.528 15876.000
323.787 16012.000
324.046 16061.000
324.305 16340.000
324.564 16910.000
324.823 17235.000
325.082 17335.000
325.341 17787.000
325.600 17994.000
325.859 18238.000
326.118 18408.000
326.377 18701.000
326.636 19054.000
326.895 19112.000
327.154 19371.000
327.413 19700.000
327.672 19994.000
327.931 20245.000
328.190 20480.000
328.449 20743.000
328.708 20933.000
328.967 21340.000
329.226 21656.000
329.485 21784.000
329.743 22074.000
330.002 22294.000
330.261 22540.000
330.520 22657.000
330.779 22927.000
331.038 23224.000
331.297 23164.000
331.556 23498.000
331.815 23993.000
332.074 24131.000
332.333 24530.000
332.592 24629.000
332.851 24913.000
333.110 25165.000
333.369 25349.000
333.628 25443.000
333.887 25793.000
334.146 25948.000
334.405 26333.000
334.664 26541.000
334.923 26571.000
335.182 26920.000
335.441 26889.000
335.700 27037.000
335.959 27529.000
336.217 27484.000
336.476 27723.000
336.735 28054.000
336.994 28174.000
337.253 28365.000
337.512 28566.000
337.771 28899.000
338.030 29177.000
338.289 29236.000
338.548 29007.000
338.807 29570.000
339.066 29623.000
339.325 29591.000
339.584 30031.000
339.843 30018.000
340.102 30165.000
340.361 30423.000
340.620 30642.000
340.879 30738.000
341.138 30830.000
341.397 31062.000
341.656 31287.000
341.915 31621.000
342.174 31529.000
342.433 31371.000
342.691 31817.000
342.950 32087.000
343.209 32026.000
343.468 31944.000
343.727 32217.000
343.986 32130.000
344.245 32155.000
344.504 32171.000
344.763 32640.000
345.022 32806.000
345.281 33048.000
345.540 32915.000
345.799 32916.000
346.058 33266.000
346.317 33371.000
346.576 33448.000
346.835 33112.000
347.094 33424.000
347.353 33501.000
347.612 33425.000
347.871 33682.000
348.130 33766.000
348.389 33877.000
348.648 33618.000
348.907 33520.000
349.166 33763.000
349.424 33814.000
349.683 33828.000
349.942 33898.000
350.201 34117.000
350.460 34327.000
350.719 34323.000
350.978 34300.000
351.237 34328.000
351.496 34401.000
351.755 34368.000
352.014 34342.000
352.273 34459.000
352.532 34611.000
352.791 34653.000
353.050 34751.000
353.309 34603.000
353.568 34526.000
353.827 34384.000
354.086 34533.000
354.345 34987.000
354.604 34831.000
354.863 35050.000
355.122 34962.000
355.381 34614.000
355.640 34603.000
355.898 34693.000
356.157 34911.000
356.416 34795.000
356.675 34879.000
356.934 34663.000
357.193 34506.000
357.452 34362.000
357.711 34426.000
357.970 34889.000
358.229 34676.000
358.488 34492.000
358.747 34365.000
359.006 34539.000
359.265 34442.000
359.524 34059.000
359.783 34143.000
360.042 34173.000
360.301 34172.000
360.560 34383.000
360.819 34534.000
361.078 34397.000
361.337 34101.000
361.596 34048.000
361.855 33814.000
362.114 34027.000
362.372 34049.000
362.631 33857.000
362.890 33505.000
363.149 33530.000
363.408 33563.000
363.667 33415.000
363.926 33450.000
364.185 33601.000
364.444 33437.000
364.703 33473.000
364.962 33560.000
365.221 33648.000
365.480 33534.000
365.739 33534.000
365.999 33317.000
366.258 33250.000
366.518 33224.000
366.777 33390.000
367.037 33312.000
367.296 33207.000
367.556 33277.000
367.815 33303.000
368.075 33446.000
368.334 33143.000
368.594 33114.000
368.853 33045.000
369.113 33138.000
369.372 33239.000
369.632 32933.000
369.891 32949.000
370.150 33075.000
370.410 33032.000
370.669 33023.000
370.929 32842.000
371.188 32830.000
371.448 32896.000
371.707 32971.000
371.967 32717.000
372.226 32651.000
372.486 32823.000
372.745 32815.000
373.005 32643.000
373.264 32554.000
373.524 32661.000
373.783 32443.000
374.043 32505.000
374.302 32357.000
374.561 32348.000
374.821 32075.000
375.080 31936.000
375.340 31980.000
375.599 32021.000
375.859 32147.000
376.118 32174.000
376.378 31722.000
376.637 31687.000
376.897 31705.000
377.156 31549.000
377.416 31602.000
377.675 31566.000
377.935 31424.000
378.194 31254.000
378.454 31389.000
378.713 31371.000
378.972 31125.000
379.232 31153.000
379.491 31144.000
379.751 30940.000
380.010 31036.000
380.270 30818.000
380.529 30661.000
380.789 30747.000
381.048 30642.000
381.308 30279.000
381.567 30406.000
381.827 30573.000
382.086 30141.000
382.346 30100.000
382.605 30279.000
382.865 30250.000
383.124 30184.000
383.383 29871.000
383.643 29915.000
383.902 29951.000
384.162 29866.000
384.421 29520.000
384.681 29524.000
384.940 29544.000
385.200 29380.000
385.459 29374.000
385.719 29172.000
385.978 29180.000
386.238 28784.000
386.497 28900.000
386.757 29029.000
387.016 28879.000
387.276 28825.000
387.535 28918.000
387.794 28824.000
388.054 28780.000
388.313 28353.000
388.573 28276.000
388.832 28522.000
389.092 28552.000
389.351 28188.000
389.611 28119.000
389.870 28578.000
390.130 28325.000
390.389 28099.000
390.649 27918.000
390.908 27716.000
391.168 27792.000
391.427 27616.000
391.686 27591.000
391.946 27540.000
392.205 27418.000
392.465 27078.000
392.724 27206.000
392.984 27121.000
393.243 26851.000
393.503 26923.000
393.762 26828.000
394.022 26756.000
394.281 26673.000
394.541 26276.000
394.800 26332.000
395.060 26523.000
395.319 26544.000
395.579 26216.000
395.838 25887.000
396.097 26008.000
396.357 25939.000
396.616 25827.000
396.876 25976.000
397.135 26049.000
397.395 25592.000
397.654 25669.000
397.914 25784.000
398.173 25638.000
398.433 25443.000
398.692 25406.000
398.952 25198.000
399.211 25007.000
399.471 25058.000
399.730 24839.000
399.990 25089.000
400.249 25154.000
400.508 24872.000
400.768 24652.000
401.027 24601.000
401.287 24624.000
401.546 24515.000
401.806 24517.000
402.065 24470.000
402.325 24599.000
402.584 24616.000
402.844 24430.000
403.103 24151.000
403.363 24282.000
403.622 24216.000
403.882 24168.000
404.141 24114.000
404.401 24050.000
404.660 23912.000
404.926 23531.000
405.193 23635.000
405.459 23779.000
405.726 23850.000
405.992 23731.000
406.259 23738.000
406.525 23742.000
406.792 23580.000
407.058 23513.000
407.325 23584.000
407.591 23375.000
407.858 23479.000
408.124 23430.000
408.391 23443.000
408.657 23268.000
408.924 23295.000
409.190 23353.000
409.457 23259.000
409.723 23074.000
409.990 22954.000
410.256 23111.000
410.523 22937.000
410.789 22957.000
411.056 22937.000
411.322 22730.000
411.589 22532.000
411.855 22558.000
412.122 22590.000
412.388 22502.000
412.655 22385.000
412.921 22360.000
413.188 22378.000
413.454 22107.000
413.721 21875.000
413.987 22075.000
414.254 21830.000
414.520 21861.000
414.787 22163.000
415.053 22199.000
415.320 22053.000
415.586 21978.000
415.853 21662.000
416.119 21785.000
416.386 21745.000
416.652 21662.000
416.919 21487.000
417.185 21633.000
417.452 21632.000
417.718 21520.000
417.985 21135.000
418.251 21168.000
418.518 21094.000
418.784 20986.000
419.051 21011.000
419.317 20759.000
419.584 20896.000
419.850 20726.000
420.117 20550.000
420.383 20429.000
420.650 20411.000
420.916 20379.000
421.183 20460.000
421.449 20567.000
421.716 20441.000
421.982 20201.000
422.249 20156.000
422.515 20353.000
422.782 20238.000
423.048 20077.000
423.315 19902.000
423.581 19796.000
423.848 20058.000
424.114 19939.000
424.381 19781.000
424.647 19706.000
424.914 19775.000
425.180 19625.000
425.447 19443.000
425.713 19522.000
425.980 19530.000
426.246 19424.000
426.513 19349.000
426.779 19374.000
427.046 19129.000
427.312 19110.000
427.579 19014.000
427.845 19046.000
428.112 18896.000
428.378 18787.000
428.645 18919.000
428.911 18868.000
429.178 19023.000
429.444 18754.000
429.711 18659.000
429.977 18458.000
430.244 18580.000
430.510 18677.000
430.777 18672.000
431.043 18687.000
431.310 18382.000
431.576 18329.000
431.843 18282.000
432.109 18321.000
432.376 18102.000
432.642 18096.000
432.909 18246.000
433.175 18157.000
433.442 18013.000
433.708 17884.000
433.975 18080.000
434.241 17923.000
434.508 17784.000
434.774 17826.000
435.041 17864.000
435.307 17749.000
435.574 17713.000
435.840 17704.000
436.110 17719.000
436.379 17699.000
436.649 17385.000
436.918 17279.000
437.188 17312.000
437.457 17331.000
437.727 17308.000
437.996 17172.000
438.266 16912.000
438.535 16912.000
438.805 16861.000
439.074 16880.000
439.344 16925.000
439.613 16806.000
439.883 16690.000
440.152 16777.000
440.422 16662.000
440.691 16654.000
440.961 16429.000
441.230 16510.000
441.500 16322.000
441.769 16116.000
442.039 16203.000
442.308 16160.000
442.578 15999.000
442.847 16108.000
443.117 16146.000
443.386 15968.000
443.656 15951.000
443.925 15763.000
444.195 15587.000
444.464 15542.000
444.734 15511.000
445.003 15504.000
445.273 15414.000
445.542 15568.000
445.812 15516.000
446.081 15288.000
446.351 15129.000
446.620 14986.000
446.890 15082.000
447.159 15028.000
447.429 14970.000
447.698 14777.000
447.968 14802.000
448.238 14790.000
448.507 14692.000
448.777 14628.000
449.046 14621.000
449.316 14527.000
449.585 14336.000
449.855 14574.000
450.124 14455.000
450.394 14384.000
450.663 14245.000
450.933 14165.000
451.202 14143.000
451.472 13950.000
451.741 13962.000
452.011 14046.000
452.280 14005.000
452.550 13916.000
452.819 13782.000
453.089 14032.000
453.358 13926.000
453.628 13735.000
453.897 13834.000
454.167 13585.000
454.436 13571.000
454.706 13607.000
454.975 13603.397
455.245 13396.603
455.514 13552.894
455.784 13407.186
456.053 13187.438
456.323 13201.396
456.592 13189.243
456.862 13154.382
457.131 13085.657
457.401 13163.347
457.670 12882.470
457.940 13033.865
458.209 13101.594
458.479 12894.422
458.748 12777.888
459.018 12758.964
459.287 12664.343
459.557 12708.167
459.826 12610.558
460.096 12531.873
460.366 12516.932
460.635 12356.929
460.905 12453.639
461.174 12277.445
461.444 12296.703
461.713 12362.637
461.983 12305.000
462.252 12009.009
462.522 12153.307
462.791 12176.530
463.061 12111.446
463.330 12104.523
463.600 12002.012
463.869 11894.260
464.139 11990.937
464.408 11885.081
464.678 11748.739
464.947 11691.221
465.217 11703.030
465.486 11558.140
465.756 11457.490
466.025 11590.679
466.295 11624.113
466.564 11377.282
466.834 11362.069
467.103 11594.924
467.373 11503.049
467.642 11233.978
467.912 11218.718
468.181 11164.969
468.451 10953.109
468.720 10976.555
468.990 11055.102
469.259 11175.510
469.529 10996.936
469.798 10797.753
470.068 10713.994
470.337 10825.332
470.607 10535.240
470.876 10518.897
471.146 10665.986
471.415 10561.224
471.685 10363.265
471.954 10482.653
472.224 10326.531
472.493 10232.653
472.763 10298.980
473.033 10163.265
473.302 10190.816
473.572 10041.837
473.841 9885.831
474.111 9828.746
474.380 9889.908
474.650 9830.785
474.919 9753.313
475.189 9635.438
475.458 9750.509
475.728 9491.853
475.997 9533.062
476.267 9475.076
476.536 9446.138
476.806 9383.756
477.075 9264.975
477.345 9383.367
477.614 9273.834
477.884 9332.320
478.153 9319.149
478.423 9039.514
478.692 8884.615
478.962 8950.405
479.231 8943.377
479.501 8874.621
479.770 8814.141
480.040 8729.293
480.309 8638.749
480.579 8751.008
480.848 8726.815
481.118 8683.787
481.387 8529.175
481.657 8575.879
481.926 8560.241
482.196 8542.169
482.465 8470.411
482.735 8514.544
483.004 8344.689
483.274 8422.846
483.543 8361.361
483.813 8240.000
484.082 8094.000
484.352 8038.961
484.621 7897.103
484.891 7953.094
485.161 7916.168
485.430 7939.182
485.700 7907.278
485.969 7872.510
486.239 7880.478
486.508 7801.793
486.778 7599.602
487.047 7610.558
487.317 7598.010
487.586 7591.045
487.856 7588.060
488.125 7503.483
488.395 7488.557
488.664 7500.498
488.934 7492.537
489.203 7500.000
489.473 7494.024
489.742 7132.470
490.012 7142.572
490.281 7172.483
490.551 7248.255
490.820 7190.619
491.090 7186.627
491.359 7157.842
491.629 7044.955
491.898 6968.032
492.168 7000.000
492.437 6881.000
492.707 6830.000
492.976 6879.880
493.246 6910.822
493.515 6890.672
493.785 6782.347
494.054 6812.249
494.324 6658.291
494.593 6610.050
494.863 6720.322
495.132 6710.977
495.402 6649.194
495.671 6524.194
495.941 6525.732
496.210 6556.566
496.480 6461.072
496.749 6424.671
497.019 6383.603
497.289 6396.761
497.558 6288.754
497.828 6225.152
498.097 6299.492
498.367 6472.561
498.636 6296.748
498.906 6159.715
499.175 6179.044
499.445 6122.200
499.714 6023.422
499.984 6000.000
500.253 6015.306
500.523 5831.633
500.792 6008.172
501.062 5930.541
501.331 5937.692
501.601 5901.840
501.870 5967.280
502.140 5804.703
502.409 5789.150
502.679 5787.103
502.948 5636.643
503.218 5672.131
503.487 5795.082
503.757 5671.795
504.026 5575.385
504.296 5601.026
504.565 5537.436
504.835 5447.179
505.104 5434.292
505.374 5439.425
505.643 5314.168
505.913 5379.239
506.182 5260.021
506.452 5211.716
506.721 5121.274
506.991 5110.082
507.260 5048.354
507.530 5170.782
507.799 5133.745
508.069 5028.807
508.338 5015.416
508.608 4954.825
508.877 4909.651
509.147 4924.103
509.416 4817.623
509.686 4786.299
509.956 4994.893
510.225 5046.939
510.495 4909.369
510.764 4746.694
511.034 4858.883
511.303 4827.761
511.573 4726.721
511.842 4541.414
512.112 4495.968
512.381 4600.604
512.651 4481.928
512.920 4460.922
513.190 4399.600
513.459 4317.049
513.729 4305.169
513.998 4358.135
514.268 4370.297
514.537 4516.288
514.807 4476.847
515.076 4261.554
515.346 4211.765
515.615 4258.065
515.885 4332.683
516.154 4222.980
516.424 4180.758
516.693 4186.227
516.963 4115.198
517.232 4002.899
517.502 3899.807
517.771 3922.115
518.041 3937.560
518.310 3898.370
518.580 3889.847
518.849 3886.233
519.119 3883.477
519.388 3840.649
519.658 3878.932
519.927 3646.667
520.197 3671.741
520.466 3811.787
520.736 3657.795
521.005 3646.724
521.275 3675.214
521.544 3637.227
521.814 3611.586
522.084 3544.160
522.353 3544.160
522.623 3534.663
522.892 3499.525
523.162 3490.028
523.431 3518.061
523.701 3415.399
523.970 3424.358
524.240 3444.339
524.509 3374.286
524.779 3250.476
525.048 3204.957
525.318 3316.492
525.587 3283.397
525.857 3258.835
526.126 3348.615
526.396 3330.784
526.665 3407.656
526.935 3193.487
527.204 3221.477
527.474 3164.107
527.743 3083.573
528.013 3097.115
528.282 3163.619
528.552 3081.888
528.821 3020.251
529.091 3050.193
529.360 3003.865
529.630 2991.296
529.899 2995.160
530.169 2975.799
530.438 2909.884
530.708 2886.518
530.977 2950.485
531.247 2872.816
531.516 2952.381
531.786 2890.078
532.055 2842.259
532.325 2748.538
532.594 2838.049
532.864 2834.961
533.133 2818.182
533.403 2797.456
533.672 2808.219
533.942 2858.824
534.212 2904.809
534.481 2684.676
534.751 2579.568
535.020 2707.965
535.290 2622.047
535.559 2521.654
535.829 2646.305
536.098 2676.529
536.368 2578.480
536.637 2540.967
536.907 2548.419
537.176 2486.166
537.446 2505.929
537.715 2471.810
537.985 2335.312
538.254 2303.960
538.524 2360.396
538.793 2467.327
539.063 2369.307
539.332 2349.851
539.602 2488.603
539.871 2471.754
540.141 2285.431
540.410 2242.815
540.680 2278.494
540.949 2265.610
541.219 2183.350
541.488 2214.073
541.758 2187.314
542.027 2192.270
542.297 2119.802
542.566 2071.287
542.836 2061.386
543.105 2129.703
543.375 2171.287
543.644 2086.139
543.914 2007.913
544.183 1899.110
544.453 1959.446
544.722 2011.869
544.992 1992.087
545.261 1938.735
545.531 1872.530
545.800 1936.759
546.070 1956.565
546.346 1913.215
546.622 1926.108
546.897 1882.874
547.173 1852.507
547.449 1806.293
547.725 1840.864
548.001 1873.405
548.276 1879.412
548.552 1806.863
548.828 1737.512
549.104 1690.500
549.380 1691.781
549.655 1731.898
549.931 1680.352
550.207 1704.102
550.483 1655.273
550.759 1633.171
551.034 1636.452
551.310 1579.922
551.586 1544.304
551.862 1565.725
552.138 1517.510
552.413 1537.938
552.689 1500.486
552.965 1427.600
553.241 1343.052
553.517 1386.408
553.793 1477.670
554.068 1383.495
554.344 1399.029
554.620 1535.403
554.896 1459.748
555.172 1323.957
555.447 1345.296
555.723 1395.732
555.999 1368.574
556.275 1343.356
556.551 1250.242
556.826 1258.972
557.102 1276.431
557.378 1300.679
557.654 1274.757
557.930 1285.437
558.205 1124.272
558.481 1216.505
558.757 1210.884
559.033 1142.857
559.309 1232.264
559.584 1271.137
559.860 1236.381
560.136 1151.751
560.412 1149.805
560.688 1156.767
560.963 1032.132
561.239 1243.665
561.515 1152.047
561.791 1096.491
562.067 1061.404
562.342 1049.756
562.618 1028.293
562.894 970.703
563.170 1035.156
563.446 972.656
563.721 852.395
563.997 911.046
564.273 1057.730
564.549 1029.383
564.825 882.468
565.100 934.378
565.376 849.020
565.652 857.843
565.928 911.678
566.204 840.039
566.479 827.112
566.755 770.138
567.031 808.260
567.307 795.477
567.583 720.472
567.858 770.669
568.134 739.173
568.410 600.985
568.686 669.951
568.962 652.860
569.237 731.755
569.513 718.657
569.789 806.515
570.065 654.150
570.341 540.514
570.617 594.862
570.892 611.276
571.168 599.010
571.444 606.931
571.720 547.525
571.996 517.822
572.271 599.604
572.547 528.246
572.823 493.056
573.099 408.730
573.375 483.135
573.650 467.262
573.926 422.046
574.202 412.115
574.478 349.553
574.754 333.664
575.029 352.883
575.305 353.877
575.581 236.581
575.857 254.473
576.133 257.455
576.408 229.622
576.684 199.801
576.960 264.414
577.239 304.175
577.517 205.765
577.796 270.378
578.075 314.115
578.354 215.492
578.632 279.047
578.911 315.789
579.190 249.255
579.469 132.937
579.747 34.722
580.026 46.627
580.305 22.817
580.584 103.072
580.862 87.215
581.141 65.411
581.420 16.832
581.699 0.000
581.977 13.848
582.256 0.000
582.535 0.000
582.814 3.953
583.092 0.000
583.371 0.000
583.650 16.765
583.929 0.000
584.207 0.000
584.486 0.000
584.765 0.000
585.043 0.000
585.322 0.000
585.601 0.000
585.880 0.000
586.158 0.000
586.437 0.000
586.716 0.000
586.995 0.000
587.273 0.000
587.552 0.000
587.831 0.000
588.110 0.000
588.388 0.000
588.667 0.000
588.946 0.000
589.225 0.000
589.503 0.000
589.782 0.000
590.061 0.000
590.340 0.000
590.618 0.000
590.897 0.000
591.176 0.000
591.455 0.000
591.733 0.000
592.012 0.000
592.291 0.000
592.570 0.000
592.848 0.000
593.127 0.000
593.406 0.000
593.684 0.000
593.963 0.000
594.242 0.000
594.521 0.000
594.799 0.000
595.078 0.000
595.357 0.000
595.636 0.000
595.914 0.000
596.193 0.000
596.472 0.000
596.751 0.000
597.029 0.000
597.308 0.000
597.587 0.000
597.866 0.000
598.144 0.000
598.423 0.000
598.702 0.000
598.981 0.000
599.259 0.000
599.538 0.000
599.817 0.000
600.096 0.000
600.374 0.000
600.653 0.000
600.932 0.000
601.210 0.000
601.489 0.000
601.768 0.000
602.047 0.000
602.325 0.000
602.604 0.000
602.883 0.000
603.162 0.000
603.440 0.000
603.719 0.000
603.998 0.000
604.277 0.000
604.555 0.000
604.834 0.000
605.113 0.000
605.392 0.000
605.670 0.000
605.949 0.000
606.228 0.000
606.507 0.000
606.785 0.000
607.064 0.000
607.343 0.000
607.622 0.000
607.900 0.000
608.179 0.000
608.458 0.000
608.736 0.000
609.015 0.000
609.294 0.000
609.573 0.000
609.851 0.000
610.130 0.000
610.409 0.000
610.688 0.000
610.966 0.000
611.245 0.000
611.524 0.000
611.803 0.000
612.081 0.000
612.360 0.000
612.639 0.000
612.918 0.000
613.196 0.000
613.475 0.000
613.754 0.000
614.033 0.000
614.311 0.000
614.590 0.000
614.869 0.000
615.148 0.000
615.426 0.000
615.705 0.000
615.984 0.000
616.263 0.000
616.541 0.000
616.820 0.000
617.099 0.000
617.377 0.000
617.656 0.000
617.935 0.000
618.214 0.000
618.492 0.000
618.771 0.000
619.050 0.000
619.329 0.000
619.607 0.000
619.886 0.000
620.165 0.000
620.444 0.000
620.722 0.000
621.001 0.000
621.280 0.000
621.559 0.000
621.837 0.000
622.116 0.000
622.395 0.000
622.674 0.000
622.952 0.000
623.231 0.000
623.510 0.000
623.789 0.000
624.067 0.000
624.346 0.000
624.625 0.000
624.904 0.000
625.182 0.000
625.461 0.000
625.740 0.000
626.018 0.000
626.297 0.000
626.576 0.000
626.855 0.000
627.133 0.000
627.412 0.000
627.691 0.000
627.970 0.000
628.248 0.000
628.527 0.000
628.806 0.000
629.085 0.000
629.363 0.000
629.642 0.000
629.921 0.000
630.200 0.000
630.478 0.000
630.757 0.000
631.036 0.000
631.315 0.000
631.593 0.000
631.872 0.000
632.151 0.000
632.430 0.000
632.708 0.000
632.987 0.000
633.266 0.000
633.544 0.000
633.823 0.000
634.102 0.000
634.381 0.000
634.659 0.000
634.938 0.000
635.217 0.000
635.496 0.000
635.774 0.000
636.053 0.000
636.332 0.000
636.611 0.000
636.889 0.000
637.168 0.000
637.447 0.000
637.726 0.000
638.004 0.000
638.283 0.000
638.562 0.000
638.841 0.000
639.119 0.000
639.398 0.000
639.677 0.000
639.956 0.000
640.234 0.000
640.513 0.000
640.792 0.000
641.070 0.000
641.349 0.000
641.628 0.000
641.907 0.000
642.185 0.000
642.464 0.000
642.743 0.000
643.022 0.000
643.300 0.000
643.579 0.000
643.858 0.000
644.137 0.000
644.415 0.000
644.694 0.000
644.973 0.000
645.252 0.000
645.530 0.000
645.809 0.000
646.088 0.000
646.367 0.000
646.645 0.000
646.924 0.000
647.203 0.000
647.482 0.000
647.760 0.000
648.039 0.000
648.318 0.000
648.596 0.000
648.875 0.000
649.154 0.000
649.433 0.000
649.711 0.000
649.990 0.000
650.269 0.000
650.548 0.000
650.826 0.000
651.105 0.000
651.384 0.000
651.663 0.000
651.941 0.000
652.220 0.000
652.499 0.000
652.778 0.000
653.056 0.000
653.335 0.000
653.614 0.000
653.893 0.000
654.171 0.000
654.450 0.000
654.729 0.000
655.008 0.000
655.286 0.000
655.565 0.000
655.844 0.000
656.123 0.000
656.401 0.000
656.680 0.000
656.959 0.000
657.237 0.000
657.516 0.000
657.795 0.000
658.074 0.000
658.352 0.000
658.631 0.000
658.910 0.000
659.189 0.000
659.467 0.000
659.746 0.000
660.025 0.000
660.304 0.000
660.582 0.000
660.861 0.000
661.140 0.000
661.419 0.000
661.697 0.000
661.976 0.000
662.255 0.000
662.534 0.000
662.812 0.000
663.091 0.000
663.370 0.000
663.649 0.000
663.927 0.000
664.206 0.000
664.485 0.000
664.764 0.000
665.042 0.000
665.321 0.000
665.600 0.000
665.878 0.000
666.157 0.000
666.436 0.000
666.715 0.000
666.993 0.000
667.272 0.000
667.551 0.000
667.830 0.000
668.108 0.000
668.387 0.000
668.666 0.000
668.945 0.000
669.223 0.000
669.502 0.000
669.781 0.000
670.060 0.000
670.338 0.000
670.617 0.000
670.896 0.000
671.175 0.000
671.453 0.000
671.732 0.000
672.011 0.000
672.290 0.000
672.568 0.000
672.847 0.000
673.126 0.000
673.404 0.000
673.683 0.000
673.962 0.000
674.241 0.000
674.519 0.000
674.798 0.000
675.077 0.000
675.356 0.000
675.634 0.000
675.913 0.000
676.192 0.000
676.471 0.000
676.749 0.000
677.028 0.000
677.307 0.000
677.586 0.000
677.864 0.000
678.143 0.000
678.422 0.000
678.701 0.000
678.979 0.000
679.258 0.000
679.537 0.000
679.816 0.000
680.094 0.000
680.373 0.000
680.652 0.000
680.930 0.000
681.209 0.000
681.488 0.000
681.767 0.000
682.045 0.000
682.324 0.000
682.603 0.000
682.882 0.000
683.160 0.000
683.439 0.000
683.718 0.000
683.997 0.000
684.275 0.000
684.554 0.000
684.833 0.000
685.112 0.000
685.390 0.000
685.669 0.000
685.948 0.000
686.227 0.000
686.505 0.000
686.784 0.000
687.063 0.000
687.342 0.000
687.620 0.000
687.899 0.000
688.178 0.000
688.457 0.000
688.735 0.000
689.014 0.000
689.293 0.000
689.571 0.000
689.850 0.000
690.129 0.000
690.408 0.000
690.686 0.000
690.965 0.000
691.244 0.000
691.523 0.000
691.801 0.000
692.080 0.000
692.359 0.000
692.638 0.000
692.916 0.000
693.195 0.000
693.474 0.000
693.753 0.000
694.031 0.000
694.310 0.000
694.589 0.000
694.868 0.000
695.146 0.000
695.425 0.000
695.704 0.000
695.983 0.000
696.261 0.000
696.540 0.000
696.825 0.000
697.110 0.000
697.395 0.000
697.680 0.000
697.965 0.000
698.250 0.000
698.535 0.000
698.819 0.000
699.104 0.000
699.389 0.000
699.674 0.000
699.959 0.000
700.244 0.000
700.529 0.000
700.814 0.000
701.099 0.000
701.384 0.000
701.669 0.000
701.954 0.000
702.239 0.000
702.524 0.000
702.809 0.000
703.094 0.000
703.378 0.000
703.663 0.000
703.948 0.000
704.233 0.000
704.518 0.000
704.803 0.000
705.088 0.000
705.373 0.000
705.658 0.000
705.943 0.000
706.228 0.000
706.513 0.000
706.798 0.000
707.083 0.000
707.368 0.000
707.653 0.000
707.937 0.000
708.222 0.000
708.507 0.000
708.792 0.000
709.077 0.000
709.362 0.000
709.647 0.000
709.932 0.000
710.217 0.000
710.502 0.000
710.787 0.000
711.072 0.000
711.357 0.000
711.642 0.000
711.927 0.000
712.211 0.000
712.496 0.000
712.781 0.000
713.066 0.000
713.351 0.000
713.636 0.000
713.921 0.000
714.206 0.000
714.491 0.000
714.776 0.000
715.061 0.000
715.346 0.000
715.631 0.000
715.916 0.000
716.201 0.000
716.486 0.000
716.770 0.000
717.055 0.000
717.340 0.000
717.625 0.000
717.910 0.000
718.195 0.000
718.480 0.000
718.765 0.000
719.050 0.000
719.335 0.000
719.620 0.000
719.905 0.000
720.190 0.000
720.475 0.000
720.760 0.000
721.045 0.000
721.329 0.000
721.614 0.000
721.899 0.000
722.184 0.000
722.469 0.000
722.754 0.000
723.039 0.000
723.324 0.000
723.609 0.000
723.894 0.000
724.179 0.000
724.464 0.000
724.749 0.000
725.034 0.000
725.319 0.000
725.603 0.000
725.888 0.000
726.173 0.000
726.458 0.000
726.743 0.000
727.028 0.000
727.313 0.000
727.598 0.000
727.883 0.000
728.168 0.000
728.453 0.000
728.738 0.000
729.023 0.000
729.308 0.000
729.593 0.000
729.878 0.000
730.162 0.000
730.447 0.000
730.732 0.000
731.017 0.000
731.302 0.000
731.587 0.000
731.872 0.000
732.157 0.000
732.442 0.000
732.727 0.000
733.012 0.000
733.297 0.000
733.582 0.000
733.867 0.000
734.152 0.000
734.437 0.000
734.721 0.000
735.006 0.000
735.291 0.000
735.576 0.000
735.861 0.000
736.146 0.000
736.431 0.000
736.716 0.000
737.001 0.000
737.286 0.000
737.571 0.000
737.856 0.000
738.141 0.000
738.426 0.000
738.711 0.000
738.995 0.000
739.280 0.000
739.565 0.000
739.850 0.000
740.135 0.000
740.420 0.000
740.705 0.000
740.990 0.000
741.275 0.000
741.560 0.000
741.845 0.000
742.130 0.000
742.415 0.000
742.700 0.000
742.985 0.000
743.270 0.000
743.554 0.000
743.839 0.000
744.124 0.000
744.409 0.000
744.694 0.000
744.979 0.000
745.264 0.000
745.549 0.000
745.834 0.000
746.119 0.000
746.404 0.000
746.689 0.000
746.974 0.000
747.259 0.000
747.544 0.000
747.829 0.000
748.113 0.000
748.398 0.000
748.683 0.000
748.968 0.000
749.253 0.000
749.538 0.000
749.823 0.000
750.108 0.000
750.393 0.000
750.678 0.000
750.963 0.000
751.248 0.000
751.533 0.000
751.818 0.000
752.103 0.000
752.387 0.000
752.672 0.000
752.957 0.000
753.242 0.000
753.527 0.000
753.812 0.000
754.097 0.000
754.382 0.000
754.667 0.000
754.952 0.000
755.237 0.000
755.522 0.000
755.807 0.000
756.092 0.000
756.377 0.000
756.662 0.000
756.946 0.000
757.231 0.000
757.516 0.000
757.801 0.000
758.086 0.000
758.371 0.000
758.656 0.000
758.941 0.000
759.226 0.000
759.511 0.000
759.796 0.000
760.081 0.000
760.366 0.000
760.651 0.000
760.936 0.000
761.221 0.000
761.505 0.000
761.790 0.000
762.075 0.000
762.360 0.000
762.645 0.000
762.930 0.000
763.215 0.000
763.500 0.000
763.791 0.000
764.082 0.000
764.373 0.000
764.664 0.000
764.955 0.000
765.247 0.000
765.538 0.000
765.829 0.000
766.120 0.000
766.411 0.000
766.702 0.000
766.993 0.000
767.284 0.000
767.575 0.000
767.866 0.000
768.157 0.000
768.449 0.000
768.740 0.000
769.031 0.000
769.322 0.000
769.613 0.000
769.904 0.000
770.195 0.000
770.486 0.000
770.777 0.000
771.068 0.000
771.359 0.000
771.651 0.000
771.942 0.000
772.233 0.000
772.524 0.000
772.815 0.000
773.106 0.000
773.397 0.000
773.688 0.000
773.979 0.000
774.270 0.000
774.561 0.000
774.853 0.000
775.144 0.000
775.435 0.000
775.726 0.000
776.017 0.000
776.308 0.000
776.599 0.000
776.890 0.000
777.181 0.000
777.472 0.000
777.763 0.000
778.055 0.000
778.346 0.000
778.637 0.000
778.928 0.000
779.219 0.000
779.510 0.000
779.801 0.000
780.092 0.000
780.383 0.000
780.674 0.000
780.965 0.000
781.257 0.000
781.548 0.000
781.839 0.000
782.130 0.000
782.421 0.000
782.712 0.000
783.003 0.000
783.294 0.000
783.585 0.000
783.876 0.000
784.167 0.000
784.459 0.000
784.750 0.000
785.041 0.000
785.332 0.000
785.623 0.000
785.914 0.000
786.205 0.000
786.496 0.000
786.787 0.000
787.078 0.000
787.369 0.000
787.661 0.000
787.952 0.000
788.243 0.000
788.534 0.000
788.825 0.000
789.116 0.000
789.407 0.000
789.698 0.000
789.989 0.000
790.280 0.000
790.571 0.000
790.863 0.000
791.154 0.000
791.445 0.000
791.736 0.000
792.027 0.000
792.318 0.000
792.609 0.000
792.900 0.000
793.191 0.000
793.482 0.000
793.773 0.000
794.065 0.000
794.356 0.000
794.647 0.000
794.938 0.000
795.229 0.000
795.520 0.000
795.811 0.000
796.102 0.000
796.393 0.000
796.684 0.000
796.975 0.000
797.267 0.000
797.558 0.000
797.849 0.000
798.140 0.000
798.431 0.000
798.722 0.000
799.013 0.000
799.304 0.000
799.595 0.000
799.886 0.000
800.177 0.000
800.469 0.000
800.760 0.000
801.051 0.000
801.342 0.000
801.633 0.000
801.924 0.000
802.215 0.000
802.506 0.000
802.797 0.000
803.088 0.000
803.379 0.000
803.671 0.000
803.962 0.000
804.253 0.000
804.544 0.000
804.835 0.000
805.126 0.000
805.417 0.000
805.708 0.000
805.999 0.000
806.290 0.000
806.581 0.000
806.873 0.000
807.164 0.000
807.455 0.000
807.746 0.000
808.037 0.000
808.328 0.000
808.619 0.000
808.910 0.000
809.201 0.000
809.492 0.000
809.783 0.000
810.075 0.000
810.366 0.000
810.657 0.000
810.948 0.000
811.239 0.000
811.530 0.000
811.821 0.000
812.112 0.000
812.404 0.000
812.695 0.000
812.986 0.000
813.277 0.000
813.569 0.000
813.860 0.000
814.151 0.000
814.442 0.000
814.734 0.000
815.025 0.000
815.316 0.000
815.607 0.000
815.899 0.000
816.190 0.000
816.481 0.000
816.772 0.000
817.064 0.000
817.355 0.000
817.646 0.000
817.937 0.000
818.229 0.000
818.520 0.000
818.811 0.000
819.102 0.000
819.394 0.000
819.685 0.000
819.976 0.000
820.267 0.000
820.559 0.000
820.850 0.000
821.141 0.000
821.432 0.000
821.723 0.000
822.015 0.000
822.306 0.000
822.597 0.000
822.888 0.000
823.180 0.000
823.471 0.000
823.762 0.000
824.053 0.000
824.345 0.000
824.636 0.000
824.927 0.000
825.218 0.000
825.510 0.000
825.801 0.000
826.092 0.000
826.383 0.000
826.675 0.000
826.966 0.000
827.257 0.000
827.548 0.000
827.840 0.000
828.131 0.000
828.422 0.000
828.713 0.000
829.005 0.000
829.296 0.000
829.587 0.000
829.878 0.000
830.170 0.000
830.461 0.000
830.752 0.000
831.043 0.000
831.335 0.000
831.626 0.000
831.917 0.000
832.208 0.000
832.499 0.000
832.791 0.000
833.082 0.000
833.373 0.000
833.664 0.000
833.956 0.000
834.247 0.000
834.538 0.000
834.829 0.000
835.121 0.000
835.412 0.000
835.703 0.000
835.994 0.000
836.286 0.000
836.577 0.000
836.868 0.000
837.159 0.000
837.451 0.000
837.742 0.000
838.033 0.000
838.324 0.000
838.616 0.000
838.907 0.000
839.198 0.000
839.489 0.000
839.781 0.000
840.072 0.000
840.363 0.000
840.654 0.000
840.946 0.000
841.237 0.000
841.528 0.000
841.819 0.000
842.110 0.000
842.402 0.000
842.693 0.000
842.984 0.000
843.275 0.000
843.567 0.000
843.858 0.000
844.149 0.000
844.440 0.000
844.732 0.000
845.023 0.000
845.314 0.000
845.605 0.000
845.897 0.000
846.188 0.000
846.479 0.000
846.770 0.000
847.062 0.000
847.353 0.000
847.644 0.000
847.935 0.000
848.227 0.000
848.518 0.000
848.809 0.000
849.100 0.000
849.392 0.000
849.683 0.000
849.974 0.000
850.265 0.000
850.557 0.000
850.848 0.000
851.139 0.000
851.430 0.000
851.721 0.000
852.013 0.000
852.304 0.000
852.595 0.000
852.886 0.000
853.178 0.000
853.469 0.000
853.760 0.000
854.051 0.000
854.343 0.000
854.634 0.000
854.925 0.000
855.216 0.000
855.508 0.000
855.799 0.000
856.090 0.000
856.381 0.000
856.673 0.000
856.964 0.000
857.255 0.000
857.546 0.000
857.838 0.000
858.129 0.000
858.420 0.000
858.711 0.000
859.003 0.000
859.294 0.000
859.585 0.000
859.876 0.000
860.168 0.000
860.459 0.000
860.750 0.000
861.041 0.000
861.333 0.000
861.624 0.000
861.915 0.000
862.206 0.000
862.497 0.000
862.789 0.000
863.080 0.000
863.371 0.000
863.662 0.000
863.954 0.000
864.245 0.000
864.536 0.000
864.827 0.000
865.119 0.000
865.410 0.000
865.701 0.000
865.992 0.000
866.284 0.000
866.575 0.000
866.866 0.000
867.157 0.000
867.449 0.000
867.740 0.000
868.031 0.000
868.322 0.000
868.614 0.000
868.905 0.000
869.196 0.000
869.487 0.000
869.779 0.000
870.070 0.000
870.361 0.000
870.652 0.000
870.944 0.000
871.235 0.000
871.526 0.000
871.817 0.000
872.109 0.000
872.400 0.000
872.691 0.000
872.982 0.000
873.273 0.000
873.565 0.000
873.856 0.000
874.147 0.000
874.438 0.000
874.730 0.000
875.021 0.000
875.312 0.000
875.603 0.000
875.895 0.000
876.186 0.000
876.477 0.000
876.768 0.000
877.060 0.000
877.351 0.000
877.642 0.000
877.933 0.000
878.225 0.000
878.516 0.000
878.807 0.000
879.098 0.000
879.390 0.000
879.681 0.000
879.972 0.000
880.263 0.000
880.555 0.000
880.846 0.000
881.137 0.000
881.428 0.000
881.720 0.000
882.011 0.000
882.302 0.000
882.593 0.000
882.884 0.000
883.176 0.000
883.467 0.000
883.758 0.000
884.049 0.000
884.341 0.000
884.632 0.000
884.923 0.000
885.214 0.000
885.506 0.000
885.797 0.000
886.088 0.000
886.379 0.000
886.671 0.000
886.962 0.000
887.253 0.000
887.544 0.000
887.836 0.000
888.127 0.000
888.418 0.000
888.709 0.000
889.001 0.000
889.292 0.000
889.583 0.000
889.874 0.000
890.166 0.000
890.457 0.000
890.748 0.000
891.039 0.000
891.331 0.000
891.622 0.000
891.913 0.000
892.204 0.000
892.495 0.000
892.787 0.000
893.078 0.000
893.369 0.000
893.660 0.000
893.952 0.000
894.243 0.000
894.534 0.000
894.825 0.000
895.117 0.000
895.408 0.000
895.699 0.000
895.990 0.000
896.282 0.000
896.573 0.000
896.864 0.000
897.155 0.000
897.447 0.000
897.738 0.000
898.029 0.000
898.320 0.000
898.612 0.000
898.903 0.000
899.194 0.000
899.485 0.000
899.777 0.000
900.068 0.000
900.359 0.000
900.650 0.000
900.942 0.000
901.233 0.000
901.524 0.000
901.815 0.000
902.106 0.000
902.398 0.000
902.689 0.000
902.980 0.000
903.271 0.000
903.563 0.000
903.854 0.000
904.145 0.000
904.436 0.000
904.728 0.000
905.019 0.000
905.310 0.000
905.601 0.000
905.893 0.000
906.184 0.000
906.475 0.000
906.766 0.000
907.058 0.000
907.349 0.000
907.640 0.000
907.931 0.000
908.223 0.000
908.514 0.000
908.805 0.000
909.096 0.000
909.388 0.000
909.679 0.000
909.970 0.000
910.261 0.000
910.553 0.000
910.844 0.000
911.135 0.000
911.426 0.000
911.718 0.000
912.009 0.000
912.300 0.000
912.599 0.000
912.898 0.000
913.196 0.000
913.495 0.000
913.794 0.000
914.093 0.000
914.391 0.000
914.690 0.000
914.989 0.000
915.288 0.000
915.586 0.000
915.885 0.000
916.184 0.000
916.483 0.000
916.782 0.000
917.080 0.000
917.379 0.000
917.678 0.000
917.977 0.000
918.275 0.000
918.574 0.000
918.873 0.000
919.172 0.000
919.471 0.000
919.769 0.000
920.068 0.000
920.367 0.000
920.666 0.000
920.964 0.000
921.263 0.000
921.562 0.000
921.861 0.000
922.159 0.000
922.458 0.000
922.757 0.000
923.056 0.000
923.355 0.000
923.653 0.000
923.952 0.000
924.251 0.000
924.550 0.000
924.848 0.000
925.147 0.000
925.446 0.000
925.745 0.000
926.043 0.000
926.342 0.000
926.641 0.000
926.940 0.000
927.239 0.000
927.537 0.000
927.836 0.000
928.135 0.000
928.434 0.000
928.732 0.000
929.031 0.000
929.330 0.000
929.629 0.000
929.927 0.000
930.226 0.000
930.525 0.000
930.824 0.000
931.123 0.000
931.421 0.000
931.720 0.000
932.019 0.000
932.318 0.000
932.616 0.000
932.915 0.000
933.214 0.000
933.513 0.000
933.812 0.000
934.110 0.000
934.409 0.000
934.708 0.000
935.007 0.000
935.305 0.000
935.604 0.000
935.903 0.000
936.202 0.000
936.500 0.000
936.799 0.000
937.098 0.000
937.397 0.000
937.696 0.000
937.994 0.000
938.293 0.000
938.592 0.000
938.891 0.000
939.189 0.000
939.488 0.000
939.787 0.000
940.086 0.000
940.384 0.000
940.683 0.000
940.982 0.000
941.281 0.000
941.580 0.000
941.878 0.000
942.177 0.000
942.476 0.000
942.775 0.000
943.073 0.000
943.372 0.000
943.671 0.000
943.970 0.000
944.268 0.000
944.567 0.000
944.866 0.000
945.165 0.000
945.464 0.000
945.762 0.000
946.061 0.000
946.360 0.000
946.659 0.000
946.957 0.000
947.256 0.000
947.555 0.000
947.854 0.000
948.153 0.000
948.451 0.000
948.750 0.000
949.049 0.000
949.348 0.000
949.646 0.000
949.945 0.000
950.244 0.000
950.543 0.000
950.841 0.000
951.140 0.000
951.439 0.000
951.738 0.000
952.037 0.000
952.335 0.000
952.634 0.000
952.933 0.000
953.232 0.000
953.530 0.000
953.829 0.000
954.128 0.000
954.427 0.000
954.725 0.000
955.024 0.000
955.323 0.000
955.622 0.000
955.921 0.000
956.219 0.000
956.518 0.000
956.817 0.000
957.116 0.000
957.414 0.000
957.713 0.000
958.012 0.000
958.311 0.000
958.610 0.000
958.908 0.000
959.207 0.000
959.506 0.000
959.805 0.000
960.103 0.000
960.402 0.000
960.701 0.000
961.000 0.000
961.298 0.000
961.597 0.000
961.896 0.000
962.195 0.000
962.494 0.000
962.792 0.000
963.091 0.000
963.390 0.000
963.689 0.000
963.987 0.000
964.286 0.000
964.585 0.000
964.884 0.000
965.182 0.000
965.481 0.000
965.780 0.000
966.075 0.000
966.370 0.000
966.666 0.000
966.961 0.000
967.256 0.000
967.551 0.000
967.847 0.000
968.142 0.000
968.437 0.000
968.732 0.000
969.028 0.000
969.323 0.000
969.618 0.000
969.913 0.000
970.208 0.000
970.504 0.000
970.799 0.000
971.094 0.000
971.389 0.000
971.685 0.000
971.980 0.000
972.275 0.000
972.570 0.000
972.866 0.000
973.161 0.000
973.456 0.000
973.751 0.000
974.047 0.000
974.342 0.000
974.637 0.000
974.932 0.000
975.227 0.000
975.523 0.000
975.818 0.000
976.113 0.000
976.408 0.000
976.704 0.000
976.999 0.000
977.294 0.000
977.589 0.000
977.885 0.000
978.180 0.000
978.475 0.000
978.770 0.000
979.066 0.000
979.361 0.000
979.656 0.000
979.951 0.000
980.246 0.000
980.542 0.000
980.837 0.000
981.132 0.000
981.427 0.000
981.723 0.000
982.018 0.000
982.313 0.000
982.608 0.000
982.904 0.000
983.199 0.000
983.494 0.000
983.789 0.000
984.084 0.000
984.380 0.000
984.675 0.000
984.970 0.000
985.265 0.000
985.561 0.000
985.856 0.000
986.151 0.000
986.446 0.000
986.742 0.000
987.037 0.000
987.332 0.000
987.627 0.000
987.923 0.000
988.218 0.000
988.513 0.000
988.808 0.000
989.103 0.000
989.399 0.000
989.694 0.000
989.989 0.000
990.284 0.000
990.580 0.000
990.875 0.000
991.170 0.000
991.465 0.000
991.761 0.000
992.056 0.000
992.351 0.000
992.646 0.000
992.942 0.000
993.237 0.000
993.532 0.000
993.827 0.000
994.122 0.000
994.418 0.000
994.713 0.000
995.008 0.000
995.303 0.000
995.599 0.000
995.894 0.000
996.189 0.000
996.484 0.000
996.780 0.000
997.075 0.000
997.370 0.000
997.665 0.000
997.960 0.000
998.256 0.000
998.551 0.000
998.846 0.000
999.141 0.000
999.437 0.000
999.732 0.000
1000.027 0.000
1000.322 0.000
1000.618 0.000
1000.913 0.000
1001.208 0.000
1001.503 0.000
1001.799 0.000
1002.094 0.000
1002.389 0.000
1002.684 0.000
1002.979 0.000
1003.275 0.000
1003.570 0.000
1003.865 0.000
1004.160 0.000
1004.456 0.000
1004.751 0.000
1005.046 0.000
1005.341 0.000
1005.637 0.000
1005.932 0.000
1006.227 0.000
1006.522 0.000
1006.817 0.000
1007.113 0.000
1007.408 0.000
1007.703 0.000
1007.998 0.000
1008.294 0.000
1008.589 0.000
1008.884 0.000
1009.179 0.000
1009.475 0.000
1009.770 0.000
1010.065 0.000
1010.360 0.000
1010.656 0.000
1010.951 0.000
1011.246 0.000
1011.541 0.000
1011.836 0.000
1012.132 0.000
1012.427 0.000
1012.722 0.000
1013.017 0.000
1013.313 0.000
1013.608 0.000
1013.903 0.000
1014.198 0.000
1014.494 0.000
1014.789 0.000
1015.084 0.000
1015.379 0.000
1015.674 0.000
1015.970 0.000
1016.265 0.000
1016.560 0.000
1016.855 0.000
1017.151 0.000
1017.446 0.000
1017.741 0.000
1018.036 0.000
1018.332 0.000
1018.627 0.000
1018.922 0.000
1019.217 0.000
1019.513 0.000
1019.808 0.000
1020.103 0.000
1020.398 0.000
1020.693 0.000
1020.989 0.000
1021.284 0.000
1021.579 0.000
1021.874 0.000
1022.170 0.000
1022.465 0.000
1022.760 0.000
1023.055 0.000
1023.351 0.000
1023.646 0.000
1023.941 0.000
1024.236 0.000
1024.532 0.000
1024.827 0.000
1025.122 0.000
1025.417 0.000
1025.712 0.000
1026.008 0.000
1026.303 0.000
1026.598 0.000
1026.893 0.000
1027.189 0.000
1027.484 0.000
1027.779 0.000
1028.074 0.000
1028.370 0.000
1028.665 0.000
1028.960 0.000
1029.255 0.000
1029.550 0.000
1029.846 0.000
1030.141 0.000
1030.436 0.000
1030.731 0.000
1031.027 0.000
1031.322 0.000
1031.617 0.000
1031.912 0.000
1032.208 0.000
1032.503 0.000
1032.798 0.000
1033.093 0.000
1033.389 0.000
1033.684 0.000
1033.979 0.000
1034.274 0.000
1034.569 0.000
1034.865 0.000
1035.160 0.000
1035.455 0.000
1035.750 0.000
1036.046 0.000
1036.341 0.000
1036.636 0.000
1036.931 0.000
1037.227 0.000
1037.522 0.000
1037.817 0.000
1038.112 0.000
1038.407 0.000
1038.703 0.000
1038.998 0.000
1039.293 0.000
1039.588 0.000
1039.884 0.000
1040.179 0.000
1040.474 0.000
1040.769 0.000
1041.065 0.000
1041.360 0.000
1041.655 0.000
1041.950 0.000
1042.246 0.000
1042.541 0.000
1042.836 0.000
1043.131 0.000
1043.426 0.000
1043.722 0.000
1044.017 0.000
1044.312 0.000
1044.607 0.000
1044.903 0.000
1045.198 0.000
1045.493 0.000
1045.788 0.000
1046.084 0.000
1046.379 0.000
1046.674 0.000
1046.969 0.000
1047.264 0.000
1047.560 0.000
1047.855 0.000
1048.150 0.000
1048.445 0.000
1048.741 0.000
1049.036 0.000
1049.331 0.000
1049.626 0.000
1049.922 0.000
1050.217 0.000
1050.512 0.000
1050.807 0.000
1051.103 0.000
1051.398 0.000
1051.693 0.000
1051.988 0.000
1052.283 0.000
1052.579 0.000
1052.874 0.000
1053.169 0.000
1053.464 0.000
1053.760 0.000
1054.055 0.000
1054.350 0.000
1054.645 0.000
1054.941 0.000
1055.236 0.000
1055.531 0.000
1055.826 0.000
1056.122 0.000
1056.417 0.000
1056.712 0.000
1057.007 0.000
1057.302 0.000
1057.598 0.000
1057.893 0.000
1058.188 0.000
1058.483 0.000
1058.779 0.000
1059.074 0.000
1059.369 0.000
1059.664 0.000
1059.960 0.000
1060.255 0.000
1060.550 0.000
1060.845 0.000
1061.140 0.000
1061.436 0.000
1061.731 0.000
1062.026 0.000
1062.321 0.000
1062.617 0.000
1062.912 0.000
1063.207 0.000
1063.502 0.000
1063.798 0.000
1064.093 0.000
1064.388 0.000
1064.683 0.000
1064.978 0.000
1065.274 0.000
1065.569 0.000
1065.864 0.000
1066.159 0.000
1066.455 0.000
1066.750 0.000
1067.045 0.000
1067.340 0.000
1067.636 0.000
1067.931 0.000
1068.226 0.000
1068.521 0.000
1068.817 0.000
1069.112 0.000
1069.407 0.000
1069.702 0.000
1069.997 0.000
1070.293 0.000
1070.588 0.000
1070.883 0.000
1071.178 0.000
1071.474 0.000
1071.769 0.000
1072.064 0.000
1072.359 0.000
1072.655 0.000
1072.950 0.000
1073.245 0.000
1073.540 0.000
1073.836 0.000
1074.131 0.000
1074.426 0.000
1074.721 0.000
1075.016 0.000
1075.312 0.000
1075.607 0.000
1075.902 0.000
1076.197 0.000
1076.493 0.000
1076.788 0.000
1077.083 0.000
1077.378 0.000
1077.674 0.000
1077.969 0.000
1078.264 0.000
1078.559 0.000
1078.854 0.000
1079.150 0.000
1079.445 0.000
1079.740 0.000
1080.035 0.000
1080.331 0.000
1080.626 0.000
1080.921 0.000
1081.216 0.000
1081.512 0.000
1081.807 0.000
1082.102 0.000
1082.397 0.000
1082.693 0.000
1082.988 0.000
1083.283 0.000
1083.578 0.000
1083.873 0.000
1084.169 0.000
1084.464 0.000
1084.759 0.000
1085.054 0.000
1085.350 0.000
1085.645 0.000
1085.940 0.000
1086.235 0.000
1086.531 0.000
1086.826 0.000
1087.121 0.000
1087.416 0.000
1087.711 0.000
1088.007 0.000
1088.302 0.000
1088.597 0.000
1088.892 0.000
1089.188 0.000
1089.483 0.000
1089.778 0.000
1090.073 0.000
1090.369 0.000
1090.664 0.000
1090.959 0.000
1091.254 0.000
1091.550 0.000
1091.845 0.000
1092.140 0.000
1092.452 0.000
1092.764 0.000
1093.076 0.000
1093.388 0.000
1093.700 0.000
1094.012 0.000
1094.324 0.000
1094.636 0.000
1094.948 0.000
1095.260 0.000
1095.572 0.000
1095.884 0.000
1096.196 0.000
1096.508 0.000
1096.820 0.000
1097.132 0.000
1097.444 0.000
1097.756 0.000
1098.068 0.000
1098.380 0.000
1098.692 0.000
1099.004 0.000
1099.316 0.000
1099.628 0.000
1099.940 0.000
1100.252 0.000
1100.564 0.000
1100.877 0.000
1101.189 0.000
1101.501 0.000
1101.813 0.000
1102.125 0.000
1102.437 0.000
1102.749 0.000
1103.061 0.000
1103.373 0.000
1103.685 0.000
1103.997 0.000
1104.309 0.000
1104.621 0.000
1104.933 0.000
1105.245 0.000
1105.557 0.000
1105.869 0.000
1106.181 0.000
1106.493 0.000
1106.805 0.000
1107.117 0.000
1107.429 0.000
1107.741 0.000
1108.053 0.000
1108.365 0.000
1108.677 0.000
1108.989 0.000
1109.301 0.000
1109.613 0.000
1109.925 0.000
1110.237 0.000
1110.549 0.000
1110.861 0.000
1111.173 0.000
1111.485 0.000
1111.797 0.000
1112.109 0.000
1112.421 0.000
1112.733 0.000
1113.045 0.000
1113.357 0.000
1113.669 0.000
1113.981 0.000
1114.293 0.000
1114.605 0.000
1114.917 0.000
1115.229 0.000
1115.541 0.000
1115.853 0.000
1116.165 0.000
1116.477 0.000
1116.789 0.000
1117.101 0.000
1117.413 0.000
1117.725 0.000
1118.037 0.000
1118.349 0.000
1118.662 0.000
1118.974 0.000
1119.286 0.000
1119.598 0.000
1119.910 0.000
1120.222 0.000
1120.534 0.000
1120.846 0.000
1121.158 0.000
1121.470 0.000
1121.782 0.000
1122.094 0.000
1122.406 0.000
1122.718 0.000
1123.030 0.000
1123.342 0.000
1123.654 0.000
1123.966 0.000
1124.278 0.000
1124.590 0.000
1124.902 0.000
1125.214 0.000
1125.526 0.000
1125.838 0.000
1126.150 0.000
1126.462 0.000
1126.774 0.000
1127.086 0.000
1127.398 0.000
1127.710 0.000
1128.022 0.000
1128.334 0.000
1128.646 0.000
1128.958 0.000
1129.270 0.000
1129.582 0.000
1129.894 0.000
1130.206 0.000
1130.518 0.000
1130.830 0.000
1131.142 0.000
1131.454 0.000
1131.766 0.000
1132.078 0.000
1132.390 0.000
1132.702 0.000
1133.014 0.000
1133.326 0.000
1133.638 0.000
1133.950 0.000
1134.262 0.000
1134.574 0.000
1134.886 0.000
1135.198 0.000
1135.510 0.000
1135.822 0.000
1136.134 0.000
1136.447 0.000
1136.759 0.000
1137.071 0.000
1137.383 0.000
1137.695 0.000
1138.007 0.000
1138.319 0.000
1138.631 0.000
1138.943 0.000
1139.255 0.000
1139.567 0.000
1139.879 0.000
1140.191 0.000
1140.503 0.000
1140.815 0.000
1141.127 0.000
1141.439 0.000
1141.751 0.000
1142.063 0.000
1142.375 0.000
1142.687 0.000
1142.999 0.000
1143.311 0.000
1143.623 0.000
1143.935 0.000
1144.247 0.000
1144.559 0.000
1144.871 0.000
1145.183 0.000
1145.495 0.000
1145.807 0.000
1146.119 0.000
1146.431 0.000
1146.743 0.000
1147.055 0.000
1147.367 0.000
1147.679 0.000
1147.991 0.000
1148.303 0.000
1148.615 0.000
1148.927 0.000
1149.239 0.000
1149.551 0.000
1149.863 0.000
1150.175 0.000
1150.487 0.000
1150.799 0.000
1151.111 0.000
1151.423 0.000
1151.735 0.000
1152.047 0.000
1152.359 0.000
1152.671 0.000
1152.983 0.000
1153.295 0.000
1153.607 0.000
1153.920 0.000
1154.232 0.000
1154.544 0.000
1154.856 0.000
1155.168 0.000
1155.480 0.000
1155.792 0.000
1156.104 0.000
1156.416 0.000
1156.728 0.000
1157.040 0.000
1157.352 0.000
1157.664 0.000
1157.976 0.000
1158.288 0.000
1158.600 0.000
1158.912 0.000
1159.224 0.000
1159.536 0.000
1159.848 0.000
1160.160 0.000
1160.472 0.000
1160.784 0.000
1161.096 0.000
1161.408 0.000
1161.720 0.000
1162.032 0.000
1162.344 0.000
1162.656 0.000
1162.968 0.000
1163.280 0.000
1163.592 0.000
1163.904 0.000
1164.216 0.000
1164.528 0.000
1164.840 0.000
1165.152 0.000
1165.464 0.000
1165.776 0.000
1166.088 0.000
1166.400 0.000
1166.712 0.000
1167.024 0.000
1167.336 0.000
1167.648 0.000
1167.960 0.000
1168.272 0.000
1168.584 0.000
1168.896 0.000
1169.208 0.000
1169.520 0.000
1169.832 0.000
1170.144 0.000
1170.456 0.000
1170.768 0.000
1171.080 0.000
1171.392 0.000
1171.705 0.000
1172.017 0.000
1172.329 0.000
1172.641 0.000
1172.953 0.000
1173.265 0.000
1173.577 0.000
1173.889 0.000
1174.201 0.000
1174.513 0.000
1174.825 0.000
1175.137 0.000
1175.449 0.000
1175.761 0.000
1176.073 0.000
1176.385 0.000
1176.697 0.000
1177.009 0.000
1177.321 0.000
1177.633 0.000
1177.945 0.000
1178.257 0.000
1178.569 0.000
1178.881 0.000
1179.193 0.000
1179.505 0.000
1179.817 0.000
1180.129 0.000
1180.441 0.000
1180.753 0.000
1181.065 0.000
1181.377 0.000
1181.689 0.000
1182.001 0.000
1182.313 0.000
1182.625 0.000
1182.937 0.000
1183.249 0.000
1183.561 0.000
1183.873 0.000
1184.185 0.000
1184.497 0.000
1184.809 0.000
1185.121 0.000
1185.433 0.000
1185.745 0.000
1186.057 0.000
1186.369 0.000
1186.681 0.000
1186.993 0.000
1187.305 0.000
1187.617 0.000
1187.929 0.000
1188.241 0.000
1188.553 0.000
1188.865 0.000
1189.178 0.000
1189.490 0.000
1189.802 0.000
1190.114 0.000
1190.426 0.000
1190.738 0.000
1191.050 0.000
1191.362 0.000
1191.674 0.000
1191.986 0.000
1192.298 0.000
1192.610 0.000
1192.922 0.000
1193.234 0.000
1193.546 0.000
1193.858 0.000
1194.170 0.000
1194.482 0.000
1194.794 0.000
1195.106 0.000
1195.418 0.000
1195.730 0.000
1196.042 0.000
1196.354 0.000
1196.666 0.000
1196.978 0.000
1197.290 0.000
1197.602 0.000
1197.914 0.000
1198.226 0.000
1198.538 0.000
1198.850 0.000
1199.162 0.000
1199.474 0.000
1199.786 0.000
1200.098 0.000
