177.811 0.000
178.065 0.000
178.318 0.000
178.572 0.000
178.826 0.000
179.079 0.000
179.333 0.000
179.587 0.000
179.840 0.000
180.094 0.000
180.347 0.000
180.601 0.000
180.855 0.000
181.108 0.000
181.362 0.000
181.616 0.000
181.869 0.000
182.123 0.000
182.377 0.000
182.630 0.000
182.884 0.000
183.137 0.000
183.391 0.000
183.645 0.000
183.898 0.000
184.152 0.000
184.406 0.000
184.659 0.000
184.913 0.000
185.167 0.000
185.420 0.000
185.674 0.000
185.928 0.000
186.181 0.000
186.435 0.000
186.688 0.000
186.942 0.000
187.196 0.000
187.449 0.000
187.703 0.000
187.957 0.000
188.210 0.000
188.464 0.000
188.718 0.000
188.971 0.000
189.225 0.000
189.479 0.000
189.732 0.000
189.986 0.000
190.239 0.000
190.493 0.000
190.747 0.000
191.000 0.000
191.254 0.000
191.508 0.000
191.761 0.000
192.015 0.000
192.269 0.000
192.522 0.000
192.776 0.000
193.030 0.000
193.283 0.000
193.537 0.000
193.790 0.000
194.044 0.000
194.298 0.000
194.551 0.000
194.805 0.000
195.059 0.000
195.312 0.000
195.566 0.000
195.820 0.000
196.073 0.000
196.327 0.000
196.581 0.000
196.834 0.000
197.088 0.000
197.341 0.000
197.595 0.000
197.849 0.000
198.102 0.000
198.356 0.000
198.610 0.000
198.863 0.000
199.117 0.000
199.371 0.000
199.624 0.000
199.878 0.000
200.132 0.000
200.385 0.000
200.639 0.000
200.892 0.000
201.146 0.000
201.400 0.000
201.653 0.000
201.907 0.000
202.161 0.000
202.414 0.000
202.668 0.000
202.922 0.000
203.175 0.000
203.429 0.000
203.683 0.000
203.936 0.000
204.190 0.000
204.443 0.000
204.697 0.000
204.951 0.000
205.204 0.000
205.458 0.000
205.712 0.000
205.965 0.000
206.219 0.000
206.473 0.000
206.726 0.000
206.980 0.000
207.233 0.000
207.487 0.000
207.741 0.000
207.994 0.000
208.248 0.000
208.502 0.000
208.755 0.000
209.009 0.000
209.263 0.000
209.516 0.000
209.770 0.000
210.024 0.000
210.277 0.000
210.531 0.000
210.784 0.000
211.038 0.000
211.292 0.000
211.545 0.000
211.799 0.000
212.053 0.000
212.306 0.000
212.560 0.000
212.814 0.000
213.067 0.000
213.321 0.000
213.575 0.000
213.828 0.000
214.082 0.000
214.335 0.000
214.589 0.000
214.843 0.000
215.096 0.000
215.350 0.000
215.604 0.000
215.857 0.000
216.111 0.000
216.365 0.000
216.618 0.000
216.872 0.000
217.126 0.000
217.379 0.000
217.633 0.000
217.886 0.000
218.140 0.000
218.394 0.000
218.647 0.000
218.901 0.000
219.155 0.000
219.408 0.000
219.662 0.000
219.916 0.000
220.169 0.000
220.423 0.000
220.677 0.000
220.930 0.000
221.184 0.000
221.437 0.000
221.691 0.000
221.945 0.000
222.198 0.000
222.452 0.000
222.706 0.000
222.959 0.000
223.213 0.000
223.467 0.000
223.720 0.000
223.974 0.000
224.228 0.000
224.481 0.000
224.735 0.000
224.988 0.000
225.242 0.000
225.496 0.000
225.749 0.000
226.003 0.000
226.257 0.000
226.510 0.000
226.764 0.000
227.018 0.000
227.271 0.000
227.525 0.000
227.779 0.000
228.032 0.000
228.286 0.000
228.539 0.000
228.793 0.000
229.047 0.000
229.300 0.000
229.554 0.000
229.808 0.000
230.061 0.000
230.315 0.000
230.569 0.000
230.822 0.000
231.076 0.000
231.330 0.000
231.583 0.000
231.837 0.000
232.090 0.000
232.344 0.000
232.598 0.000
232.851 0.000
233.105 0.000
233.359 0.000
233.612 0.000
233.866 0.000
234.120 0.000
234.373 0.000
234.627 0.000
234.880 0.000
235.134 0.000
235.388 0.000
235.641 0.000
235.895 0.000
236.149 0.000
236.402 0.000
236.656 0.000
236.910 0.000
237.163 0.000
237.417 0.000
237.671 0.000
237.924 0.000
238.178 0.000
238.431 0.000
238.685 0.000
238.939 0.000
239.192 0.000
239.446 0.000
239.700 0.000
239.953 0.000
240.207 0.000
240.461 0.000
240.714 0.000
240.968 0.000
241.222 0.000
241.475 0.000
241.729 0.000
241.982 0.000
242.236 0.000
242.490 0.000
242.743 0.000
242.997 0.000
243.251 0.000
243.504 0.000
243.758 0.000
244.012 0.000
244.265 0.000
244.519 0.000
244.773 0.000
245.026 0.000
245.280 0.000
245.533 0.000
245.787 0.000
246.041 0.000
246.294 0.000
246.548 0.000
246.802 0.000
247.055 0.000
247.309 0.000
247.563 0.000
247.816 0.000
248.070 0.000
248.324 0.000
248.577 0.000
248.831 0.000
249.084 0.000
249.338 0.000
249.592 0.000
249.845 0.000
250.099 0.000
250.353 0.000
250.606 0.000
250.860 0.000
251.114 0.000
251.367 0.000
251.621 0.000
251.875 0.000
252.128 0.000
252.382 0.000
252.635 0.000
252.889 0.000
253.143 0.000
253.396 0.000
253.650 0.000
253.904 0.000
254.159 0.000
254.413 0.000
254.667 0.000
254.922 0.000
255.176 0.000
255.431 0.000
255.685 0.000
255.939 0.000
256.194 0.000
256.448 0.000
256.702 0.000
256.957 0.000
257.211 0.000
257.465 0.000
257.720 0.000
257.974 0.000
258.228 0.000
258.483 0.000
258.737 0.000
258.992 0.000
259.246 0.000
259.500 0.000
259.755 0.000
260.009 0.000
260.263 0.000
260.518 0.000
260.772 0.000
261.026 0.000
261.281 0.000
261.535 0.000
261.789 0.000
262.044 0.000
262.298 0.000
262.553 0.000
262.807 0.000
263.061 0.000
263.316 0.000
263.570 0.000
263.824 0.000
264.079 0.000
264.333 0.000
264.587 0.000
264.842 0.000
265.096 0.000
265.351 0.000
265.605 0.000
265.859 0.000
266.114 0.000
266.368 0.000
266.622 0.000
266.877 0.000
267.131 0.000
267.385 0.000
267.640 0.000
267.894 0.000
268.148 0.000
268.403 0.000
268.657 0.000
268.912 0.000
269.166 0.000
269.420 0.000
269.675 0.000
269.929 0.000
270.183 0.000
270.438 0.000
270.692 0.000
270.946 0.000
271.201 0.000
271.455 0.000
271.709 0.000
271.964 0.000
272.218 0.000
272.473 0.000
272.727 0.000
272.981 0.000
273.236 0.000
273.490 0.000
273.744 0.000
273.999 0.000
274.253 0.000
274.507 0.000
274.762 0.000
275.016 0.000
275.271 0.000
275.525 0.000
275.779 0.000
276.034 0.000
276.288 0.000
276.542 0.000
276.797 0.000
277.051 0.000
277.305 0.000
277.560 0.000
277.814 0.000
278.068 0.000
278.323 0.000
278.577 0.000
278.832 0.000
279.086 0.000
279.340 0.000
279.595 0.000
279.849 0.000
280.103 0.000
280.358 0.000
280.612 0.000
280.866 0.000
281.121 0.000
281.375 0.000
281.629 0.000
281.884 0.000
282.138 0.000
282.393 0.000
282.647 0.000
282.901 0.000
283.156 0.000
283.410 0.000
283.664 0.000
283.919 0.000
284.173 0.000
284.427 0.000
284.682 0.000
284.936 0.000
285.191 0.000
285.445 0.000
285.699 0.000
285.954 0.000
286.208 0.000
286.462 0.000
286.717 0.000
286.971 0.000
287.225 0.000
287.480 0.000
287.734 0.000
287.988 0.000
288.243 0.000
288.497 0.000
288.752 0.000
289.006 0.000
289.260 0.000
289.515 0.000
289.769 0.000
290.023 0.000
290.278 0.000
290.532 0.000
290.786 0.000
291.041 0.000
291.295 0.000
291.549 0.000
291.804 0.000
292.058 0.000
292.313 0.000
292.567 0.000
292.821 0.000
293.076 0.000
293.330 0.000
293.584 0.000
293.839 0.000
294.093 0.000
294.347 0.000
294.602 0.000
294.856 0.000
295.111 0.000
295.365 0.000
295.619 0.000
295.874 0.000
296.128 0.000
296.382 0.000
296.637 0.000
296.891 0.000
297.145 0.000
297.400 0.000
297.654 0.000
297.908 0.000
298.163 0.000
298.417 0.000
298.672 0.000
298.926 0.000
299.180 0.000
299.435 0.000
299.689 0.000
299.943 0.000
300.198 0.000
300.452 0.000
300.706 0.000
300.961 0.000
301.215 0.000
301.469 0.000
301.724 0.000
301.978 0.000
302.233 0.000
302.487 0.000
302.741 0.000
302.996 0.000
303.250 0.000
303.504 0.000
303.759 0.000
304.013 0.000
304.267 0.000
304.522 0.000
304.776 0.000
305.031 0.000
305.285 0.000
305.539 0.000
305.794 0.000
306.048 0.000
306.302 0.000
306.557 0.000
306.811 0.000
307.065 34.000
307.320 10.000
307.574 122.000
307.828 300.000
308.083 490.000
308.337 514.000
308.592 622.000
308.846 744.000
309.100 862.000
309.355 930.000
309.609 980.000
309.863 1173.000
310.118 1307.000
310.372 1247.000
310.626 1421.000
310.881 1881.000
311.135 2037.000
311.389 2036.000
311.644 2163.000
311.898 2204.000
312.153 2358.000
312.407 2745.000
312.661 2931.000
312.916 2914.000
313.170 3010.000
313.429 3122.000
313.688 3534.000
313.947 3520.000
314.206 3683.000
314.465 3873.000
314.724 3948.000
314.983 4147.000
315.242 4497.000
315.501 4476.000
315.760 4672.000
316.019 4805.000
316.278 4997.000
316.536 5227.000
316.795 5519.000
317.054 5689.000
317.313 5897.000
317.572 5964.000
317.831 6199.000
318.090 6247.000
318.349 6626.000
318.608 6845.000
318.867 7015.000
319.126 7153.000
319.385 7276.000
319.644 7405.000
319.903 7710.000
320.162 7911.000
320.421 7994.000
320.680 8193.000
320.939 8416.000
321.198 8525.000
321.457 8824.000
321.716 9119.000
321.975 9440.000
322.234 9480.000
322.493 9763.000
322.752 9965.000
323.010 10112.000
323.269 10144.000
323.528 10446.000
323.787 10445.000
324.046 10790.000
324.305 11130.000
324.564 11370.000
324.823 11477.000
325.082 11685.000
325.341 11730.000
325.600 12015.000
325.859 12294.000
326.118 12493.000
326.377 12640.000
326.636 12888.000
326.895 12828.000
327.154 13217.000
327.413 13451.000
327.672 13460.000
327.931 13779.000
328.190 14132.000
328.449 14416.000
328.708 14547.000
328.967 14731.000
329.226 14954.000
329.485 15027.000
329.743 15123.000
330.002 15238.000
330.261 15523.000
330.520 15719.000
330.779 16000.000
331.038 16020.000
331.297 16125.000
331.556 16195.000
331.815 16572.000
332.074 16771.000
332.333 16975.000
332.592 17136.000
332.851 17457.000
333.110 17479.000
333.369 17686.000
333.628 17743.000
333.887 18195.000
334.146 18430.000
334.405 18473.000
334.664 18585.000
334.923 18711.000
335.182 18989.000
335.441 19032.000
335.700 19264.000
335.959 19505.000
336.217 19588.000
336.476 19754.000
336.735 19903.000
336.994 19902.000
337.253 20286.000
337.512 20327.000
337.771 20445.000
338.030 20674.000
338.289 20856.000
338.548 20827.000
338.807 20924.000
339.066 21331.000
339.325 21456.000
339.584 21814.000
339.843 21853.000
340.102 21902.000
340.361 21887.000
340.620 22113.000
340.879 22518.000
341.138 22382.000
341.397 22481.000
341.656 22657.000
341.915 22751.000
342.174 23296.000
342.433 23097.000
342.691 23046.000
342.950 23298.000
343.209 23550.000
343.468 23629.000
343.727 23829.000
343.986 23684.000
344.245 23898.000
344.504 23980.000
344.763 24042.000
345.022 24253.000
345.281 24341.000
345.540 24387.000
345.799 24585.000
346.058 24699.000
346.317 24909.000
346.576 24980.000
346.835 25017.000
347.094 25168.000
347.353 25067.000
347.612 25093.000
347.871 25560.000
348.130 25659.000
348.389 25831.000
348.648 25828.000
348.907 25804.000
349.166 25685.000
349.424 25578.000
349.683 25769.000
349.942 26080.000
350.201 26171.000
350.460 26004.000
350.719 25974.000
350.978 26041.000
351.237 26468.000
351.496 26614.000
351.755 26425.000
352.014 26504.000
352.273 26531.000
352.532 26744.000
352.791 26975.000
353.050 26636.000
353.309 26768.000
353.568 26918.000
353.827 26758.000
354.086 26823.000
354.345 27132.000
354.604 27096.000
354.863 27133.000
355.122 27303.000
355.381 27416.000
355.640 27290.000
355.898 27305.000
356.157 27326.000
356.416 27397.000
356.675 27353.000
356.934 27505.000
357.193 27377.000
357.452 27444.000
357.711 27573.000
357.970 27734.000
358.229 27738.000
358.488 27531.000
358.747 27302.000
359.006 27555.000
359.265 27643.000
359.524 27480.000
359.783 27294.000
360.042 27230.000
360.301 27675.000
360.560 27557.000
360.819 27576.000
361.078 27809.000
361.337 28000.000
361.596 27643.000
361.855 27661.000
362.114 27638.000
362.372 27563.000
362.631 27577.000
362.890 27722.000
363.149 27517.000
363.408 27686.000
363.667 27801.000
363.926 27666.000
364.185 27852.000
364.444 27843.000
364.703 27721.000
364.962 27873.000
365.221 28139.000
365.480 28245.000
365.739 27997.000
365.999 28116.000
366.258 28078.000
366.518 28112.000
366.777 27987.000
367.037 27912.000
367.296 28033.000
367.556 28026.000
367.815 27965.000
368.075 28172.000
368.334 28095.000
368.594 27827.000
368.853 28068.000
369.113 28112.000
369.372 28175.000
369.632 28145.000
369.891 28103.000
370.150 28223.000
370.410 28267.000
370.669 28394.000
370.929 28357.000
371.188 28342.000
371.448 28158.000
371.707 28555.000
371.967 28471.000
372.226 28260.000
372.486 28558.000
372.745 28594.000
373.005 28308.000
373.264 28438.000
373.524 28511.000
373.783 28038.000
374.043 28254.000
374.302 28707.000
374.561 28649.000
374.821 28357.000
375.080 28509.000
375.340 28414.000
375.599 28510.000
375.859 28406.000
376.118 28556.000
376.378 28403.000
376.637 28311.000
376.897 28595.000
377.156 28397.000
377.416 28204.000
377.675 28327.000
377.935 28298.000
378.194 28353.000
378.454 28611.000
378.713 28607.000
378.972 28399.000
379.232 28324.000
379.491 28461.000
379.751 28402.000
380.010 28446.000
380.270 28177.000
380.529 28171.000
380.789 28164.000
381.048 28083.000
381.308 28097.000
381.567 28018.000
381.827 28056.000
382.086 28106.000
382.346 27985.000
382.605 28008.000
382.865 28155.000
383.124 28342.000
383.383 28213.000
383.643 28103.000
383.902 28034.000
384.162 28038.000
384.421 27785.000
384.681 27794.000
384.940 27672.000
385.200 27791.000
385.459 27792.000
385.719 27738.000
385.978 27501.000
386.238 27514.000
386.497 27427.000
386.757 27252.000
387.016 27372.000
387.276 27583.000
387.535 27715.000
387.794 27593.000
388.054 27555.000
388.313 27403.000
388.573 27398.000
388.832 27395.000
389.092 27143.000
389.351 27058.000
389.611 26986.000
389.870 27666.000
390.130 27417.000
390.389 27094.000
390.649 27068.000
390.908 26787.000
391.168 26804.000
391.427 26787.000
391.686 26769.000
391.946 26770.000
392.205 26757.000
392.465 26708.000
392.724 26471.000
392.984 26528.000
393.243 26615.000
393.503 26553.000
393.762 26238.000
394.022 26329.000
394.281 26206.000
394.541 26049.000
394.800 26150.000
395.060 25968.000
395.319 25929.000
395.579 25923.000
395.838 25748.000
396.097 25851.000
396.357 25878.000
396.616 25821.000
396.876 25607.000
397.135 25526.000
397.395 25294.000
397.654 25400.000
397.914 25611.000
398.173 25425.000
398.433 25548.000
398.692 25526.000
398.952 25101.000
399.211 24975.000
399.471 25101.000
399.730 24789.000
399.990 24828.000
400.249 24899.000
400.508 24613.000
400.768 24586.000
401.027 24348.000
401.287 24509.000
401.546 24594.000
401.806 24487.000
402.065 24447.000
402.325 24225.000
402.584 24334.000
402.844 24391.000
403.103 24128.000
403.363 24353.000
403.622 24175.000
403.882 23988.000
404.141 24024.000
404.401 24179.000
404.660 24171.000
404.926 24107.000
405.193 23829.000
405.459 23799.000
405.726 23784.000
405.992 23755.000
406.259 23656.000
406.525 23547.000
406.792 23599.000
407.058 23712.000
407.325 23667.000
407.591 23416.000
407.858 23132.000
408.124 23079.000
408.391 23235.000
408.657 23089.000
408.924 23214.000
409.190 23181.000
409.457 22912.000
409.723 23178.000
409.990 23091.000
410.256 22768.000
410.523 22882.000
410.789 22777.000
411.056 22580.000
411.322 22497.000
411.589 22652.000
411.855 22810.000
412.122 22511.000
412.388 22508.000
412.655 22421.000
412.921 22236.000
413.188 22169.000
413.454 22165.000
413.721 22035.000
413.987 22097.000
414.254 21895.000
414.520 21945.000
414.787 21948.000
415.053 21890.000
415.320 21659.000
415.586 21699.000
415.853 21575.000
416.119 21689.000
416.386 21558.000
416.652 21419.000
416.919 21226.000
417.185 21284.000
417.452 21275.000
417.718 21200.000
417.985 21023.000
418.251 20863.000
418.518 20758.000
418.784 20652.000
419.051 20642.000
419.317 20767.000
419.584 20718.000
419.850 20786.000
420.117 20503.000
420.383 20591.000
420.650 20357.000
420.916 20267.000
421.183 20435.000
421.449 20331.000
421.716 20336.000
421.982 20298.000
422.249 20201.000
422.515 20116.000
422.782 19918.000
423.048 19859.000
423.315 19878.000
423.581 19774.000
423.848 19770.000
424.114 19582.000
424.381 19600.000
424.647 19491.000
424.914 19552.000
425.180 19483.000
425.447 19424.000
425.713 19282.000
425.980 19303.000
426.246 19201.000
426.513 19055.000
426.779 19052.000
427.046 19029.000
427.312 18935.000
427.579 18872.000
427.845 19057.000
428.112 19106.000
428.378 18806.000
428.645 18899.000
428.911 18725.000
429.178 18498.000
429.444 18657.000
429.711 18678.000
429.977 18467.000
430.244 18465.000
430.510 18617.000
430.777 18712.000
431.043 18425.000
431.310 18290.000
431.576 18279.000
431.843 18134.000
432.109 17995.000
432.376 17950.000
432.642 18026.000
432.909 17849.000
433.175 17962.000
433.442 17972.000
433.708 17768.000
433.975 17813.000
434.241 17726.000
434.508 17503.000
434.774 17560.000
435.041 17556.000
435.307 17621.000
435.574 17384.000
435.840 17492.000
436.110 17332.000
436.379 17312.000
436.649 17257.000
436.918 17145.000
437.188 17043.000
437.457 16938.000
437.727 16902.000
437.996 16793.000
438.266 16780.000
438.535 16904.000
438.805 16977.000
439.074 16831.000
439.344 16513.000
439.613 16321.000
439.883 16336.000
440.152 16295.000
440.422 16372.000
440.691 16348.000
440.961 16070.000
441.230 15949.000
441.500 15829.000
441.769 15968.000
442.039 15749.000
442.308 15757.000
442.578 15736.000
442.847 15808.000
443.117 15755.000
443.386 15573.000
443.656 15448.000
443.925 15246.000
444.195 15184.000
444.464 15234.000
444.734 15247.000
445.003 15189.000
445.273 15113.000
445.542 15152.000
445.812 14933.000
446.081 14825.000
446.351 14815.000
446.620 14781.000
446.890 14752.000
447.159 14680.000
447.429 14724.000
447.698 14390.000
447.968 14305.000
448.238 14470.000
448.507 14538.000
448.777 14510.000
449.046 14457.000
449.316 14180.000
449.585 14303.000
449.855 14320.000
450.124 14033.000
450.394 13976.000
450.663 13895.000
450.933 14191.000
451.202 13971.000
451.472 13854.000
451.741 13750.000
452.011 13588.000
452.280 13471.000
452.550 13593.000
452.819 13399.000
453.089 13668.000
453.358 13632.000
453.628 13238.000
453.897 13176.000
454.167 13141.000
454.436 13112.000
454.706 13102.000
454.975 13019.980
455.245 12968.032
455.514 12856.287
455.784 12757.485
456.053 12763.709
456.323 13028.913
456.592 12961.155
456.862 12883.466
457.131 12726.096
457.401 12760.956
457.670 12700.199
457.940 12574.701
458.209 12436.255
458.479 12511.952
458.748 12332.669
459.018 12138.446
459.287 12174.303
459.557 12386.454
459.826 12271.912
460.096 12303.785
460.366 12204.183
460.635 11978.066
460.905 11970.090
461.174 11848.303
461.444 11716.284
461.713 11906.094
461.983 11709.000
462.252 11719.720
462.522 11714.429
462.791 11637.914
463.061 11652.610
463.330 11539.698
463.600 11313.883
463.869 11351.460
464.139 11552.870
464.408 11511.089
464.678 11238.143
464.947 11143.290
465.217 11067.677
465.486 11011.122
465.756 10977.733
466.025 10933.131
466.295 10800.405
466.564 10770.791
466.834 10852.941
467.103 10816.244
467.373 10698.171
467.642 10769.074
467.912 10749.746
468.181 10721.996
468.451 10429.154
468.720 10452.599
468.990 10236.735
469.259 10380.612
469.529 10260.470
469.798 10061.287
470.068 10065.373
470.337 9977.528
470.607 9804.903
470.876 9842.697
471.146 9903.984
471.415 9890.816
471.685 9805.102
471.954 9754.082
472.224 9673.469
472.493 9486.735
472.763 9576.531
473.033 9585.714
473.302 9421.429
473.572 9367.347
473.841 9337.411
474.111 9242.610
474.380 9110.092
474.650 9093.782
474.919 8911.315
475.189 8907.332
475.458 8860.489
475.728 8708.758
475.997 8854.527
476.267 8698.881
476.536 8666.667
476.806 8579.695
477.075 8511.675
477.345 8577.079
477.614 8433.063
477.884 8563.323
478.153 8589.666
478.423 8529.889
478.692 8290.486
478.962 8133.603
479.231 8079.879
479.501 8000.000
479.770 8063.636
480.040 7955.556
480.309 7795.156
480.579 7886.089
480.848 7821.573
481.118 7731.118
481.387 7874.245
481.657 7770.854
481.926 7673.695
482.196 7681.727
482.465 7492.477
482.735 7639.920
483.004 7443.888
483.274 7406.814
483.543 7406.406
483.813 7376.000
484.082 7161.000
484.352 7210.789
484.621 7133.866
484.891 7168.663
485.161 7043.912
485.430 7022.931
485.700 7090.728
485.969 6872.510
486.239 6709.163
486.508 6764.940
486.778 6590.637
487.047 6679.283
487.317 6649.751
487.586 6705.473
487.856 6591.045
488.125 6553.234
488.395 6526.368
488.664 6542.289
488.934 6561.194
489.203 6524.900
489.473 6248.008
489.742 6317.729
490.012 6231.306
490.281 6078.764
490.551 6219.342
490.820 6114.770
491.090 6178.643
491.359 6022.977
491.629 5923.077
491.898 6125.874
492.168 5992.008
492.437 5838.000
492.707 5797.000
492.976 5819.820
493.246 5718.437
493.515 5750.251
493.785 5736.209
494.054 5684.739
494.324 5724.623
494.593 5590.955
494.863 5540.241
495.132 5504.532
495.402 5444.556
495.671 5353.831
495.941 5265.388
496.210 5265.657
496.480 5146.613
496.749 5258.847
497.019 5175.101
497.289 5261.134
497.558 5137.791
497.828 5059.838
498.097 4967.513
498.367 5031.504
498.636 4836.382
498.906 4826.043
499.175 4848.423
499.445 4807.536
499.714 4538.697
499.984 4581.040
500.253 4620.408
500.523 4615.306
500.792 4598.570
501.062 4559.755
501.331 4613.892
501.601 4490.798
501.870 4559.305
502.140 4390.593
502.409 4388.946
502.679 4301.945
502.948 4157.625
503.218 4134.221
503.487 4125.000
503.757 4175.385
504.026 4114.872
504.296 4082.051
504.565 4066.667
504.835 4023.590
505.104 3970.226
505.374 4039.014
505.643 3855.236
505.913 3877.698
506.182 3839.671
506.452 3790.339
506.721 3691.675
506.991 3687.243
507.260 3622.428
507.530 3537.037
507.799 3531.893
508.069 3465.021
508.338 3445.015
508.608 3308.008
508.877 3400.411
509.147 3481.026
509.416 3327.869
509.686 3428.425
509.956 3300.306
510.225 3303.061
510.495 3227.088
510.764 3210.580
511.034 3214.213
511.303 3213.779
511.573 3186.235
511.842 3042.424
512.112 2973.790
512.381 3006.036
512.651 2908.635
512.920 2904.810
513.190 2856.144
513.459 2803.589
513.729 2693.837
513.998 2646.825
514.268 2665.347
514.537 2806.515
514.807 2764.532
515.076 2707.965
515.346 2559.804
515.615 2542.522
515.885 2626.341
516.154 2536.514
516.424 2520.894
516.693 2494.665
516.963 2462.730
517.232 2476.329
517.502 2310.212
517.771 2304.808
518.041 2378.482
518.310 2371.045
518.580 2253.831
518.849 2266.730
519.119 2241.643
519.388 2221.374
519.658 2211.630
519.927 2062.857
520.197 1982.873
520.466 2213.878
520.736 2092.205
521.005 1983.856
521.275 1964.862
521.544 2058.879
521.814 1980.057
522.084 1959.164
522.353 2002.849
522.623 1971.510
522.892 1912.631
523.162 1799.620
523.431 1786.122
523.701 1725.285
523.970 1693.625
524.240 1651.760
524.509 1679.048
524.779 1660.952
525.048 1586.273
525.318 1670.162
525.587 1569.656
525.857 1564.470
526.126 1617.956
526.396 1538.241
526.665 1593.301
526.935 1549.808
527.204 1433.365
527.474 1492.322
527.743 1459.174
528.013 1478.846
528.282 1451.396
528.552 1421.965
528.821 1313.404
529.091 1355.212
529.360 1229.952
529.630 1159.574
529.899 1111.326
530.169 1335.915
530.438 1248.062
530.708 1248.303
530.977 1218.447
531.247 1146.602
531.516 1124.393
531.786 1074.903
532.055 919.182
532.325 926.901
532.594 995.122
532.864 1021.484
533.133 1013.685
533.403 926.614
533.672 906.067
533.942 911.765
534.212 920.510
534.481 854.617
534.751 654.224
535.020 743.363
535.290 812.008
535.559 762.795
535.829 753.695
536.098 793.886
536.368 640.671
536.637 626.851
536.907 622.530
537.176 608.696
537.446 551.383
537.715 523.244
537.985 494.560
538.254 524.752
538.524 450.495
538.793 524.752
539.063 470.297
539.332 484.638
539.602 538.157
539.871 444.995
540.141 357.780
540.410 431.120
540.680 280.476
540.949 318.137
541.219 243.806
541.488 338.949
541.758 289.395
542.027 303.271
542.297 303.960
542.566 232.673
542.836 226.733
543.105 266.337
543.375 273.267
543.644 244.554
543.914 99.901
544.183 47.478
544.453 111.771
544.722 92.977
544.992 39.565
545.261 41.502
545.531 87.945
545.800 120.553
546.070 37.512
546.346 23.669
546.622 23.645
546.897 23.622
547.173 89.479
547.449 0.000
547.725 11.788
548.001 21.590
548.276 48.039
548.552 2.941
548.828 0.000
549.104 0.000
549.380 0.000
549.655 0.000
549.931 0.000
550.207 0.000
550.483 0.000
550.759 0.000
551.034 0.000
551.310 0.000
551.586 0.000
551.862 0.000
552.138 0.000
552.413 0.000
552.689 0.000
552.965 0.000
553.241 0.000
553.517 0.000
553.793 0.000
554.068 0.000
554.344 0.000
554.620 0.000
554.896 0.000
555.172 0.000
555.447 0.000
555.723 0.000
555.999 0.000
556.275 0.000
556.551 0.000
556.826 0.000
557.102 0.000
557.378 0.000
557.654 0.000
557.930 0.000
558.205 0.000
558.481 0.000
558.757 0.000
559.033 0.000
559.309 0.000
559.584 0.000
559.860 0.000
560.136 0.000
560.412 0.000
560.688 0.000
560.963 0.000
561.239 0.000
561.515 0.000
561.791 0.000
562.067 0.000
562.342 0.000
562.618 0.000
562.894 0.000
563.170 0.000
563.446 0.000
563.721 0.000
563.997 0.000
564.273 0.000
564.549 0.000
564.825 0.000
565.100 0.000
565.376 0.000
565.652 0.000
565.928 0.000
566.204 0.000
566.479 0.000
566.755 0.000
567.031 0.000
567.307 0.000
567.583 0.000
567.858 0.000
568.134 0.000
568.410 0.000
568.686 0.000
568.962 0.000
569.237 0.000
569.513 0.000
569.789 0.000
570.065 0.000
570.341 0.000
570.617 0.000
570.892 0.000
571.168 0.000
571.444 0.000
571.720 0.000
571.996 0.000
572.271 0.000
572.547 0.000
572.823 0.000
573.099 0.000
573.375 0.000
573.650 0.000
573.926 0.000
574.202 0.000
574.478 0.000
574.754 0.000
575.029 0.000
575.305 0.000
575.581 0.000
575.857 0.000
576.133 0.000
576.408 0.000
576.684 0.000
576.960 0.000
577.239 0.000
577.517 0.000
577.796 0.000
578.075 0.000
578.354 0.000
578.632 0.000
578.911 0.000
579.190 0.000
579.469 0.000
579.747 0.000
580.026 0.000
580.305 0.000
580.584 0.000
580.862 0.000
581.141 0.000
581.420 0.000
581.699 0.000
581.977 0.000
582.256 0.000
582.535 0.000
582.814 0.000
583.092 0.000
583.371 0.000
583.650 0.000
583.929 0.000
584.207 0.000
584.486 0.000
584.765 0.000
585.043 0.000
585.322 0.000
585.601 0.000
585.880 0.000
586.158 0.000
586.437 0.000
586.716 0.000
586.995 0.000
587.273 0.000
587.552 0.000
587.831 0.000
588.110 0.000
588.388 0.000
588.667 0.000
588.946 0.000
589.225 0.000
589.503 0.000
589.782 0.000
590.061 0.000
590.340 0.000
590.618 0.000
590.897 0.000
591.176 0.000
591.455 0.000
591.733 0.000
592.012 0.000
592.291 0.000
592.570 0.000
592.848 0.000
593.127 0.000
593.406 0.000
593.684 0.000
593.963 0.000
594.242 0.000
594.521 0.000
594.799 0.000
595.078 0.000
595.357 0.000
595.636 0.000
595.914 0.000
596.193 0.000
596.472 0.000
596.751 0.000
597.029 0.000
597.308 0.000
597.587 0.000
597.866 0.000
598.144 0.000
598.423 0.000
598.702 0.000
598.981 0.000
599.259 0.000
599.538 0.000
599.817 0.000
600.096 0.000
600.374 0.000
600.653 0.000
600.932 0.000
601.210 0.000
601.489 0.000
601.768 0.000
602.047 0.000
602.325 0.000
602.604 0.000
602.883 0.000
603.162 0.000
603.440 0.000
603.719 0.000
603.998 0.000
604.277 0.000
604.555 0.000
604.834 0.000
605.113 0.000
605.392 0.000
605.670 0.000
605.949 0.000
606.228 0.000
606.507 0.000
606.785 0.000
607.064 0.000
607.343 0.000
607.622 0.000
607.900 0.000
608.179 0.000
608.458 0.000
608.736 0.000
609.015 0.000
609.294 0.000
609.573 0.000
609.851 0.000
610.130 0.000
610.409 0.000
610.688 0.000
610.966 0.000
611.245 0.000
611.524 0.000
611.803 0.000
612.081 0.000
612.360 0.000
612.639 0.000
612.918 0.000
613.196 0.000
613.475 0.000
613.754 0.000
614.033 0.000
614.311 0.000
614.590 0.000
614.869 0.000
615.148 0.000
615.426 0.000
615.705 0.000
615.984 0.000
616.263 0.000
616.541 0.000
616.820 0.000
617.099 0.000
617.377 0.000
617.656 0.000
617.935 0.000
618.214 0.000
618.492 0.000
618.771 0.000
619.050 0.000
619.329 0.000
619.607 0.000
619.886 0.000
620.165 0.000
620.444 0.000
620.722 0.000
621.001 0.000
621.280 0.000
621.559 0.000
621.837 0.000
622.116 0.000
622.395 0.000
622.674 0.000
622.952 0.000
623.231 0.000
623.510 0.000
623.789 0.000
624.067 0.000
624.346 0.000
624.625 0.000
624.904 0.000
625.182 0.000
625.461 0.000
625.740 0.000
626.018 0.000
626.297 0.000
626.576 0.000
626.855 0.000
627.133 0.000
627.412 0.000
627.691 0.000
627.970 0.000
628.248 0.000
628.527 0.000
628.806 0.000
629.085 0.000
629.363 0.000
629.642 0.000
629.921 0.000
630.200 0.000
630.478 0.000
630.757 0.000
631.036 0.000
631.315 0.000
631.593 0.000
631.872 0.000
632.151 0.000
632.430 0.000
632.708 0.000
632.987 0.000
633.266 0.000
633.544 0.000
633.823 0.000
634.102 0.000
634.381 0.000
634.659 0.000
634.938 0.000
635.217 0.000
635.496 0.000
635.774 0.000
636.053 0.000
636.332 0.000
636.611 0.000
636.889 0.000
637.168 0.000
637.447 0.000
637.726 0.000
638.004 0.000
638.283 0.000
638.562 0.000
638.841 0.000
639.119 0.000
639.398 0.000
639.677 0.000
639.956 0.000
640.234 0.000
640.513 0.000
640.792 0.000
641.070 0.000
641.349 0.000
641.628 0.000
641.907 0.000
642.185 0.000
642.464 0.000
642.743 0.000
643.022 0.000
643.300 0.000
643.579 0.000
643.858 0.000
644.137 0.000
644.415 0.000
644.694 0.000
644.973 0.000
645.252 0.000
645.530 0.000
645.809 0.000
646.088 0.000
646.367 0.000
646.645 0.000
646.924 0.000
647.203 0.000
647.482 0.000
647.760 0.000
648.039 0.000
648.318 0.000
648.596 0.000
648.875 0.000
649.154 0.000
649.433 0.000
649.711 0.000
649.990 0.000
650.269 0.000
650.548 0.000
650.826 0.000
651.105 0.000
651.384 0.000
651.663 0.000
651.941 0.000
652.220 0.000
652.499 0.000
652.778 0.000
653.056 0.000
653.335 0.000
653.614 0.000
653.893 0.000
654.171 0.000
654.450 0.000
654.729 0.000
655.008 0.000
655.286 0.000
655.565 0.000
655.844 0.000
656.123 0.000
656.401 0.000
656.680 0.000
656.959 0.000
657.237 0.000
657.516 0.000
657.795 0.000
658.074 0.000
658.352 0.000
658.631 0.000
658.910 0.000
659.189 0.000
659.467 0.000
659.746 0.000
660.025 0.000
660.304 0.000
660.582 0.000
660.861 0.000
661.140 0.000
661.419 0.000
661.697 0.000
661.976 0.000
662.255 0.000
662.534 0.000
662.812 0.000
663.091 0.000
663.370 0.000
663.649 0.000
663.927 0.000
664.206 0.000
664.485 0.000
664.764 0.000
665.042 0.000
665.321 0.000
665.600 0.000
665.878 0.000
666.157 0.000
666.436 0.000
666.715 0.000
666.993 0.000
667.272 0.000
667.551 0.000
667.830 0.000
668.108 0.000
668.387 0.000
668.666 0.000
668.945 0.000
669.223 0.000
669.502 0.000
669.781 0.000
670.060 0.000
670.338 0.000
670.617 0.000
670.896 0.000
671.175 0.000
671.453 0.000
671.732 0.000
672.011 0.000
672.290 0.000
672.568 0.000
672.847 0.000
673.126 0.000
673.404 0.000
673.683 0.000
673.962 0.000
674.241 0.000
674.519 0.000
674.798 0.000
675.077 0.000
675.356 0.000
675.634 0.000
675.913 0.000
676.192 0.000
676.471 0.000
676.749 0.000
677.028 0.000
677.307 0.000
677.586 0.000
677.864 0.000
678.143 0.000
678.422 0.000
678.701 0.000
678.979 0.000
679.258 0.000
679.537 0.000
679.816 0.000
680.094 0.000
680.373 0.000
680.652 0.000
680.930 0.000
681.209 0.000
681.488 0.000
681.767 0.000
682.045 0.000
682.324 0.000
682.603 0.000
682.882 0.000
683.160 0.000
683.439 0.000
683.718 0.000
683.997 0.000
684.275 0.000
684.554 0.000
684.833 0.000
685.112 0.000
685.390 0.000
685.669 0.000
685.948 0.000
686.227 0.000
686.505 0.000
686.784 0.000
687.063 0.000
687.342 0.000
687.620 0.000
687.899 0.000
688.178 0.000
688.457 0.000
688.735 0.000
689.014 0.000
689.293 0.000
689.571 0.000
689.850 0.000
690.129 0.000
690.408 0.000
690.686 0.000
690.965 0.000
691.244 0.000
691.523 0.000
691.801 0.000
692.080 0.000
692.359 0.000
692.638 0.000
692.916 0.000
693.195 0.000
693.474 0.000
693.753 0.000
694.031 0.000
694.310 0.000
694.589 0.000
694.868 0.000
695.146 0.000
695.425 0.000
695.704 0.000
695.983 0.000
696.261 0.000
696.540 0.000
696.825 0.000
697.110 0.000
697.395 0.000
697.680 0.000
697.965 0.000
698.250 0.000
698.535 0.000
698.819 0.000
699.104 0.000
699.389 0.000
699.674 0.000
699.959 0.000
700.244 0.000
700.529 0.000
700.814 0.000
701.099 0.000
701.384 0.000
701.669 0.000
701.954 0.000
702.239 0.000
702.524 0.000
702.809 0.000
703.094 0.000
703.378 0.000
703.663 0.000
703.948 0.000
704.233 0.000
704.518 0.000
704.803 0.000
705.088 0.000
705.373 0.000
705.658 0.000
705.943 0.000
706.228 0.000
706.513 0.000
706.798 0.000
707.083 0.000
707.368 0.000
707.653 0.000
707.937 0.000
708.222 0.000
708.507 0.000
708.792 0.000
709.077 0.000
709.362 0.000
709.647 0.000
709.932 0.000
710.217 0.000
710.502 0.000
710.787 0.000
711.072 0.000
711.357 0.000
711.642 0.000
711.927 0.000
712.211 0.000
712.496 0.000
712.781 0.000
713.066 0.000
713.351 0.000
713.636 0.000
713.921 0.000
714.206 0.000
714.491 0.000
714.776 0.000
715.061 0.000
715.346 0.000
715.631 0.000
715.916 0.000
716.201 0.000
716.486 0.000
716.770 0.000
717.055 0.000
717.340 0.000
717.625 0.000
717.910 0.000
718.195 0.000
718.480 0.000
718.765 0.000
719.050 0.000
719.335 0.000
719.620 0.000
719.905 0.000
720.190 0.000
720.475 0.000
720.760 0.000
721.045 0.000
721.329 0.000
721.614 0.000
721.899 0.000
722.184 0.000
722.469 0.000
722.754 0.000
723.039 0.000
723.324 0.000
723.609 0.000
723.894 0.000
724.179 0.000
724.464 0.000
724.749 0.000
725.034 0.000
725.319 0.000
725.603 0.000
725.888 0.000
726.173 0.000
726.458 0.000
726.743 0.000
727.028 0.000
727.313 0.000
727.598 0.000
727.883 0.000
728.168 0.000
728.453 0.000
728.738 0.000
729.023 0.000
729.308 0.000
729.593 0.000
729.878 0.000
730.162 0.000
730.447 0.000
730.732 0.000
731.017 0.000
731.302 0.000
731.587 0.000
731.872 0.000
732.157 0.000
732.442 0.000
732.727 0.000
733.012 0.000
733.297 0.000
733.582 0.000
733.867 0.000
734.152 0.000
734.437 0.000
734.721 0.000
735.006 0.000
735.291 0.000
735.576 0.000
735.861 0.000
736.146 0.000
736.431 0.000
736.716 0.000
737.001 0.000
737.286 0.000
737.571 0.000
737.856 0.000
738.141 0.000
738.426 0.000
738.711 0.000
738.995 0.000
739.280 0.000
739.565 0.000
739.850 0.000
740.135 0.000
740.420 0.000
740.705 0.000
740.990 0.000
741.275 0.000
741.560 0.000
741.845 0.000
742.130 0.000
742.415 0.000
742.700 0.000
742.985 0.000
743.270 0.000
743.554 0.000
743.839 0.000
744.124 0.000
744.409 0.000
744.694 0.000
744.979 0.000
745.264 0.000
745.549 0.000
745.834 0.000
746.119 0.000
746.404 0.000
746.689 0.000
746.974 0.000
747.259 0.000
747.544 0.000
747.829 0.000
748.113 0.000
748.398 0.000
748.683 0.000
748.968 0.000
749.253 0.000
749.538 0.000
749.823 0.000
750.108 0.000
750.393 0.000
750.678 0.000
750.963 0.000
751.248 0.000
751.533 0.000
751.818 0.000
752.103 0.000
752.387 0.000
752.672 0.000
752.957 0.000
753.242 0.000
753.527 0.000
753.812 0.000
754.097 0.000
754.382 0.000
754.667 0.000
754.952 0.000
755.237 0.000
755.522 0.000
755.807 0.000
756.092 0.000
756.377 0.000
756.662 0.000
756.946 0.000
757.231 0.000
757.516 0.000
757.801 0.000
758.086 0.000
758.371 0.000
758.656 0.000
758.941 0.000
759.226 0.000
759.511 0.000
759.796 0.000
760.081 0.000
760.366 0.000
760.651 0.000
760.936 0.000
761.221 0.000
761.505 0.000
761.790 0.000
762.075 0.000
762.360 0.000
762.645 0.000
762.930 0.000
763.215 0.000
763.500 0.000
763.791 0.000
764.082 0.000
764.373 0.000
764.664 0.000
764.955 0.000
765.247 0.000
765.538 0.000
765.829 0.000
766.120 0.000
766.411 0.000
766.702 0.000
766.993 0.000
767.284 0.000
767.575 0.000
767.866 0.000
768.157 0.000
768.449 0.000
768.740 0.000
769.031 0.000
769.322 0.000
769.613 0.000
769.904 0.000
770.195 0.000
770.486 0.000
770.777 0.000
771.068 0.000
771.359 0.000
771.651 0.000
771.942 0.000
772.233 0.000
772.524 0.000
772.815 0.000
773.106 0.000
773.397 0.000
773.688 0.000
773.979 0.000
774.270 0.000
774.561 0.000
774.853 0.000
775.144 0.000
775.435 0.000
775.726 0.000
776.017 0.000
776.308 0.000
776.599 0.000
776.890 0.000
777.181 0.000
777.472 0.000
777.763 0.000
778.055 0.000
778.346 0.000
778.637 0.000
778.928 0.000
779.219 0.000
779.510 0.000
779.801 0.000
780.092 0.000
780.383 0.000
780.674 0.000
780.965 0.000
781.257 0.000
781.548 0.000
781.839 0.000
782.130 0.000
782.421 0.000
782.712 0.000
783.003 0.000
783.294 0.000
783.585 0.000
783.876 0.000
784.167 0.000
784.459 0.000
784.750 0.000
785.041 0.000
785.332 0.000
785.623 0.000
785.914 0.000
786.205 0.000
786.496 0.000
786.787 0.000
787.078 0.000
787.369 0.000
787.661 0.000
787.952 0.000
788.243 0.000
788.534 0.000
788.825 0.000
789.116 0.000
789.407 0.000
789.698 0.000
789.989 0.000
790.280 0.000
790.571 0.000
790.863 0.000
791.154 0.000
791.445 0.000
791.736 0.000
792.027 0.000
792.318 0.000
792.609 0.000
792.900 0.000
793.191 0.000
793.482 0.000
793.773 0.000
794.065 0.000
794.356 0.000
794.647 0.000
794.938 0.000
795.229 0.000
795.520 0.000
795.811 0.000
796.102 0.000
796.393 0.000
796.684 0.000
796.975 0.000
797.267 0.000
797.558 0.000
797.849 0.000
798.140 0.000
798.431 0.000
798.722 0.000
799.013 0.000
799.304 0.000
799.595 0.000
799.886 0.000
800.177 0.000
800.469 0.000
800.760 0.000
801.051 0.000
801.342 0.000
801.633 0.000
801.924 0.000
802.215 0.000
802.506 0.000
802.797 0.000
803.088 0.000
803.379 0.000
803.671 0.000
803.962 0.000
804.253 0.000
804.544 0.000
804.835 0.000
805.126 0.000
805.417 0.000
805.708 0.000
805.999 0.000
806.290 0.000
806.581 0.000
806.873 0.000
807.164 0.000
807.455 0.000
807.746 0.000
808.037 0.000
808.328 0.000
808.619 0.000
808.910 0.000
809.201 0.000
809.492 0.000
809.783 0.000
810.075 0.000
810.366 0.000
810.657 0.000
810.948 0.000
811.239 0.000
811.530 0.000
811.821 0.000
812.112 0.000
812.404 0.000
812.695 0.000
812.986 0.000
813.277 0.000
813.569 0.000
813.860 0.000
814.151 0.000
814.442 0.000
814.734 0.000
815.025 0.000
815.316 0.000
815.607 0.000
815.899 0.000
816.190 0.000
816.481 0.000
816.772 0.000
817.064 0.000
817.355 0.000
817.646 0.000
817.937 0.000
818.229 0.000
818.520 0.000
818.811 0.000
819.102 0.000
819.394 0.000
819.685 0.000
819.976 0.000
820.267 0.000
820.559 0.000
820.850 0.000
821.141 0.000
821.432 0.000
821.723 0.000
822.015 0.000
822.306 0.000
822.597 0.000
822.888 0.000
823.180 0.000
823.471 0.000
823.762 0.000
824.053 0.000
824.345 0.000
824.636 0.000
824.927 0.000
825.218 0.000
825.510 0.000
825.801 0.000
826.092 0.000
826.383 0.000
826.675 0.000
826.966 0.000
827.257 0.000
827.548 0.000
827.840 0.000
828.131 0.000
828.422 0.000
828.713 0.000
829.005 0.000
829.296 0.000
829.587 0.000
829.878 0.000
830.170 0.000
830.461 0.000
830.752 0.000
831.043 0.000
831.335 0.000
831.626 0.000
831.917 0.000
832.208 0.000
832.499 0.000
832.791 0.000
833.082 0.000
833.373 0.000
833.664 0.000
833.956 0.000
834.247 0.000
834.538 0.000
834.829 0.000
835.121 0.000
835.412 0.000
835.703 0.000
835.994 0.000
836.286 0.000
836.577 0.000
836.868 0.000
837.159 0.000
837.451 0.000
837.742 0.000
838.033 0.000
838.324 0.000
838.616 0.000
838.907 0.000
839.198 0.000
839.489 0.000
839.781 0.000
840.072 0.000
840.363 0.000
840.654 0.000
840.946 0.000
841.237 0.000
841.528 0.000
841.819 0.000
842.110 0.000
842.402 0.000
842.693 0.000
842.984 0.000
843.275 0.000
843.567 0.000
843.858 0.000
844.149 0.000
844.440 0.000
844.732 0.000
845.023 0.000
845.314 0.000
845.605 0.000
845.897 0.000
846.188 0.000
846.479 0.000
846.770 0.000
847.062 0.000
847.353 0.000
847.644 0.000
847.935 0.000
848.227 0.000
848.518 0.000
848.809 0.000
849.100 0.000
849.392 0.000
849.683 0.000
849.974 0.000
850.265 0.000
850.557 0.000
850.848 0.000
851.139 0.000
851.430 0.000
851.721 0.000
852.013 0.000
852.304 0.000
852.595 0.000
852.886 0.000
853.178 0.000
853.469 0.000
853.760 0.000
854.051 0.000
854.343 0.000
854.634 0.000
854.925 0.000
855.216 0.000
855.508 0.000
855.799 0.000
856.090 0.000
856.381 0.000
856.673 0.000
856.964 0.000
857.255 0.000
857.546 0.000
857.838 0.000
858.129 0.000
858.420 0.000
858.711 0.000
859.003 0.000
859.294 0.000
859.585 0.000
859.876 0.000
860.168 0.000
860.459 0.000
860.750 0.000
861.041 0.000
861.333 0.000
861.624 0.000
861.915 0.000
862.206 0.000
862.497 0.000
862.789 0.000
863.080 0.000
863.371 0.000
863.662 0.000
863.954 0.000
864.245 0.000
864.536 0.000
864.827 0.000
865.119 0.000
865.410 0.000
865.701 0.000
865.992 0.000
866.284 0.000
866.575 0.000
866.866 0.000
867.157 0.000
867.449 0.000
867.740 0.000
868.031 0.000
868.322 0.000
868.614 0.000
868.905 0.000
869.196 0.000
869.487 0.000
869.779 0.000
870.070 0.000
870.361 0.000
870.652 0.000
870.944 0.000
871.235 0.000
871.526 0.000
871.817 0.000
872.109 0.000
872.400 0.000
872.691 0.000
872.982 0.000
873.273 0.000
873.565 0.000
873.856 0.000
874.147 0.000
874.438 0.000
874.730 0.000
875.021 0.000
875.312 0.000
875.603 0.000
875.895 0.000
876.186 0.000
876.477 0.000
876.768 0.000
877.060 0.000
877.351 0.000
877.642 0.000
877.933 0.000
878.225 0.000
878.516 0.000
878.807 0.000
879.098 0.000
879.390 0.000
879.681 0.000
879.972 0.000
880.263 0.000
880.555 0.000
880.846 0.000
881.137 0.000
881.428 0.000
881.720 0.000
882.011 0.000
882.302 0.000
882.593 0.000
882.884 0.000
883.176 0.000
883.467 0.000
883.758 0.000
884.049 0.000
884.341 0.000
884.632 0.000
884.923 0.000
885.214 0.000
885.506 0.000
885.797 0.000
886.088 0.000
886.379 0.000
886.671 0.000
886.962 0.000
887.253 0.000
887.544 0.000
887.836 0.000
888.127 0.000
888.418 0.000
888.709 0.000
889.001 0.000
889.292 0.000
889.583 0.000
889.874 0.000
890.166 0.000
890.457 0.000
890.748 0.000
891.039 0.000
891.331 0.000
891.622 0.000
891.913 0.000
892.204 0.000
892.495 0.000
892.787 0.000
893.078 0.000
893.369 0.000
893.660 0.000
893.952 0.000
894.243 0.000
894.534 0.000
894.825 0.000
895.117 0.000
895.408 0.000
895.699 0.000
895.990 0.000
896.282 0.000
896.573 0.000
896.864 0.000
897.155 0.000
897.447 0.000
897.738 0.000
898.029 0.000
898.320 0.000
898.612 0.000
898.903 0.000
899.194 0.000
899.485 0.000
899.777 0.000
900.068 0.000
900.359 0.000
900.650 0.000
900.942 0.000
901.233 0.000
901.524 0.000
901.815 0.000
902.106 0.000
902.398 0.000
902.689 0.000
902.980 0.000
903.271 0.000
903.563 0.000
903.854 0.000
904.145 0.000
904.436 0.000
904.728 0.000
905.019 0.000
905.310 0.000
905.601 0.000
905.893 0.000
906.184 0.000
906.475 0.000
906.766 0.000
907.058 0.000
907.349 0.000
907.640 0.000
907.931 0.000
908.223 0.000
908.514 0.000
908.805 0.000
909.096 0.000
909.388 0.000
909.679 0.000
909.970 0.000
910.261 0.000
910.553 0.000
910.844 0.000
911.135 0.000
911.426 0.000
911.718 0.000
912.009 0.000
912.300 0.000
912.599 0.000
912.898 0.000
913.196 0.000
913.495 0.000
913.794 0.000
914.093 0.000
914.391 0.000
914.690 0.000
914.989 0.000
915.288 0.000
915.586 0.000
915.885 0.000
916.184 0.000
916.483 0.000
916.782 0.000
917.080 0.000
917.379 0.000
917.678 0.000
917.977 0.000
918.275 0.000
918.574 0.000
918.873 0.000
919.172 0.000
919.471 0.000
919.769 0.000
920.068 0.000
920.367 0.000
920.666 0.000
920.964 0.000
921.263 0.000
921.562 0.000
921.861 0.000
922.159 0.000
922.458 0.000
922.757 0.000
923.056 0.000
923.355 0.000
923.653 0.000
923.952 0.000
924.251 0.000
924.550 0.000
924.848 0.000
925.147 0.000
925.446 0.000
925.745 0.000
926.043 0.000
926.342 0.000
926.641 0.000
926.940 0.000
927.239 0.000
927.537 0.000
927.836 0.000
928.135 0.000
928.434 0.000
928.732 0.000
929.031 0.000
929.330 0.000
929.629 0.000
929.927 0.000
930.226 0.000
930.525 0.000
930.824 0.000
931.123 0.000
931.421 0.000
931.720 0.000
932.019 0.000
932.318 0.000
932.616 0.000
932.915 0.000
933.214 0.000
933.513 0.000
933.812 0.000
934.110 0.000
934.409 0.000
934.708 0.000
935.007 0.000
935.305 0.000
935.604 0.000
935.903 0.000
936.202 0.000
936.500 0.000
936.799 0.000
937.098 0.000
937.397 0.000
937.696 0.000
937.994 0.000
938.293 0.000
938.592 0.000
938.891 0.000
939.189 0.000
939.488 0.000
939.787 0.000
940.086 0.000
940.384 0.000
940.683 0.000
940.982 0.000
941.281 0.000
941.580 0.000
941.878 0.000
942.177 0.000
942.476 0.000
942.775 0.000
943.073 0.000
943.372 0.000
943.671 0.000
943.970 0.000
944.268 0.000
944.567 0.000
944.866 0.000
945.165 0.000
945.464 0.000
945.762 0.000
946.061 0.000
946.360 0.000
946.659 0.000
946.957 0.000
947.256 0.000
947.555 0.000
947.854 0.000
948.153 0.000
948.451 0.000
948.750 0.000
949.049 0.000
949.348 0.000
949.646 0.000
949.945 0.000
950.244 0.000
950.543 0.000
950.841 0.000
951.140 0.000
951.439 0.000
951.738 0.000
952.037 0.000
952.335 0.000
952.634 0.000
952.933 0.000
953.232 0.000
953.530 0.000
953.829 0.000
954.128 0.000
954.427 0.000
954.725 0.000
955.024 0.000
955.323 0.000
955.622 0.000
955.921 0.000
956.219 0.000
956.518 0.000
956.817 0.000
957.116 0.000
957.414 0.000
957.713 0.000
958.012 0.000
958.311 0.000
958.610 0.000
958.908 0.000
959.207 0.000
959.506 0.000
959.805 0.000
960.103 0.000
960.402 0.000
960.701 0.000
961.000 0.000
961.298 0.000
961.597 0.000
961.896 0.000
962.195 0.000
962.494 0.000
962.792 0.000
963.091 0.000
963.390 0.000
963.689 0.000
963.987 0.000
964.286 0.000
964.585 0.000
964.884 0.000
965.182 0.000
965.481 0.000
965.780 0.000
966.075 0.000
966.370 0.000
966.666 0.000
966.961 0.000
967.256 0.000
967.551 0.000
967.847 0.000
968.142 0.000
968.437 0.000
968.732 0.000
969.028 0.000
969.323 0.000
969.618 0.000
969.913 0.000
970.208 0.000
970.504 0.000
970.799 0.000
971.094 0.000
971.389 0.000
971.685 0.000
971.980 0.000
972.275 0.000
972.570 0.000
972.866 0.000
973.161 0.000
973.456 0.000
973.751 0.000
974.047 0.000
974.342 0.000
974.637 0.000
974.932 0.000
975.227 0.000
975.523 0.000
975.818 0.000
976.113 0.000
976.408 0.000
976.704 0.000
976.999 0.000
977.294 0.000
977.589 0.000
977.885 0.000
978.180 0.000
978.475 0.000
978.770 0.000
979.066 0.000
979.361 0.000
979.656 0.000
979.951 0.000
980.246 0.000
980.542 0.000
980.837 0.000
981.132 0.000
981.427 0.000
981.723 0.000
982.018 0.000
982.313 0.000
982.608 0.000
982.904 0.000
983.199 0.000
983.494 0.000
983.789 0.000
984.084 0.000
984.380 0.000
984.675 0.000
984.970 0.000
985.265 0.000
985.561 0.000
985.856 0.000
986.151 0.000
986.446 0.000
986.742 0.000
987.037 0.000
987.332 0.000
987.627 0.000
987.923 0.000
988.218 0.000
988.513 0.000
988.808 0.000
989.103 0.000
989.399 0.000
989.694 0.000
989.989 0.000
990.284 0.000
990.580 0.000
990.875 0.000
991.170 0.000
991.465 0.000
991.761 0.000
992.056 0.000
992.351 0.000
992.646 0.000
992.942 0.000
993.237 0.000
993.532 0.000
993.827 0.000
994.122 0.000
994.418 0.000
994.713 0.000
995.008 0.000
995.303 0.000
995.599 0.000
995.894 0.000
996.189 0.000
996.484 0.000
996.780 0.000
997.075 0.000
997.370 0.000
997.665 0.000
997.960 0.000
998.256 0.000
998.551 0.000
998.846 0.000
999.141 0.000
999.437 0.000
999.732 0.000
1000.027 0.000
1000.322 0.000
1000.618 0.000
1000.913 0.000
1001.208 0.000
1001.503 0.000
1001.799 0.000
1002.094 0.000
1002.389 0.000
1002.684 0.000
1002.979 0.000
1003.275 0.000
1003.570 0.000
1003.865 0.000
1004.160 0.000
1004.456 0.000
1004.751 0.000
1005.046 0.000
1005.341 0.000
1005.637 0.000
1005.932 0.000
1006.227 0.000
1006.522 0.000
1006.817 0.000
1007.113 0.000
1007.408 0.000
1007.703 0.000
1007.998 0.000
1008.294 0.000
1008.589 0.000
1008.884 0.000
1009.179 0.000
1009.475 0.000
1009.770 0.000
1010.065 0.000
1010.360 0.000
1010.656 0.000
1010.951 0.000
1011.246 0.000
1011.541 0.000
1011.836 0.000
1012.132 0.000
1012.427 0.000
1012.722 0.000
1013.017 0.000
1013.313 0.000
1013.608 0.000
1013.903 0.000
1014.198 0.000
1014.494 0.000
1014.789 0.000
1015.084 0.000
1015.379 0.000
1015.674 0.000
1015.970 0.000
1016.265 0.000
1016.560 0.000
1016.855 0.000
1017.151 0.000
1017.446 0.000
1017.741 0.000
1018.036 0.000
1018.332 0.000
1018.627 0.000
1018.922 0.000
1019.217 0.000
1019.513 0.000
1019.808 0.000
1020.103 0.000
1020.398 0.000
1020.693 0.000
1020.989 0.000
1021.284 0.000
1021.579 0.000
1021.874 0.000
1022.170 0.000
1022.465 0.000
1022.760 0.000
1023.055 0.000
1023.351 0.000
1023.646 0.000
1023.941 0.000
1024.236 0.000
1024.532 0.000
1024.827 0.000
1025.122 0.000
1025.417 0.000
1025.712 0.000
1026.008 0.000
1026.303 0.000
1026.598 0.000
1026.893 0.000
1027.189 0.000
1027.484 0.000
1027.779 0.000
1028.074 0.000
1028.370 0.000
1028.665 0.000
1028.960 0.000
1029.255 0.000
1029.550 0.000
1029.846 0.000
1030.141 0.000
1030.436 0.000
1030.731 0.000
1031.027 0.000
1031.322 0.000
1031.617 0.000
1031.912 0.000
1032.208 0.000
1032.503 0.000
1032.798 0.000
1033.093 0.000
1033.389 0.000
1033.684 0.000
1033.979 0.000
1034.274 0.000
1034.569 0.000
1034.865 0.000
1035.160 0.000
1035.455 0.000
1035.750 0.000
1036.046 0.000
1036.341 0.000
1036.636 0.000
1036.931 0.000
1037.227 0.000
1037.522 0.000
1037.817 0.000
1038.112 0.000
1038.407 0.000
1038.703 0.000
1038.998 0.000
1039.293 0.000
1039.588 0.000
1039.884 0.000
1040.179 0.000
1040.474 0.000
1040.769 0.000
1041.065 0.000
1041.360 0.000
1041.655 0.000
1041.950 0.000
1042.246 0.000
1042.541 0.000
1042.836 0.000
1043.131 0.000
1043.426 0.000
1043.722 0.000
1044.017 0.000
1044.312 0.000
1044.607 0.000
1044.903 0.000
1045.198 0.000
1045.493 0.000
1045.788 0.000
1046.084 0.000
1046.379 0.000
1046.674 0.000
1046.969 0.000
1047.264 0.000
1047.560 0.000
1047.855 0.000
1048.150 0.000
1048.445 0.000
1048.741 0.000
1049.036 0.000
1049.331 0.000
1049.626 0.000
1049.922 0.000
1050.217 0.000
1050.512 0.000
1050.807 0.000
1051.103 0.000
1051.398 0.000
1051.693 0.000
1051.988 0.000
1052.283 0.000
1052.579 0.000
1052.874 0.000
1053.169 0.000
1053.464 0.000
1053.760 0.000
1054.055 0.000
1054.350 0.000
1054.645 0.000
1054.941 0.000
1055.236 0.000
1055.531 0.000
1055.826 0.000
1056.122 0.000
1056.417 0.000
1056.712 0.000
1057.007 0.000
1057.302 0.000
1057.598 0.000
1057.893 0.000
1058.188 0.000
1058.483 0.000
1058.779 0.000
1059.074 0.000
1059.369 0.000
1059.664 0.000
1059.960 0.000
1060.255 0.000
1060.550 0.000
1060.845 0.000
1061.140 0.000
1061.436 0.000
1061.731 0.000
1062.026 0.000
1062.321 0.000
1062.617 0.000
1062.912 0.000
1063.207 0.000
1063.502 0.000
1063.798 0.000
1064.093 0.000
1064.388 0.000
1064.683 0.000
1064.978 0.000
1065.274 0.000
1065.569 0.000
1065.864 0.000
1066.159 0.000
1066.455 0.000
1066.750 0.000
1067.045 0.000
1067.340 0.000
1067.636 0.000
1067.931 0.000
1068.226 0.000
1068.521 0.000
1068.817 0.000
1069.112 0.000
1069.407 0.000
1069.702 0.000
1069.997 0.000
1070.293 0.000
1070.588 0.000
1070.883 0.000
1071.178 0.000
1071.474 0.000
1071.769 0.000
1072.064 0.000
1072.359 0.000
1072.655 0.000
1072.950 0.000
1073.245 0.000
1073.540 0.000
1073.836 0.000
1074.131 0.000
1074.426 0.000
1074.721 0.000
1075.016 0.000
1075.312 0.000
1075.607 0.000
1075.902 0.000
1076.197 0.000
1076.493 0.000
1076.788 0.000
1077.083 0.000
1077.378 0.000
1077.674 0.000
1077.969 0.000
1078.264 0.000
1078.559 0.000
1078.854 0.000
1079.150 0.000
1079.445 0.000
1079.740 0.000
1080.035 0.000
1080.331 0.000
1080.626 0.000
1080.921 0.000
1081.216 0.000
1081.512 0.000
1081.807 0.000
1082.102 0.000
1082.397 0.000
1082.693 0.000
1082.988 0.000
1083.283 0.000
1083.578 0.000
1083.873 0.000
1084.169 0.000
1084.464 0.000
1084.759 0.000
1085.054 0.000
1085.350 0.000
1085.645 0.000
1085.940 0.000
1086.235 0.000
1086.531 0.000
1086.826 0.000
1087.121 0.000
1087.416 0.000
1087.711 0.000
1088.007 0.000
1088.302 0.000
1088.597 0.000
1088.892 0.000
1089.188 0.000
1089.483 0.000
1089.778 0.000
1090.073 0.000
1090.369 0.000
1090.664 0.000
1090.959 0.000
1091.254 0.000
1091.550 0.000
1091.845 0.000
1092.140 0.000
1092.452 0.000
1092.764 0.000
1093.076 0.000
1093.388 0.000
1093.700 0.000
1094.012 0.000
1094.324 0.000
1094.636 0.000
1094.948 0.000
1095.260 0.000
1095.572 0.000
1095.884 0.000
1096.196 0.000
1096.508 0.000
1096.820 0.000
1097.132 0.000
1097.444 0.000
1097.756 0.000
1098.068 0.000
1098.380 0.000
1098.692 0.000
1099.004 0.000
1099.316 0.000
1099.628 0.000
1099.940 0.000
1100.252 0.000
1100.564 0.000
1100.877 0.000
1101.189 0.000
1101.501 0.000
1101.813 0.000
1102.125 0.000
1102.437 0.000
1102.749 0.000
1103.061 0.000
1103.373 0.000
1103.685 0.000
1103.997 0.000
1104.309 0.000
1104.621 0.000
1104.933 0.000
1105.245 0.000
1105.557 0.000
1105.869 0.000
1106.181 0.000
1106.493 0.000
1106.805 0.000
1107.117 0.000
1107.429 0.000
1107.741 0.000
1108.053 0.000
1108.365 0.000
1108.677 0.000
1108.989 0.000
1109.301 0.000
1109.613 0.000
1109.925 0.000
1110.237 0.000
1110.549 0.000
1110.861 0.000
1111.173 0.000
1111.485 0.000
1111.797 0.000
1112.109 0.000
1112.421 0.000
1112.733 0.000
1113.045 0.000
1113.357 0.000
1113.669 0.000
1113.981 0.000
1114.293 0.000
1114.605 0.000
1114.917 0.000
1115.229 0.000
1115.541 0.000
1115.853 0.000
1116.165 0.000
1116.477 0.000
1116.789 0.000
1117.101 0.000
1117.413 0.000
1117.725 0.000
1118.037 0.000
1118.349 0.000
1118.662 0.000
1118.974 0.000
1119.286 0.000
1119.598 0.000
1119.910 0.000
1120.222 0.000
1120.534 0.000
1120.846 0.000
1121.158 0.000
1121.470 0.000
1121.782 0.000
1122.094 0.000
1122.406 0.000
1122.718 0.000
1123.030 0.000
1123.342 0.000
1123.654 0.000
1123.966 0.000
1124.278 0.000
1124.590 0.000
1124.902 0.000
1125.214 0.000
1125.526 0.000
1125.838 0.000
1126.150 0.000
1126.462 0.000
1126.774 0.000
1127.086 0.000
1127.398 0.000
1127.710 0.000
1128.022 0.000
1128.334 0.000
1128.646 0.000
1128.958 0.000
1129.270 0.000
1129.582 0.000
1129.894 0.000
1130.206 0.000
1130.518 0.000
1130.830 0.000
1131.142 0.000
1131.454 0.000
1131.766 0.000
1132.078 0.000
1132.390 0.000
1132.702 0.000
1133.014 0.000
1133.326 0.000
1133.638 0.000
1133.950 0.000
1134.262 0.000
1134.574 0.000
1134.886 0.000
1135.198 0.000
1135.510 0.000
1135.822 0.000
1136.134 0.000
1136.447 0.000
1136.759 0.000
1137.071 0.000
1137.383 0.000
1137.695 0.000
1138.007 0.000
1138.319 0.000
1138.631 0.000
1138.943 0.000
1139.255 0.000
1139.567 0.000
1139.879 0.000
1140.191 0.000
1140.503 0.000
1140.815 0.000
1141.127 0.000
1141.439 0.000
1141.751 0.000
1142.063 0.000
1142.375 0.000
1142.687 0.000
1142.999 0.000
1143.311 0.000
1143.623 0.000
1143.935 0.000
1144.247 0.000
1144.559 0.000
1144.871 0.000
1145.183 0.000
1145.495 0.000
1145.807 0.000
1146.119 0.000
1146.431 0.000
1146.743 0.000
1147.055 0.000
1147.367 0.000
1147.679 0.000
1147.991 0.000
1148.303 0.000
1148.615 0.000
1148.927 0.000
1149.239 0.000
1149.551 0.000
1149.863 0.000
1150.175 0.000
1150.487 0.000
1150.799 0.000
1151.111 0.000
1151.423 0.000
1151.735 0.000
1152.047 0.000
1152.359 0.000
1152.671 0.000
1152.983 0.000
1153.295 0.000
1153.607 0.000
1153.920 0.000
1154.232 0.000
1154.544 0.000
1154.856 0.000
1155.168 0.000
1155.480 0.000
1155.792 0.000
1156.104 0.000
1156.416 0.000
1156.728 0.000
1157.040 0.000
1157.352 0.000
1157.664 0.000
1157.976 0.000
1158.288 0.000
1158.600 0.000
1158.912 0.000
1159.224 0.000
1159.536 0.000
1159.848 0.000
1160.160 0.000
1160.472 0.000
1160.784 0.000
1161.096 0.000
1161.408 0.000
1161.720 0.000
1162.032 0.000
1162.344 0.000
1162.656 0.000
1162.968 0.000
1163.280 0.000
1163.592 0.000
1163.904 0.000
1164.216 0.000
1164.528 0.000
1164.840 0.000
1165.152 0.000
1165.464 0.000
1165.776 0.000
1166.088 0.000
1166.400 0.000
1166.712 0.000
1167.024 0.000
1167.336 0.000
1167.648 0.000
1167.960 0.000
1168.272 0.000
1168.584 0.000
1168.896 0.000
1169.208 0.000
1169.520 0.000
1169.832 0.000
1170.144 0.000
1170.456 0.000
1170.768 0.000
1171.080 0.000
1171.392 0.000
1171.705 0.000
1172.017 0.000
1172.329 0.000
1172.641 0.000
1172.953 0.000
1173.265 0.000
1173.577 0.000
1173.889 0.000
1174.201 0.000
1174.513 0.000
1174.825 0.000
1175.137 0.000
1175.449 0.000
1175.761 0.000
1176.073 0.000
1176.385 0.000
1176.697 0.000
1177.009 0.000
1177.321 0.000
1177.633 0.000
1177.945 0.000
1178.257 0.000
1178.569 0.000
1178.881 0.000
1179.193 0.000
1179.505 0.000
1179.817 0.000
1180.129 0.000
1180.441 0.000
1180.753 0.000
1181.065 0.000
1181.377 0.000
1181.689 0.000
1182.001 0.000
1182.313 0.000
1182.625 0.000
1182.937 0.000
1183.249 0.000
1183.561 0.000
1183.873 0.000
1184.185 0.000
1184.497 0.000
1184.809 0.000
1185.121 0.000
1185.433 0.000
1185.745 0.000
1186.057 0.000
1186.369 0.000
1186.681 0.000
1186.993 0.000
1187.305 0.000
1187.617 0.000
1187.929 0.000
1188.241 0.000
1188.553 0.000
1188.865 0.000
1189.178 0.000
1189.490 0.000
1189.802 0.000
1190.114 0.000
1190.426 0.000
1190.738 0.000
1191.050 0.000
1191.362 0.000
1191.674 0.000
1191.986 0.000
1192.298 0.000
1192.610 0.000
1192.922 0.000
1193.234 0.000
1193.546 0.000
1193.858 0.000
1194.170 0.000
1194.482 0.000
1194.794 0.000
1195.106 0.000
1195.418 0.000
1195.730 0.000
1196.042 0.000
1196.354 0.000
1196.666 0.000
1196.978 0.000
1197.290 0.000
1197.602 0.000
1197.914 0.000
1198.226 0.000
1198.538 0.000
1198.850 0.000
1199.162 0.000
1199.474 0.000
1199.786 0.000
1200.098 0.000
