177.811 0.000
178.065 0.000
178.318 0.000
178.572 0.000
178.826 0.000
179.079 0.000
179.333 0.000
179.587 0.000
179.840 0.000
180.094 0.000
180.347 0.000
180.601 0.000
180.855 0.000
181.108 0.000
181.362 0.000
181.616 0.000
181.869 0.000
182.123 0.000
182.377 0.000
182.630 0.000
182.884 0.000
183.137 0.000
183.391 0.000
183.645 0.000
183.898 0.000
184.152 0.000
184.406 0.000
184.659 0.000
184.913 0.000
185.167 0.000
185.420 0.000
185.674 0.000
185.928 0.000
186.181 0.000
186.435 0.000
186.688 0.000
186.942 0.000
187.196 0.000
187.449 0.000
187.703 0.000
187.957 0.000
188.210 0.000
188.464 0.000
188.718 0.000
188.971 0.000
189.225 0.000
189.479 0.000
189.732 0.000
189.986 0.000
190.239 0.000
190.493 0.000
190.747 0.000
191.000 0.000
191.254 0.000
191.508 0.000
191.761 0.000
192.015 0.000
192.269 0.000
192.522 0.000
192.776 0.000
193.030 0.000
193.283 0.000
193.537 0.000
193.790 0.000
194.044 0.000
194.298 0.000
194.551 0.000
194.805 0.000
195.059 0.000
195.312 0.000
195.566 0.000
195.820 0.000
196.073 0.000
196.327 0.000
196.581 0.000
196.834 0.000
197.088 0.000
197.341 0.000
197.595 0.000
197.849 0.000
198.102 0.000
198.356 0.000
198.610 0.000
198.863 0.000
199.117 0.000
199.371 0.000
199.624 0.000
199.878 0.000
200.132 0.000
200.385 0.000
200.639 0.000
200.892 0.000
201.146 0.000
201.400 0.000
201.653 0.000
201.907 0.000
202.161 0.000
202.414 0.000
202.668 0.000
202.922 0.000
203.175 0.000
203.429 0.000
203.683 0.000
203.936 0.000
204.190 0.000
204.443 0.000
204.697 0.000
204.951 0.000
205.204 0.000
205.458 0.000
205.712 0.000
205.965 0.000
206.219 0.000
206.473 0.000
206.726 0.000
206.980 0.000
207.233 0.000
207.487 0.000
207.741 0.000
207.994 0.000
208.248 0.000
208.502 0.000
208.755 0.000
209.009 0.000
209.263 0.000
209.516 0.000
209.770 0.000
210.024 0.000
210.277 0.000
210.531 0.000
210.784 0.000
211.038 0.000
211.292 0.000
211.545 0.000
211.799 0.000
212.053 0.000
212.306 0.000
212.560 0.000
212.814 0.000
213.067 0.000
213.321 0.000
213.575 0.000
213.828 0.000
214.082 0.000
214.335 0.000
214.589 0.000
214.843 0.000
215.096 0.000
215.350 0.000
215.604 0.000
215.857 0.000
216.111 0.000
216.365 0.000
216.618 0.000
216.872 0.000
217.126 0.000
217.379 0.000
217.633 0.000
217.886 0.000
218.140 0.000
218.394 0.000
218.647 0.000
218.901 0.000
219.155 0.000
219.408 0.000
219.662 0.000
219.916 0.000
220.169 0.000
220.423 0.000
220.677 0.000
220.930 0.000
221.184 0.000
221.437 0.000
221.691 0.000
221.945 0.000
222.198 0.000
222.452 0.000
222.706 0.000
222.959 0.000
223.213 0.000
223.467 0.000
223.720 0.000
223.974 0.000
224.228 0.000
224.481 0.000
224.735 0.000
224.988 0.000
225.242 0.000
225.496 0.000
225.749 0.000
226.003 0.000
226.257 0.000
226.510 0.000
226.764 0.000
227.018 0.000
227.271 0.000
227.525 0.000
227.779 0.000
228.032 0.000
228.286 0.000
228.539 0.000
228.793 0.000
229.047 0.000
229.300 0.000
229.554 0.000
229.808 0.000
230.061 0.000
230.315 0.000
230.569 0.000
230.822 0.000
231.076 0.000
231.330 0.000
231.583 0.000
231.837 0.000
232.090 0.000
232.344 0.000
232.598 0.000
232.851 0.000
233.105 0.000
233.359 0.000
233.612 0.000
233.866 0.000
234.120 0.000
234.373 0.000
234.627 0.000
234.880 0.000
235.134 0.000
235.388 0.000
235.641 0.000
235.895 0.000
236.149 0.000
236.402 0.000
236.656 0.000
236.910 0.000
237.163 0.000
237.417 0.000
237.671 0.000
237.924 0.000
238.178 0.000
238.431 0.000
238.685 0.000
238.939 0.000
239.192 0.000
239.446 0.000
239.700 0.000
239.953 0.000
240.207 0.000
240.461 0.000
240.714 0.000
240.968 0.000
241.222 0.000
241.475 0.000
241.729 0.000
241.982 0.000
242.236 0.000
242.490 0.000
242.743 0.000
242.997 0.000
243.251 0.000
243.504 0.000
243.758 0.000
244.012 0.000
244.265 0.000
244.519 0.000
244.773 0.000
245.026 0.000
245.280 0.000
245.533 0.000
245.787 0.000
246.041 0.000
246.294 0.000
246.548 0.000
246.802 0.000
247.055 0.000
247.309 0.000
247.563 0.000
247.816 0.000
248.070 0.000
248.324 0.000
248.577 0.000
248.831 0.000
249.084 0.000
249.338 0.000
249.592 0.000
249.845 0.000
250.099 0.000
250.353 0.000
250.606 0.000
250.860 0.000
251.114 0.000
251.367 0.000
251.621 0.000
251.875 0.000
252.128 0.000
252.382 0.000
252.635 0.000
252.889 0.000
253.143 0.000
253.396 0.000
253.650 0.000
253.904 0.000
254.159 0.000
254.413 0.000
254.667 0.000
254.922 0.000
255.176 0.000
255.431 0.000
255.685 0.000
255.939 0.000
256.194 0.000
256.448 0.000
256.702 0.000
256.957 0.000
257.211 0.000
257.465 0.000
257.720 0.000
257.974 0.000
258.228 0.000
258.483 0.000
258.737 0.000
258.992 0.000
259.246 0.000
259.500 0.000
259.755 0.000
260.009 0.000
260.263 0.000
260.518 0.000
260.772 0.000
261.026 0.000
261.281 0.000
261.535 0.000
261.789 0.000
262.044 0.000
262.298 0.000
262.553 0.000
262.807 0.000
263.061 0.000
263.316 0.000
263.570 0.000
263.824 0.000
264.079 0.000
264.333 0.000
264.587 0.000
264.842 0.000
265.096 0.000
265.351 0.000
265.605 0.000
265.859 0.000
266.114 0.000
266.368 0.000
266.622 0.000
266.877 0.000
267.131 0.000
267.385 0.000
267.640 0.000
267.894 0.000
268.148 0.000
268.403 0.000
268.657 0.000
268.912 0.000
269.166 0.000
269.420 0.000
269.675 0.000
269.929 0.000
270.183 0.000
270.438 0.000
270.692 0.000
270.946 0.000
271.201 0.000
271.455 0.000
271.709 0.000
271.964 0.000
272.218 0.000
272.473 0.000
272.727 0.000
272.981 0.000
273.236 0.000
273.490 0.000
273.744 0.000
273.999 0.000
274.253 0.000
274.507 0.000
274.762 0.000
275.016 0.000
275.271 0.000
275.525 0.000
275.779 0.000
276.034 0.000
276.288 0.000
276.542 0.000
276.797 0.000
277.051 0.000
277.305 0.000
277.560 0.000
277.814 0.000
278.068 0.000
278.323 0.000
278.577 0.000
278.832 0.000
279.086 0.000
279.340 0.000
279.595 0.000
279.849 0.000
280.103 0.000
280.358 0.000
280.612 0.000
280.866 0.000
281.121 0.000
281.375 0.000
281.629 0.000
281.884 0.000
282.138 0.000
282.393 0.000
282.647 0.000
282.901 0.000
283.156 0.000
283.410 0.000
283.664 0.000
283.919 0.000
284.173 0.000
284.427 0.000
284.682 0.000
284.936 0.000
285.191 0.000
285.445 0.000
285.699 0.000
285.954 0.000
286.208 0.000
286.462 0.000
286.717 0.000
286.971 0.000
287.225 0.000
287.480 0.000
287.734 0.000
287.988 0.000
288.243 0.000
288.497 0.000
288.752 0.000
289.006 0.000
289.260 0.000
289.515 0.000
289.769 0.000
290.023 0.000
290.278 0.000
290.532 0.000
290.786 0.000
291.041 0.000
291.295 0.000
291.549 0.000
291.804 0.000
292.058 0.000
292.313 0.000
292.567 0.000
292.821 0.000
293.076 0.000
293.330 0.000
293.584 0.000
293.839 0.000
294.093 0.000
294.347 0.000
294.602 0.000
294.856 0.000
295.111 0.000
295.365 0.000
295.619 0.000
295.874 0.000
296.128 0.000
296.382 0.000
296.637 0.000
296.891 0.000
297.145 0.000
297.400 0.000
297.654 0.000
297.908 0.000
298.163 0.000
298.417 0.000
298.672 0.000
298.926 0.000
299.180 0.000
299.435 0.000
299.689 0.000
299.943 0.000
300.198 0.000
300.452 76.000
300.706 111.000
300.961 245.000
301.215 298.000
301.469 405.000
301.724 439.000
301.978 453.000
302.233 618.000
302.487 743.000
302.741 717.000
302.996 872.000
303.250 945.000
303.504 913.000
303.759 1001.000
304.013 1212.000
304.267 1227.000
304.522 1161.000
304.776 1328.000
305.031 1418.000
305.285 1392.000
305.539 1537.000
305.794 1606.000
306.048 1708.000
306.302 1810.000
306.557 1827.000
306.811 1984.000
307.065 2072.000
307.320 2133.000
307.574 2163.000
307.828 2325.000
308.083 2520.000
308.337 2584.000
308.592 2746.000
308.846 2884.000
309.100 3012.000
309.355 3015.000
309.609 3114.000
309.863 3287.000
310.118 3355.000
310.372 3581.000
310.626 3712.000
310.881 4004.000
311.135 4131.000
311.389 4308.000
311.644 4320.000
311.898 4408.000
312.153 4505.000
312.407 4782.000
312.661 4867.000
312.916 5019.000
313.170 5244.000
313.429 5256.000
313.688 5542.000
313.947 5715.000
314.206 5818.000
314.465 5990.000
314.724 6170.000
314.983 6371.000
315.242 6614.000
315.501 6752.000
315.760 6920.000
316.019 6954.000
316.278 7270.000
316.536 7400.000
316.795 7459.000
317.054 7689.000
317.313 7902.000
317.572 8088.000
317.831 8292.000
318.090 8555.000
318.349 8963.000
318.608 9022.000
318.867 9233.000
319.126 9354.000
319.385 9475.000
319.644 9759.000
319.903 9928.000
320.162 10199.000
320.421 10372.000
320.680 10445.000
320.939 10646.000
321.198 10967.000
321.457 11132.000
321.716 11363.000
321.975 11809.000
322.234 11951.000
322.493 12014.000
322.752 12266.000
323.010 12591.000
323.269 12782.000
323.528 13078.000
323.787 13299.000
324.046 13276.000
324.305 13667.000
324.564 13896.000
324.823 14065.000
325.082 14030.000
325.341 14406.000
325.600 14664.000
325.859 14992.000
326.118 14980.000
326.377 15126.000
326.636 15217.000
326.895 15582.000
327.154 15880.000
327.413 16111.000
327.672 16199.000
327.931 16485.000
328.190 16753.000
328.449 16947.000
328.708 17010.000
328.967 17356.000
329.226 17712.000
329.485 17760.000
329.743 18084.000
330.002 18202.000
330.261 18450.000
330.520 18583.000
330.779 18681.000
331.038 18899.000
331.297 19110.000
331.556 19568.000
331.815 19813.000
332.074 19820.000
332.333 20058.000
332.592 20325.000
332.851 20492.000
333.110 20504.000
333.369 20756.000
333.628 21146.000
333.887 21322.000
334.146 21442.000
334.405 21606.000
334.664 21725.000
334.923 21980.000
335.182 22237.000
335.441 22373.000
335.700 22508.000
335.959 22900.000
336.217 23186.000
336.476 23198.000
336.735 23278.000
336.994 23745.000
337.253 23735.000
337.512 23889.000
337.771 24077.000
338.030 24223.000
338.289 24450.000
338.548 24627.000
338.807 24741.000
339.066 25019.000
339.325 25114.000
339.584 25454.000
339.843 25488.000
340.102 25453.000
340.361 25562.000
340.620 25755.000
340.879 26027.000
341.138 26232.000
341.397 26435.000
341.656 26453.000
341.915 26802.000
342.174 26817.000
342.433 26887.000
342.691 26898.000
342.950 27259.000
343.209 27358.000
343.468 27365.000
343.727 27504.000
343.986 27772.000
344.245 28081.000
344.504 28143.000
344.763 28230.000
345.022 28390.000
345.281 28287.000
345.540 28572.000
345.799 28776.000
346.058 29038.000
346.317 29177.000
346.576 29046.000
346.835 28893.000
347.094 28941.000
347.353 29275.000
347.612 29561.000
347.871 29477.000
348.130 29637.000
348.389 29873.000
348.648 30007.000
348.907 29939.000
349.166 30065.000
349.424 30271.000
349.683 30257.000
349.942 30090.000
350.201 30445.000
350.460 30687.000
350.719 30578.000
350.978 30519.000
351.237 30930.000
351.496 31014.000
351.755 31101.000
352.014 31153.000
352.273 31219.000
352.532 30953.000
352.791 31039.000
353.050 31208.000
353.309 31423.000
353.568 31452.000
353.827 31507.000
354.086 31638.000
354.345 31566.000
354.604 31716.000
354.863 31727.000
355.122 31909.000
355.381 31776.000
355.640 32127.000
355.898 32046.000
356.157 31996.000
356.416 32215.000
356.675 32265.000
356.934 32346.000
357.193 32267.000
357.452 32248.000
357.711 32480.000
357.970 32579.000
358.229 32306.000
358.488 32258.000
358.747 32278.000
359.006 32282.000
359.265 32282.000
359.524 32371.000
359.783 32374.000
360.042 32515.000
360.301 32526.000
360.560 32459.000
360.819 32796.000
361.078 32736.000
361.337 32517.000
361.596 32536.000
361.855 32638.000
362.114 32563.000
362.372 32778.000
362.631 32403.000
362.890 32391.000
363.149 32572.000
363.408 32800.000
363.667 32778.000
363.926 32725.000
364.185 32468.000
364.444 32442.000
364.703 32821.000
364.962 32634.000
365.221 32731.000
365.480 32800.000
365.739 32964.000
365.999 32878.000
366.258 32940.000
366.518 33048.000
366.777 32960.000
367.037 33061.000
367.296 33183.000
367.556 33014.000
367.815 33044.000
368.075 33239.000
368.334 33061.000
368.594 33005.000
368.853 33164.000
369.113 33173.000
369.372 33288.000
369.632 33344.000
369.891 33300.000
370.150 33342.000
370.410 33537.000
370.669 33357.000
370.929 33561.000
371.188 33448.000
371.448 33513.000
371.707 33629.000
371.967 33548.000
372.226 33603.000
372.486 33730.000
372.745 33765.000
373.005 33502.000
373.264 33449.000
373.524 33789.000
373.783 33582.000
374.043 33774.000
374.302 33780.000
374.561 33740.000
374.821 33500.000
375.080 33609.000
375.340 33712.000
375.599 33631.000
375.859 33441.000
376.118 33615.000
376.378 33398.000
376.637 33506.000
376.897 33815.000
377.156 33661.000
377.416 33467.000
377.675 33439.000
377.935 33407.000
378.194 33456.000
378.454 33542.000
378.713 33449.000
378.972 33661.000
379.232 33353.000
379.491 33167.000
379.751 33368.000
380.010 33254.000
380.270 33234.000
380.529 33213.000
380.789 33331.000
381.048 33369.000
381.308 33184.000
381.567 33254.000
381.827 33366.000
382.086 33066.000
382.346 32989.000
382.605 33004.000
382.865 33061.000
383.124 33141.000
383.383 33026.000
383.643 32980.000
383.902 32996.000
384.162 33105.000
384.421 33001.000
384.681 33209.000
384.940 33040.000
385.200 32633.000
385.459 32706.000
385.719 32852.000
385.978 32644.000
386.238 32654.000
386.497 32735.000
386.757 32582.000
387.016 32387.000
387.276 32446.000
387.535 32676.000
387.794 32623.000
388.054 32329.000
388.313 32350.000
388.573 32271.000
388.832 32206.000
389.092 32102.000
389.351 32105.000
389.611 31985.000
389.870 32361.000
390.130 32073.000
390.389 32142.000
390.649 32101.000
390.908 31878.000
391.168 31714.000
391.427 31425.000
391.686 31334.000
391.946 31422.000
392.205 31275.000
392.465 31383.000
392.724 31250.000
392.984 31389.000
393.243 31022.000
393.503 30905.000
393.762 30871.000
394.022 30964.000
394.281 30848.000
394.541 30610.000
394.800 30586.000
395.060 30922.000
395.319 30909.000
395.579 30313.000
395.838 30382.000
396.097 30287.000
396.357 30172.000
396.616 29945.000
396.876 29868.000
397.135 29968.000
397.395 29596.000
397.654 29693.000
397.914 29810.000
398.173 29856.000
398.433 29677.000
398.692 29335.000
398.952 29100.000
399.211 28899.000
399.471 29053.000
399.730 29034.000
399.990 29065.000
400.249 28844.000
400.508 28836.000
400.768 28590.000
401.027 28427.000
401.287 28413.000
401.546 28330.000
401.806 28285.000
402.065 28307.000
402.325 28073.000
402.584 28310.000
402.844 28134.000
403.103 27913.000
403.363 27819.000
403.622 27678.000
403.882 27565.000
404.141 27847.000
404.401 27980.000
404.660 27735.000
404.926 27504.000
405.193 27321.000
405.459 27387.000
405.726 27242.000
405.992 27121.000
406.259 26955.000
406.525 27019.000
406.792 27025.000
407.058 26982.000
407.325 26632.000
407.591 26542.000
407.858 26258.000
408.124 26375.000
408.391 26538.000
408.657 26338.000
408.924 26317.000
409.190 26350.000
409.457 26212.000
409.723 26076.000
409.990 25993.000
410.256 26033.000
410.523 25868.000
410.789 25598.000
411.056 25807.000
411.322 25751.000
411.589 25832.000
411.855 25345.000
412.122 25496.000
412.388 25398.000
412.655 25247.000
412.921 25298.000
413.188 25075.000
413.454 25255.000
413.721 25084.000
413.987 24834.000
414.254 24619.000
414.520 24484.000
414.787 24508.000
415.053 24637.000
415.320 24594.000
415.586 24537.000
415.853 24340.000
416.119 24065.000
416.386 24009.000
416.652 24057.000
416.919 24098.000
417.185 23887.000
417.452 23714.000
417.718 23452.000
417.985 23523.000
418.251 23501.000
418.518 23306.000
418.784 23251.000
419.051 23307.000
419.317 23041.000
419.584 23109.000
419.850 23066.000
420.117 22939.000
420.383 22793.000
420.650 22713.000
420.916 22354.000
421.183 22700.000
421.449 22701.000
421.716 22352.000
421.982 22314.000
422.249 22187.000
422.515 22152.000
422.782 22035.000
423.048 21808.000
423.315 21995.000
423.581 21642.000
423.848 21778.000
424.114 21827.000
424.381 21512.000
424.647 21617.000
424.914 21545.000
425.180 21474.000
425.447 21124.000
425.713 21050.000
425.980 21008.000
426.246 21018.000
426.513 20957.000
426.779 21008.000
427.046 20840.000
427.312 20704.000
427.579 20541.000
427.845 20595.000
428.112 20510.000
428.378 20429.000
428.645 20552.000
428.911 20447.000
429.178 20225.000
429.444 20145.000
429.711 20054.000
429.977 20133.000
430.244 20091.000
430.510 20057.000
430.777 19952.000
431.043 19799.000
431.310 19686.000
431.576 19689.000
431.843 19686.000
432.109 19506.000
432.376 19354.000
432.642 19373.000
432.909 19508.000
433.175 19185.000
433.442 19031.000
433.708 19269.000
433.975 19369.000
434.241 19370.000
434.508 19313.000
434.774 19236.000
435.041 18839.000
435.307 18675.000
435.574 18709.000
435.840 18493.000
436.110 18408.000
436.379 18628.000
436.649 18453.000
436.918 18345.000
437.188 18296.000
437.457 18187.000
437.727 18132.000
437.996 18061.000
438.266 17877.000
438.535 17962.000
438.805 18014.000
439.074 17749.000
439.344 17511.000
439.613 17538.000
439.883 17433.000
440.152 17456.000
440.422 17375.000
440.691 17280.000
440.961 17142.000
441.230 17253.000
441.500 17212.000
441.769 17157.000
442.039 17025.000
442.308 16989.000
442.578 16806.000
442.847 16681.000
443.117 16591.000
443.386 16564.000
443.656 16415.000
443.925 16115.000
444.195 16181.000
444.464 16302.000
444.734 16442.000
445.003 16030.000
445.273 16175.000
445.542 16095.000
445.812 16186.000
446.081 16032.000
446.351 15851.000
446.620 15793.000
446.890 15762.000
447.159 15569.000
447.429 15318.000
447.698 15411.000
447.968 15323.000
448.238 15488.000
448.507 15291.000
448.777 15302.000
449.046 15242.000
449.316 14922.000
449.585 14990.000
449.855 15086.000
450.124 14958.000
450.394 14761.000
450.663 14654.000
450.933 14761.000
451.202 14666.000
451.472 14668.000
451.741 14689.000
452.011 14451.000
452.280 14390.000
452.550 14277.000
452.819 14373.000
453.089 14464.000
453.358 14422.000
453.628 14348.000
453.897 14174.000
454.167 13957.000
454.436 13979.000
454.706 13934.000
454.975 13873.127
455.245 13831.169
455.514 13911.178
455.784 13885.230
456.053 13723.829
456.323 13552.343
456.592 13529.880
456.862 13657.371
457.131 13482.072
457.401 13347.610
457.670 13377.490
457.940 13413.347
458.209 13399.402
458.479 13268.924
458.748 13053.785
459.018 12933.267
459.287 13020.916
459.557 12998.008
459.826 12952.191
460.096 12974.104
460.366 12771.912
460.635 12861.416
460.905 12666.002
461.174 12458.084
461.444 12438.561
461.713 12494.505
461.983 12454.000
462.252 12261.261
462.522 12472.946
462.791 12251.755
463.061 12245.984
463.330 12283.417
463.600 12292.757
463.869 12164.149
464.139 12071.501
464.408 12103.831
464.678 11838.547
464.947 11732.593
465.217 11793.939
465.486 11774.520
465.756 11792.510
466.025 11702.128
466.295 11580.547
466.564 11421.907
466.834 11398.580
467.103 11412.183
467.373 11399.390
467.642 11385.554
467.912 11336.724
468.181 11380.855
468.451 11200.815
468.720 11296.636
468.990 11146.939
469.259 11122.449
469.529 10960.163
469.798 10860.061
470.068 10884.576
470.337 10801.839
470.607 10826.353
470.876 10690.501
471.146 10610.827
471.415 10556.122
471.685 10479.592
471.954 10472.449
472.224 10363.265
472.493 10386.735
472.763 10368.367
473.033 10340.816
473.302 10194.898
473.572 10086.735
473.841 9824.669
474.111 9798.165
474.380 9832.824
474.650 9766.565
474.919 9757.390
475.189 9575.356
475.458 9723.014
475.728 9591.650
475.997 9696.846
476.267 9548.321
476.536 9537.602
476.806 9335.025
477.075 9354.315
477.345 9318.458
477.614 9184.584
477.884 9408.308
478.153 9320.162
478.423 9081.054
478.692 9053.644
478.962 9087.045
479.231 9029.323
479.501 8957.533
479.770 8901.010
480.040 8783.838
480.309 8700.303
480.579 8632.056
480.848 8513.105
481.118 8277.946
481.387 8580.483
481.657 8588.945
481.926 8590.361
482.196 8400.602
482.465 8274.824
482.735 8311.936
483.004 8235.471
483.274 8131.263
483.543 8066.066
483.813 8103.000
484.082 8101.000
484.352 8135.864
484.621 8003.996
484.891 8004.990
485.161 8007.984
485.430 7966.102
485.700 7899.302
485.969 7730.080
486.239 7710.159
486.508 7808.765
486.778 7629.482
487.047 7650.398
487.317 7692.537
487.586 7585.075
487.856 7453.731
488.125 7510.448
488.395 7464.677
488.664 7367.164
488.934 7335.323
489.203 7325.697
489.473 7188.247
489.742 7032.869
490.012 7055.833
490.281 6987.039
490.551 6993.021
490.820 7059.880
491.090 7165.669
491.359 7053.946
491.629 6897.103
491.898 6919.081
492.168 6790.210
492.437 6666.000
492.707 6755.000
492.976 6727.728
493.246 6649.299
493.515 6738.215
493.785 6594.784
494.054 6500.000
494.324 6582.915
494.593 6436.181
494.863 6537.223
495.132 6535.750
495.402 6513.105
495.671 6322.581
495.941 6492.432
496.210 6382.828
496.480 6177.958
496.749 6377.149
497.019 6209.514
497.289 6171.053
497.558 6175.279
497.828 6062.880
498.097 6004.061
498.367 6247.967
498.636 6180.894
498.906 5883.011
499.175 5944.049
499.445 5898.167
499.714 5634.420
499.984 5799.185
500.253 5916.327
500.523 5656.122
500.792 5832.482
501.062 5716.037
501.331 5670.072
501.601 5608.384
501.870 5750.511
502.140 5738.241
502.409 5723.644
502.679 5551.689
502.948 5410.440
503.218 5402.664
503.487 5534.836
503.757 5492.308
504.026 5353.846
504.296 5326.154
504.565 5298.462
504.835 5273.846
505.104 5218.686
505.374 5194.045
505.643 5100.616
505.913 5121.274
506.182 5003.083
506.452 4906.475
506.721 5082.220
506.991 4958.848
507.260 4936.214
507.530 4994.856
507.799 4897.119
508.069 4842.593
508.338 4793.422
508.608 4659.138
508.877 4740.246
509.147 4761.026
509.416 4676.230
509.686 4532.720
509.956 4604.699
510.225 4666.327
510.495 4568.228
510.764 4480.163
511.034 4546.193
511.303 4562.310
511.573 4411.943
511.842 4342.424
512.112 4269.153
512.381 4316.901
512.651 4261.044
512.920 4163.327
513.190 4114.885
513.459 4118.644
513.729 4087.475
513.998 4000.000
514.268 3946.535
514.537 4142.152
514.807 4140.887
515.076 4039.331
515.346 3969.608
515.615 3942.326
515.885 4023.415
516.154 3908.471
516.424 3885.326
516.693 3917.556
516.963 3857.696
517.232 3856.039
517.502 3719.653
517.771 3676.923
518.041 3693.564
518.310 3578.140
518.580 3568.008
518.849 3631.931
519.119 3636.103
519.388 3639.313
519.658 3580.553
519.927 3506.667
520.197 3509.039
520.466 3507.605
520.736 3356.464
521.005 3345.679
521.275 3421.652
521.544 3472.934
521.814 3402.659
522.084 3391.263
522.353 3388.414
522.623 3297.246
522.892 3215.575
523.162 3322.887
523.431 3337.452
523.701 3171.103
523.970 3215.985
524.240 3168.411
524.509 3228.571
524.779 3175.238
525.048 3037.178
525.318 3109.628
525.587 3059.160
525.857 3032.474
526.126 3173.830
526.396 3067.878
526.665 3071.770
526.935 3067.050
527.204 2901.246
527.474 2912.668
527.743 2972.142
528.013 2772.115
528.282 2903.754
528.552 2977.842
528.821 2864.031
529.091 2853.282
529.360 2869.565
529.630 2751.451
529.899 2738.625
530.169 2826.718
530.438 2747.093
530.708 2676.043
530.977 2680.583
531.247 2645.631
531.516 2640.428
531.786 2673.152
532.055 2647.517
532.325 2559.454
532.594 2519.024
532.864 2536.133
533.133 2574.780
533.403 2560.665
533.672 2466.732
533.942 2473.529
534.212 2507.360
534.481 2444.990
534.751 2347.741
535.020 2333.333
535.290 2424.213
535.559 2324.803
535.829 2357.635
536.098 2403.353
536.368 2381.046
536.637 2316.881
536.907 2276.680
537.176 2177.866
537.446 2138.340
537.715 2178.042
537.985 2150.346
538.254 2112.871
538.524 2219.802
538.793 2292.079
539.063 2161.386
539.332 2101.090
539.602 2216.056
539.871 2169.475
540.141 2073.340
540.410 2079.286
540.680 2075.322
540.949 2137.760
541.219 2021.804
541.488 2033.697
541.758 2000.000
542.027 1939.544
542.297 1953.465
542.566 1911.881
542.836 1851.485
543.105 1885.149
543.375 1968.317
543.644 1872.277
543.914 1734.916
544.183 1714.144
544.453 1840.752
544.722 1774.481
544.992 1743.818
545.261 1650.198
545.531 1653.162
545.800 1658.103
546.070 1677.196
546.346 1750.493
546.622 1751.724
546.897 1734.252
547.173 1665.683
547.449 1500.492
547.725 1547.151
548.001 1590.775
548.276 1569.608
548.552 1567.647
548.828 1549.461
549.104 1625.857
549.380 1569.472
549.655 1569.472
549.931 1517.107
550.207 1421.875
550.483 1403.320
550.759 1439.024
551.034 1403.509
551.310 1449.318
551.586 1343.720
551.862 1411.879
552.138 1403.696
552.413 1325.875
552.689 1281.827
552.965 1333.333
553.241 1297.376
553.517 1316.505
553.793 1357.282
554.068 1325.243
554.344 1335.922
554.620 1372.454
554.896 1230.844
555.172 1220.175
555.447 1326.867
555.723 1231.814
555.999 1192.047
556.275 1170.708
556.551 1184.287
556.826 1147.430
557.102 1192.047
557.378 1179.437
557.654 1205.825
557.930 1125.243
558.205 1046.602
558.481 1196.117
558.757 1171.040
559.033 1034.985
559.309 1171.040
559.584 1203.110
559.860 1072.957
560.136 991.245
560.412 1137.160
560.688 1095.424
560.963 958.130
561.239 1082.846
561.515 998.051
561.791 1009.747
562.067 984.405
562.342 958.049
562.618 903.415
562.894 962.891
563.170 1021.484
563.446 980.469
563.721 884.653
563.997 855.327
564.273 935.421
564.549 996.082
564.825 929.481
565.100 957.884
565.376 885.294
565.652 879.412
565.928 899.902
566.204 780.177
566.479 806.483
566.755 797.642
567.031 725.664
567.307 814.159
567.583 814.961
567.858 877.953
568.134 762.795
568.410 620.690
568.686 730.049
568.962 714.004
569.237 736.686
569.513 697.927
569.789 787.759
570.065 749.012
570.341 630.435
570.617 635.375
570.892 662.710
571.168 629.703
571.444 619.802
571.720 618.812
571.996 688.119
572.271 666.997
572.547 639.247
572.823 589.286
573.099 539.683
573.375 687.500
573.650 688.492
573.926 602.781
574.202 548.163
574.478 533.267
574.754 482.622
575.029 400.596
575.305 497.018
575.581 501.988
575.857 519.881
576.133 471.173
576.408 513.917
576.684 527.833
576.960 508.946
577.239 473.161
577.517 433.400
577.796 435.388
578.075 416.501
578.354 349.553
578.632 478.649
578.911 469.712
579.190 376.365
579.469 313.492
579.747 271.825
580.026 286.706
580.305 303.571
580.584 329.039
580.862 426.165
581.141 344.896
581.420 257.426
581.699 258.416
581.977 268.051
582.256 330.366
582.535 269.763
582.814 281.621
583.092 198.421
583.371 132.280
583.650 216.963
583.929 296.844
584.207 230.542
584.486 218.719
584.765 236.220
585.043 190.757
585.322 171.091
585.601 173.870
585.880 196.464
586.158 154.073
586.437 141.315
586.716 132.353
586.995 150.833
587.273 97.847
587.552 36.168
587.831 25.391
588.110 105.366
588.388 40.936
588.667 0.000
588.946 0.000
589.225 33.981
589.503 53.346
589.782 0.000
590.061 0.000
590.340 0.000
590.618 28.019
590.897 111.004
591.176 26.037
591.455 58.767
591.733 0.000
592.012 0.000
592.291 0.000
592.570 0.000
592.848 0.000
593.127 0.000
593.406 0.000
593.684 0.000
593.963 0.000
594.242 0.000
594.521 0.000
594.799 0.000
595.078 0.000
595.357 0.000
595.636 0.000
595.914 0.000
596.193 0.000
596.472 0.000
596.751 0.000
597.029 0.000
597.308 0.000
597.587 0.000
597.866 0.000
598.144 0.000
598.423 0.000
598.702 0.000
598.981 0.000
599.259 0.000
599.538 0.000
599.817 0.000
600.096 0.000
600.374 0.000
600.653 0.000
600.932 0.000
601.210 0.000
601.489 0.000
601.768 0.000
602.047 0.000
602.325 0.000
602.604 0.000
602.883 0.000
603.162 0.000
603.440 0.000
603.719 0.000
603.998 0.000
604.277 0.000
604.555 0.000
604.834 0.000
605.113 0.000
605.392 0.000
605.670 0.000
605.949 0.000
606.228 0.000
606.507 0.000
606.785 0.000
607.064 0.000
607.343 0.000
607.622 0.000
607.900 0.000
608.179 0.000
608.458 0.000
608.736 0.000
609.015 0.000
609.294 0.000
609.573 0.000
609.851 0.000
610.130 0.000
610.409 0.000
610.688 0.000
610.966 0.000
611.245 0.000
611.524 0.000
611.803 0.000
612.081 0.000
612.360 0.000
612.639 0.000
612.918 0.000
613.196 0.000
613.475 0.000
613.754 0.000
614.033 0.000
614.311 0.000
614.590 0.000
614.869 0.000
615.148 0.000
615.426 0.000
615.705 0.000
615.984 0.000
616.263 0.000
616.541 0.000
616.820 0.000
617.099 0.000
617.377 0.000
617.656 0.000
617.935 0.000
618.214 0.000
618.492 0.000
618.771 0.000
619.050 0.000
619.329 0.000
619.607 0.000
619.886 0.000
620.165 0.000
620.444 0.000
620.722 0.000
621.001 0.000
621.280 0.000
621.559 0.000
621.837 0.000
622.116 0.000
622.395 0.000
622.674 0.000
622.952 0.000
623.231 0.000
623.510 0.000
623.789 0.000
624.067 0.000
624.346 0.000
624.625 0.000
624.904 0.000
625.182 0.000
625.461 0.000
625.740 0.000
626.018 0.000
626.297 0.000
626.576 0.000
626.855 0.000
627.133 0.000
627.412 0.000
627.691 0.000
627.970 0.000
628.248 0.000
628.527 0.000
628.806 0.000
629.085 0.000
629.363 0.000
629.642 0.000
629.921 0.000
630.200 0.000
630.478 0.000
630.757 0.000
631.036 0.000
631.315 0.000
631.593 0.000
631.872 0.000
632.151 0.000
632.430 0.000
632.708 0.000
632.987 0.000
633.266 0.000
633.544 0.000
633.823 0.000
634.102 0.000
634.381 0.000
634.659 0.000
634.938 0.000
635.217 0.000
635.496 0.000
635.774 0.000
636.053 0.000
636.332 0.000
636.611 0.000
636.889 0.000
637.168 0.000
637.447 0.000
637.726 0.000
638.004 0.000
638.283 0.000
638.562 0.000
638.841 0.000
639.119 0.000
639.398 0.000
639.677 0.000
639.956 0.000
640.234 0.000
640.513 0.000
640.792 0.000
641.070 0.000
641.349 0.000
641.628 0.000
641.907 0.000
642.185 0.000
642.464 0.000
642.743 0.000
643.022 0.000
643.300 0.000
643.579 0.000
643.858 0.000
644.137 0.000
644.415 0.000
644.694 0.000
644.973 0.000
645.252 0.000
645.530 0.000
645.809 0.000
646.088 0.000
646.367 0.000
646.645 0.000
646.924 0.000
647.203 0.000
647.482 0.000
647.760 0.000
648.039 0.000
648.318 0.000
648.596 0.000
648.875 0.000
649.154 0.000
649.433 0.000
649.711 0.000
649.990 0.000
650.269 0.000
650.548 0.000
650.826 0.000
651.105 0.000
651.384 0.000
651.663 0.000
651.941 0.000
652.220 0.000
652.499 0.000
652.778 0.000
653.056 0.000
653.335 0.000
653.614 0.000
653.893 0.000
654.171 0.000
654.450 0.000
654.729 0.000
655.008 0.000
655.286 0.000
655.565 0.000
655.844 0.000
656.123 0.000
656.401 0.000
656.680 0.000
656.959 0.000
657.237 0.000
657.516 0.000
657.795 0.000
658.074 0.000
658.352 0.000
658.631 0.000
658.910 0.000
659.189 0.000
659.467 0.000
659.746 0.000
660.025 0.000
660.304 0.000
660.582 0.000
660.861 0.000
661.140 0.000
661.419 0.000
661.697 0.000
661.976 0.000
662.255 0.000
662.534 0.000
662.812 0.000
663.091 0.000
663.370 0.000
663.649 0.000
663.927 0.000
664.206 0.000
664.485 0.000
664.764 0.000
665.042 0.000
665.321 0.000
665.600 0.000
665.878 0.000
666.157 0.000
666.436 0.000
666.715 0.000
666.993 0.000
667.272 0.000
667.551 0.000
667.830 0.000
668.108 0.000
668.387 0.000
668.666 0.000
668.945 0.000
669.223 0.000
669.502 0.000
669.781 0.000
670.060 0.000
670.338 0.000
670.617 0.000
670.896 0.000
671.175 0.000
671.453 0.000
671.732 0.000
672.011 0.000
672.290 0.000
672.568 0.000
672.847 0.000
673.126 0.000
673.404 0.000
673.683 0.000
673.962 0.000
674.241 0.000
674.519 0.000
674.798 0.000
675.077 0.000
675.356 0.000
675.634 0.000
675.913 0.000
676.192 0.000
676.471 0.000
676.749 0.000
677.028 0.000
677.307 0.000
677.586 0.000
677.864 0.000
678.143 0.000
678.422 0.000
678.701 0.000
678.979 0.000
679.258 0.000
679.537 0.000
679.816 0.000
680.094 0.000
680.373 0.000
680.652 0.000
680.930 0.000
681.209 0.000
681.488 0.000
681.767 0.000
682.045 0.000
682.324 0.000
682.603 0.000
682.882 0.000
683.160 0.000
683.439 0.000
683.718 0.000
683.997 0.000
684.275 0.000
684.554 0.000
684.833 0.000
685.112 0.000
685.390 0.000
685.669 0.000
685.948 0.000
686.227 0.000
686.505 0.000
686.784 0.000
687.063 0.000
687.342 0.000
687.620 0.000
687.899 0.000
688.178 0.000
688.457 0.000
688.735 0.000
689.014 0.000
689.293 0.000
689.571 0.000
689.850 0.000
690.129 0.000
690.408 0.000
690.686 0.000
690.965 0.000
691.244 0.000
691.523 0.000
691.801 0.000
692.080 0.000
692.359 0.000
692.638 0.000
692.916 0.000
693.195 0.000
693.474 0.000
693.753 0.000
694.031 0.000
694.310 0.000
694.589 0.000
694.868 0.000
695.146 0.000
695.425 0.000
695.704 0.000
695.983 0.000
696.261 0.000
696.540 0.000
696.825 0.000
697.110 0.000
697.395 0.000
697.680 0.000
697.965 0.000
698.250 0.000
698.535 0.000
698.819 0.000
699.104 0.000
699.389 0.000
699.674 0.000
699.959 0.000
700.244 0.000
700.529 0.000
700.814 0.000
701.099 0.000
701.384 0.000
701.669 0.000
701.954 0.000
702.239 0.000
702.524 0.000
702.809 0.000
703.094 0.000
703.378 0.000
703.663 0.000
703.948 0.000
704.233 0.000
704.518 0.000
704.803 0.000
705.088 0.000
705.373 0.000
705.658 0.000
705.943 0.000
706.228 0.000
706.513 0.000
706.798 0.000
707.083 0.000
707.368 0.000
707.653 0.000
707.937 0.000
708.222 0.000
708.507 0.000
708.792 0.000
709.077 0.000
709.362 0.000
709.647 0.000
709.932 0.000
710.217 0.000
710.502 0.000
710.787 0.000
711.072 0.000
711.357 0.000
711.642 0.000
711.927 0.000
712.211 0.000
712.496 0.000
712.781 0.000
713.066 0.000
713.351 0.000
713.636 0.000
713.921 0.000
714.206 0.000
714.491 0.000
714.776 0.000
715.061 0.000
715.346 0.000
715.631 0.000
715.916 0.000
716.201 0.000
716.486 0.000
716.770 0.000
717.055 0.000
717.340 0.000
717.625 0.000
717.910 0.000
718.195 0.000
718.480 0.000
718.765 0.000
719.050 0.000
719.335 0.000
719.620 0.000
719.905 0.000
720.190 0.000
720.475 0.000
720.760 0.000
721.045 0.000
721.329 0.000
721.614 0.000
721.899 0.000
722.184 0.000
722.469 0.000
722.754 0.000
723.039 0.000
723.324 0.000
723.609 0.000
723.894 0.000
724.179 0.000
724.464 0.000
724.749 0.000
725.034 0.000
725.319 0.000
725.603 0.000
725.888 0.000
726.173 0.000
726.458 0.000
726.743 0.000
727.028 0.000
727.313 0.000
727.598 0.000
727.883 0.000
728.168 0.000
728.453 0.000
728.738 0.000
729.023 0.000
729.308 0.000
729.593 0.000
729.878 0.000
730.162 0.000
730.447 0.000
730.732 0.000
731.017 0.000
731.302 0.000
731.587 0.000
731.872 0.000
732.157 0.000
732.442 0.000
732.727 0.000
733.012 0.000
733.297 0.000
733.582 0.000
733.867 0.000
734.152 0.000
734.437 0.000
734.721 0.000
735.006 0.000
735.291 0.000
735.576 0.000
735.861 0.000
736.146 0.000
736.431 0.000
736.716 0.000
737.001 0.000
737.286 0.000
737.571 0.000
737.856 0.000
738.141 0.000
738.426 0.000
738.711 0.000
738.995 0.000
739.280 0.000
739.565 0.000
739.850 0.000
740.135 0.000
740.420 0.000
740.705 0.000
740.990 0.000
741.275 0.000
741.560 0.000
741.845 0.000
742.130 0.000
742.415 0.000
742.700 0.000
742.985 0.000
743.270 0.000
743.554 0.000
743.839 0.000
744.124 0.000
744.409 0.000
744.694 0.000
744.979 0.000
745.264 0.000
745.549 0.000
745.834 0.000
746.119 0.000
746.404 0.000
746.689 0.000
746.974 0.000
747.259 0.000
747.544 0.000
747.829 0.000
748.113 0.000
748.398 0.000
748.683 0.000
748.968 0.000
749.253 0.000
749.538 0.000
749.823 0.000
750.108 0.000
750.393 0.000
750.678 0.000
750.963 0.000
751.248 0.000
751.533 0.000
751.818 0.000
752.103 0.000
752.387 0.000
752.672 0.000
752.957 0.000
753.242 0.000
753.527 0.000
753.812 0.000
754.097 0.000
754.382 0.000
754.667 0.000
754.952 0.000
755.237 0.000
755.522 0.000
755.807 0.000
756.092 0.000
756.377 0.000
756.662 0.000
756.946 0.000
757.231 0.000
757.516 0.000
757.801 0.000
758.086 0.000
758.371 0.000
758.656 0.000
758.941 0.000
759.226 0.000
759.511 0.000
759.796 0.000
760.081 0.000
760.366 0.000
760.651 0.000
760.936 0.000
761.221 0.000
761.505 0.000
761.790 0.000
762.075 0.000
762.360 0.000
762.645 0.000
762.930 0.000
763.215 0.000
763.500 0.000
763.791 0.000
764.082 0.000
764.373 0.000
764.664 0.000
764.955 0.000
765.247 0.000
765.538 0.000
765.829 0.000
766.120 0.000
766.411 0.000
766.702 0.000
766.993 0.000
767.284 0.000
767.575 0.000
767.866 0.000
768.157 0.000
768.449 0.000
768.740 0.000
769.031 0.000
769.322 0.000
769.613 0.000
769.904 0.000
770.195 0.000
770.486 0.000
770.777 0.000
771.068 0.000
771.359 0.000
771.651 0.000
771.942 0.000
772.233 0.000
772.524 0.000
772.815 0.000
773.106 0.000
773.397 0.000
773.688 0.000
773.979 0.000
774.270 0.000
774.561 0.000
774.853 0.000
775.144 0.000
775.435 0.000
775.726 0.000
776.017 0.000
776.308 0.000
776.599 0.000
776.890 0.000
777.181 0.000
777.472 0.000
777.763 0.000
778.055 0.000
778.346 0.000
778.637 0.000
778.928 0.000
779.219 0.000
779.510 0.000
779.801 0.000
780.092 0.000
780.383 0.000
780.674 0.000
780.965 0.000
781.257 0.000
781.548 0.000
781.839 0.000
782.130 0.000
782.421 0.000
782.712 0.000
783.003 0.000
783.294 0.000
783.585 0.000
783.876 0.000
784.167 0.000
784.459 0.000
784.750 0.000
785.041 0.000
785.332 0.000
785.623 0.000
785.914 0.000
786.205 0.000
786.496 0.000
786.787 0.000
787.078 0.000
787.369 0.000
787.661 0.000
787.952 0.000
788.243 0.000
788.534 0.000
788.825 0.000
789.116 0.000
789.407 0.000
789.698 0.000
789.989 0.000
790.280 0.000
790.571 0.000
790.863 0.000
791.154 0.000
791.445 0.000
791.736 0.000
792.027 0.000
792.318 0.000
792.609 0.000
792.900 0.000
793.191 0.000
793.482 0.000
793.773 0.000
794.065 0.000
794.356 0.000
794.647 0.000
794.938 0.000
795.229 0.000
795.520 0.000
795.811 0.000
796.102 0.000
796.393 0.000
796.684 0.000
796.975 0.000
797.267 0.000
797.558 0.000
797.849 0.000
798.140 0.000
798.431 0.000
798.722 0.000
799.013 0.000
799.304 0.000
799.595 0.000
799.886 0.000
800.177 0.000
800.469 0.000
800.760 0.000
801.051 0.000
801.342 0.000
801.633 0.000
801.924 0.000
802.215 0.000
802.506 0.000
802.797 0.000
803.088 0.000
803.379 0.000
803.671 0.000
803.962 0.000
804.253 0.000
804.544 0.000
804.835 0.000
805.126 0.000
805.417 0.000
805.708 0.000
805.999 0.000
806.290 0.000
806.581 0.000
806.873 0.000
807.164 0.000
807.455 0.000
807.746 0.000
808.037 0.000
808.328 0.000
808.619 0.000
808.910 0.000
809.201 0.000
809.492 0.000
809.783 0.000
810.075 0.000
810.366 0.000
810.657 0.000
810.948 0.000
811.239 0.000
811.530 0.000
811.821 0.000
812.112 0.000
812.404 0.000
812.695 0.000
812.986 0.000
813.277 0.000
813.569 0.000
813.860 0.000
814.151 0.000
814.442 0.000
814.734 0.000
815.025 0.000
815.316 0.000
815.607 0.000
815.899 0.000
816.190 0.000
816.481 0.000
816.772 0.000
817.064 0.000
817.355 0.000
817.646 0.000
817.937 0.000
818.229 0.000
818.520 0.000
818.811 0.000
819.102 0.000
819.394 0.000
819.685 0.000
819.976 0.000
820.267 0.000
820.559 0.000
820.850 0.000
821.141 0.000
821.432 0.000
821.723 0.000
822.015 0.000
822.306 0.000
822.597 0.000
822.888 0.000
823.180 0.000
823.471 0.000
823.762 0.000
824.053 0.000
824.345 0.000
824.636 0.000
824.927 0.000
825.218 0.000
825.510 0.000
825.801 0.000
826.092 0.000
826.383 0.000
826.675 0.000
826.966 0.000
827.257 0.000
827.548 0.000
827.840 0.000
828.131 0.000
828.422 0.000
828.713 0.000
829.005 0.000
829.296 0.000
829.587 0.000
829.878 0.000
830.170 0.000
830.461 0.000
830.752 0.000
831.043 0.000
831.335 0.000
831.626 0.000
831.917 0.000
832.208 0.000
832.499 0.000
832.791 0.000
833.082 0.000
833.373 0.000
833.664 0.000
833.956 0.000
834.247 0.000
834.538 0.000
834.829 0.000
835.121 0.000
835.412 0.000
835.703 0.000
835.994 0.000
836.286 0.000
836.577 0.000
836.868 0.000
837.159 0.000
837.451 0.000
837.742 0.000
838.033 0.000
838.324 0.000
838.616 0.000
838.907 0.000
839.198 0.000
839.489 0.000
839.781 0.000
840.072 0.000
840.363 0.000
840.654 0.000
840.946 0.000
841.237 0.000
841.528 0.000
841.819 0.000
842.110 0.000
842.402 0.000
842.693 0.000
842.984 0.000
843.275 0.000
843.567 0.000
843.858 0.000
844.149 0.000
844.440 0.000
844.732 0.000
845.023 0.000
845.314 0.000
845.605 0.000
845.897 0.000
846.188 0.000
846.479 0.000
846.770 0.000
847.062 0.000
847.353 0.000
847.644 0.000
847.935 0.000
848.227 0.000
848.518 0.000
848.809 0.000
849.100 0.000
849.392 0.000
849.683 0.000
849.974 0.000
850.265 0.000
850.557 0.000
850.848 0.000
851.139 0.000
851.430 0.000
851.721 0.000
852.013 0.000
852.304 0.000
852.595 0.000
852.886 0.000
853.178 0.000
853.469 0.000
853.760 0.000
854.051 0.000
854.343 0.000
854.634 0.000
854.925 0.000
855.216 0.000
855.508 0.000
855.799 0.000
856.090 0.000
856.381 0.000
856.673 0.000
856.964 0.000
857.255 0.000
857.546 0.000
857.838 0.000
858.129 0.000
858.420 0.000
858.711 0.000
859.003 0.000
859.294 0.000
859.585 0.000
859.876 0.000
860.168 0.000
860.459 0.000
860.750 0.000
861.041 0.000
861.333 0.000
861.624 0.000
861.915 0.000
862.206 0.000
862.497 0.000
862.789 0.000
863.080 0.000
863.371 0.000
863.662 0.000
863.954 0.000
864.245 0.000
864.536 0.000
864.827 0.000
865.119 0.000
865.410 0.000
865.701 0.000
865.992 0.000
866.284 0.000
866.575 0.000
866.866 0.000
867.157 0.000
867.449 0.000
867.740 0.000
868.031 0.000
868.322 0.000
868.614 0.000
868.905 0.000
869.196 0.000
869.487 0.000
869.779 0.000
870.070 0.000
870.361 0.000
870.652 0.000
870.944 0.000
871.235 0.000
871.526 0.000
871.817 0.000
872.109 0.000
872.400 0.000
872.691 0.000
872.982 0.000
873.273 0.000
873.565 0.000
873.856 0.000
874.147 0.000
874.438 0.000
874.730 0.000
875.021 0.000
875.312 0.000
875.603 0.000
875.895 0.000
876.186 0.000
876.477 0.000
876.768 0.000
877.060 0.000
877.351 0.000
877.642 0.000
877.933 0.000
878.225 0.000
878.516 0.000
878.807 0.000
879.098 0.000
879.390 0.000
879.681 0.000
879.972 0.000
880.263 0.000
880.555 0.000
880.846 0.000
881.137 0.000
881.428 0.000
881.720 0.000
882.011 0.000
882.302 0.000
882.593 0.000
882.884 0.000
883.176 0.000
883.467 0.000
883.758 0.000
884.049 0.000
884.341 0.000
884.632 0.000
884.923 0.000
885.214 0.000
885.506 0.000
885.797 0.000
886.088 0.000
886.379 0.000
886.671 0.000
886.962 0.000
887.253 0.000
887.544 0.000
887.836 0.000
888.127 0.000
888.418 0.000
888.709 0.000
889.001 0.000
889.292 0.000
889.583 0.000
889.874 0.000
890.166 0.000
890.457 0.000
890.748 0.000
891.039 0.000
891.331 0.000
891.622 0.000
891.913 0.000
892.204 0.000
892.495 0.000
892.787 0.000
893.078 0.000
893.369 0.000
893.660 0.000
893.952 0.000
894.243 0.000
894.534 0.000
894.825 0.000
895.117 0.000
895.408 0.000
895.699 0.000
895.990 0.000
896.282 0.000
896.573 0.000
896.864 0.000
897.155 0.000
897.447 0.000
897.738 0.000
898.029 0.000
898.320 0.000
898.612 0.000
898.903 0.000
899.194 0.000
899.485 0.000
899.777 0.000
900.068 0.000
900.359 0.000
900.650 0.000
900.942 0.000
901.233 0.000
901.524 0.000
901.815 0.000
902.106 0.000
902.398 0.000
902.689 0.000
902.980 0.000
903.271 0.000
903.563 0.000
903.854 0.000
904.145 0.000
904.436 0.000
904.728 0.000
905.019 0.000
905.310 0.000
905.601 0.000
905.893 0.000
906.184 0.000
906.475 0.000
906.766 0.000
907.058 0.000
907.349 0.000
907.640 0.000
907.931 0.000
908.223 0.000
908.514 0.000
908.805 0.000
909.096 0.000
909.388 0.000
909.679 0.000
909.970 0.000
910.261 0.000
910.553 0.000
910.844 0.000
911.135 0.000
911.426 0.000
911.718 0.000
912.009 0.000
912.300 0.000
912.599 0.000
912.898 0.000
913.196 0.000
913.495 0.000
913.794 0.000
914.093 0.000
914.391 0.000
914.690 0.000
914.989 0.000
915.288 0.000
915.586 0.000
915.885 0.000
916.184 0.000
916.483 0.000
916.782 0.000
917.080 0.000
917.379 0.000
917.678 0.000
917.977 0.000
918.275 0.000
918.574 0.000
918.873 0.000
919.172 0.000
919.471 0.000
919.769 0.000
920.068 0.000
920.367 0.000
920.666 0.000
920.964 0.000
921.263 0.000
921.562 0.000
921.861 0.000
922.159 0.000
922.458 0.000
922.757 0.000
923.056 0.000
923.355 0.000
923.653 0.000
923.952 0.000
924.251 0.000
924.550 0.000
924.848 0.000
925.147 0.000
925.446 0.000
925.745 0.000
926.043 0.000
926.342 0.000
926.641 0.000
926.940 0.000
927.239 0.000
927.537 0.000
927.836 0.000
928.135 0.000
928.434 0.000
928.732 0.000
929.031 0.000
929.330 0.000
929.629 0.000
929.927 0.000
930.226 0.000
930.525 0.000
930.824 0.000
931.123 0.000
931.421 0.000
931.720 0.000
932.019 0.000
932.318 0.000
932.616 0.000
932.915 0.000
933.214 0.000
933.513 0.000
933.812 0.000
934.110 0.000
934.409 0.000
934.708 0.000
935.007 0.000
935.305 0.000
935.604 0.000
935.903 0.000
936.202 0.000
936.500 0.000
936.799 0.000
937.098 0.000
937.397 0.000
937.696 0.000
937.994 0.000
938.293 0.000
938.592 0.000
938.891 0.000
939.189 0.000
939.488 0.000
939.787 0.000
940.086 0.000
940.384 0.000
940.683 0.000
940.982 0.000
941.281 0.000
941.580 0.000
941.878 0.000
942.177 0.000
942.476 0.000
942.775 0.000
943.073 0.000
943.372 0.000
943.671 0.000
943.970 0.000
944.268 0.000
944.567 0.000
944.866 0.000
945.165 0.000
945.464 0.000
945.762 0.000
946.061 0.000
946.360 0.000
946.659 0.000
946.957 0.000
947.256 0.000
947.555 0.000
947.854 0.000
948.153 0.000
948.451 0.000
948.750 0.000
949.049 0.000
949.348 0.000
949.646 0.000
949.945 0.000
950.244 0.000
950.543 0.000
950.841 0.000
951.140 0.000
951.439 0.000
951.738 0.000
952.037 0.000
952.335 0.000
952.634 0.000
952.933 0.000
953.232 0.000
953.530 0.000
953.829 0.000
954.128 0.000
954.427 0.000
954.725 0.000
955.024 0.000
955.323 0.000
955.622 0.000
955.921 0.000
956.219 0.000
956.518 0.000
956.817 0.000
957.116 0.000
957.414 0.000
957.713 0.000
958.012 0.000
958.311 0.000
958.610 0.000
958.908 0.000
959.207 0.000
959.506 0.000
959.805 0.000
960.103 0.000
960.402 0.000
960.701 0.000
961.000 0.000
961.298 0.000
961.597 0.000
961.896 0.000
962.195 0.000
962.494 0.000
962.792 0.000
963.091 0.000
963.390 0.000
963.689 0.000
963.987 0.000
964.286 0.000
964.585 0.000
964.884 0.000
965.182 0.000
965.481 0.000
965.780 0.000
966.075 0.000
966.370 0.000
966.666 0.000
966.961 0.000
967.256 0.000
967.551 0.000
967.847 0.000
968.142 0.000
968.437 0.000
968.732 0.000
969.028 0.000
969.323 0.000
969.618 0.000
969.913 0.000
970.208 0.000
970.504 0.000
970.799 0.000
971.094 0.000
971.389 0.000
971.685 0.000
971.980 0.000
972.275 0.000
972.570 0.000
972.866 0.000
973.161 0.000
973.456 0.000
973.751 0.000
974.047 0.000
974.342 0.000
974.637 0.000
974.932 0.000
975.227 0.000
975.523 0.000
975.818 0.000
976.113 0.000
976.408 0.000
976.704 0.000
976.999 0.000
977.294 0.000
977.589 0.000
977.885 0.000
978.180 0.000
978.475 0.000
978.770 0.000
979.066 0.000
979.361 0.000
979.656 0.000
979.951 0.000
980.246 0.000
980.542 0.000
980.837 0.000
981.132 0.000
981.427 0.000
981.723 0.000
982.018 0.000
982.313 0.000
982.608 0.000
982.904 0.000
983.199 0.000
983.494 0.000
983.789 0.000
984.084 0.000
984.380 0.000
984.675 0.000
984.970 0.000
985.265 0.000
985.561 0.000
985.856 0.000
986.151 0.000
986.446 0.000
986.742 0.000
987.037 0.000
987.332 0.000
987.627 0.000
987.923 0.000
988.218 0.000
988.513 0.000
988.808 0.000
989.103 0.000
989.399 0.000
989.694 0.000
989.989 0.000
990.284 0.000
990.580 0.000
990.875 0.000
991.170 0.000
991.465 0.000
991.761 0.000
992.056 0.000
992.351 0.000
992.646 0.000
992.942 0.000
993.237 0.000
993.532 0.000
993.827 0.000
994.122 0.000
994.418 0.000
994.713 0.000
995.008 0.000
995.303 0.000
995.599 0.000
995.894 0.000
996.189 0.000
996.484 0.000
996.780 0.000
997.075 0.000
997.370 0.000
997.665 0.000
997.960 0.000
998.256 0.000
998.551 0.000
998.846 0.000
999.141 0.000
999.437 0.000
999.732 0.000
1000.027 0.000
1000.322 0.000
1000.618 0.000
1000.913 0.000
1001.208 0.000
1001.503 0.000
1001.799 0.000
1002.094 0.000
1002.389 0.000
1002.684 0.000
1002.979 0.000
1003.275 0.000
1003.570 0.000
1003.865 0.000
1004.160 0.000
1004.456 0.000
1004.751 0.000
1005.046 0.000
1005.341 0.000
1005.637 0.000
1005.932 0.000
1006.227 0.000
1006.522 0.000
1006.817 0.000
1007.113 0.000
1007.408 0.000
1007.703 0.000
1007.998 0.000
1008.294 0.000
1008.589 0.000
1008.884 0.000
1009.179 0.000
1009.475 0.000
1009.770 0.000
1010.065 0.000
1010.360 0.000
1010.656 0.000
1010.951 0.000
1011.246 0.000
1011.541 0.000
1011.836 0.000
1012.132 0.000
1012.427 0.000
1012.722 0.000
1013.017 0.000
1013.313 0.000
1013.608 0.000
1013.903 0.000
1014.198 0.000
1014.494 0.000
1014.789 0.000
1015.084 0.000
1015.379 0.000
1015.674 0.000
1015.970 0.000
1016.265 0.000
1016.560 0.000
1016.855 0.000
1017.151 0.000
1017.446 0.000
1017.741 0.000
1018.036 0.000
1018.332 0.000
1018.627 0.000
1018.922 0.000
1019.217 0.000
1019.513 0.000
1019.808 0.000
1020.103 0.000
1020.398 0.000
1020.693 0.000
1020.989 0.000
1021.284 0.000
1021.579 0.000
1021.874 0.000
1022.170 0.000
1022.465 0.000
1022.760 0.000
1023.055 0.000
1023.351 0.000
1023.646 0.000
1023.941 0.000
1024.236 0.000
1024.532 0.000
1024.827 0.000
1025.122 0.000
1025.417 0.000
1025.712 0.000
1026.008 0.000
1026.303 0.000
1026.598 0.000
1026.893 0.000
1027.189 0.000
1027.484 0.000
1027.779 0.000
1028.074 0.000
1028.370 0.000
1028.665 0.000
1028.960 0.000
1029.255 0.000
1029.550 0.000
1029.846 0.000
1030.141 0.000
1030.436 0.000
1030.731 0.000
1031.027 0.000
1031.322 0.000
1031.617 0.000
1031.912 0.000
1032.208 0.000
1032.503 0.000
1032.798 0.000
1033.093 0.000
1033.389 0.000
1033.684 0.000
1033.979 0.000
1034.274 0.000
1034.569 0.000
1034.865 0.000
1035.160 0.000
1035.455 0.000
1035.750 0.000
1036.046 0.000
1036.341 0.000
1036.636 0.000
1036.931 0.000
1037.227 0.000
1037.522 0.000
1037.817 0.000
1038.112 0.000
1038.407 0.000
1038.703 0.000
1038.998 0.000
1039.293 0.000
1039.588 0.000
1039.884 0.000
1040.179 0.000
1040.474 0.000
1040.769 0.000
1041.065 0.000
1041.360 0.000
1041.655 0.000
1041.950 0.000
1042.246 0.000
1042.541 0.000
1042.836 0.000
1043.131 0.000
1043.426 0.000
1043.722 0.000
1044.017 0.000
1044.312 0.000
1044.607 0.000
1044.903 0.000
1045.198 0.000
1045.493 0.000
1045.788 0.000
1046.084 0.000
1046.379 0.000
1046.674 0.000
1046.969 0.000
1047.264 0.000
1047.560 0.000
1047.855 0.000
1048.150 0.000
1048.445 0.000
1048.741 0.000
1049.036 0.000
1049.331 0.000
1049.626 0.000
1049.922 0.000
1050.217 0.000
1050.512 0.000
1050.807 0.000
1051.103 0.000
1051.398 0.000
1051.693 0.000
1051.988 0.000
1052.283 0.000
1052.579 0.000
1052.874 0.000
1053.169 0.000
1053.464 0.000
1053.760 0.000
1054.055 0.000
1054.350 0.000
1054.645 0.000
1054.941 0.000
1055.236 0.000
1055.531 0.000
1055.826 0.000
1056.122 0.000
1056.417 0.000
1056.712 0.000
1057.007 0.000
1057.302 0.000
1057.598 0.000
1057.893 0.000
1058.188 0.000
1058.483 0.000
1058.779 0.000
1059.074 0.000
1059.369 0.000
1059.664 0.000
1059.960 0.000
1060.255 0.000
1060.550 0.000
1060.845 0.000
1061.140 0.000
1061.436 0.000
1061.731 0.000
1062.026 0.000
1062.321 0.000
1062.617 0.000
1062.912 0.000
1063.207 0.000
1063.502 0.000
1063.798 0.000
1064.093 0.000
1064.388 0.000
1064.683 0.000
1064.978 0.000
1065.274 0.000
1065.569 0.000
1065.864 0.000
1066.159 0.000
1066.455 0.000
1066.750 0.000
1067.045 0.000
1067.340 0.000
1067.636 0.000
1067.931 0.000
1068.226 0.000
1068.521 0.000
1068.817 0.000
1069.112 0.000
1069.407 0.000
1069.702 0.000
1069.997 0.000
1070.293 0.000
1070.588 0.000
1070.883 0.000
1071.178 0.000
1071.474 0.000
1071.769 0.000
1072.064 0.000
1072.359 0.000
1072.655 0.000
1072.950 0.000
1073.245 0.000
1073.540 0.000
1073.836 0.000
1074.131 0.000
1074.426 0.000
1074.721 0.000
1075.016 0.000
1075.312 0.000
1075.607 0.000
1075.902 0.000
1076.197 0.000
1076.493 0.000
1076.788 0.000
1077.083 0.000
1077.378 0.000
1077.674 0.000
1077.969 0.000
1078.264 0.000
1078.559 0.000
1078.854 0.000
1079.150 0.000
1079.445 0.000
1079.740 0.000
1080.035 0.000
1080.331 0.000
1080.626 0.000
1080.921 0.000
1081.216 0.000
1081.512 0.000
1081.807 0.000
1082.102 0.000
1082.397 0.000
1082.693 0.000
1082.988 0.000
1083.283 0.000
1083.578 0.000
1083.873 0.000
1084.169 0.000
1084.464 0.000
1084.759 0.000
1085.054 0.000
1085.350 0.000
1085.645 0.000
1085.940 0.000
1086.235 0.000
1086.531 0.000
1086.826 0.000
1087.121 0.000
1087.416 0.000
1087.711 0.000
1088.007 0.000
1088.302 0.000
1088.597 0.000
1088.892 0.000
1089.188 0.000
1089.483 0.000
1089.778 0.000
1090.073 0.000
1090.369 0.000
1090.664 0.000
1090.959 0.000
1091.254 0.000
1091.550 0.000
1091.845 0.000
1092.140 0.000
1092.452 0.000
1092.764 0.000
1093.076 0.000
1093.388 0.000
1093.700 0.000
1094.012 0.000
1094.324 0.000
1094.636 0.000
1094.948 0.000
1095.260 0.000
1095.572 0.000
1095.884 0.000
1096.196 0.000
1096.508 0.000
1096.820 0.000
1097.132 0.000
1097.444 0.000
1097.756 0.000
1098.068 0.000
1098.380 0.000
1098.692 0.000
1099.004 0.000
1099.316 0.000
1099.628 0.000
1099.940 0.000
1100.252 0.000
1100.564 0.000
1100.877 0.000
1101.189 0.000
1101.501 0.000
1101.813 0.000
1102.125 0.000
1102.437 0.000
1102.749 0.000
1103.061 0.000
1103.373 0.000
1103.685 0.000
1103.997 0.000
1104.309 0.000
1104.621 0.000
1104.933 0.000
1105.245 0.000
1105.557 0.000
1105.869 0.000
1106.181 0.000
1106.493 0.000
1106.805 0.000
1107.117 0.000
1107.429 0.000
1107.741 0.000
1108.053 0.000
1108.365 0.000
1108.677 0.000
1108.989 0.000
1109.301 0.000
1109.613 0.000
1109.925 0.000
1110.237 0.000
1110.549 0.000
1110.861 0.000
1111.173 0.000
1111.485 0.000
1111.797 0.000
1112.109 0.000
1112.421 0.000
1112.733 0.000
1113.045 0.000
1113.357 0.000
1113.669 0.000
1113.981 0.000
1114.293 0.000
1114.605 0.000
1114.917 0.000
1115.229 0.000
1115.541 0.000
1115.853 0.000
1116.165 0.000
1116.477 0.000
1116.789 0.000
1117.101 0.000
1117.413 0.000
1117.725 0.000
1118.037 0.000
1118.349 0.000
1118.662 0.000
1118.974 0.000
1119.286 0.000
1119.598 0.000
1119.910 0.000
1120.222 0.000
1120.534 0.000
1120.846 0.000
1121.158 0.000
1121.470 0.000
1121.782 0.000
1122.094 0.000
1122.406 0.000
1122.718 0.000
1123.030 0.000
1123.342 0.000
1123.654 0.000
1123.966 0.000
1124.278 0.000
1124.590 0.000
1124.902 0.000
1125.214 0.000
1125.526 0.000
1125.838 0.000
1126.150 0.000
1126.462 0.000
1126.774 0.000
1127.086 0.000
1127.398 0.000
1127.710 0.000
1128.022 0.000
1128.334 0.000
1128.646 0.000
1128.958 0.000
1129.270 0.000
1129.582 0.000
1129.894 0.000
1130.206 0.000
1130.518 0.000
1130.830 0.000
1131.142 0.000
1131.454 0.000
1131.766 0.000
1132.078 0.000
1132.390 0.000
1132.702 0.000
1133.014 0.000
1133.326 0.000
1133.638 0.000
1133.950 0.000
1134.262 0.000
1134.574 0.000
1134.886 0.000
1135.198 0.000
1135.510 0.000
1135.822 0.000
1136.134 0.000
1136.447 0.000
1136.759 0.000
1137.071 0.000
1137.383 0.000
1137.695 0.000
1138.007 0.000
1138.319 0.000
1138.631 0.000
1138.943 0.000
1139.255 0.000
1139.567 0.000
1139.879 0.000
1140.191 0.000
1140.503 0.000
1140.815 0.000
1141.127 0.000
1141.439 0.000
1141.751 0.000
1142.063 0.000
1142.375 0.000
1142.687 0.000
1142.999 0.000
1143.311 0.000
1143.623 0.000
1143.935 0.000
1144.247 0.000
1144.559 0.000
1144.871 0.000
1145.183 0.000
1145.495 0.000
1145.807 0.000
1146.119 0.000
1146.431 0.000
1146.743 0.000
1147.055 0.000
1147.367 0.000
1147.679 0.000
1147.991 0.000
1148.303 0.000
1148.615 0.000
1148.927 0.000
1149.239 0.000
1149.551 0.000
1149.863 0.000
1150.175 0.000
1150.487 0.000
1150.799 0.000
1151.111 0.000
1151.423 0.000
1151.735 0.000
1152.047 0.000
1152.359 0.000
1152.671 0.000
1152.983 0.000
1153.295 0.000
1153.607 0.000
1153.920 0.000
1154.232 0.000
1154.544 0.000
1154.856 0.000
1155.168 0.000
1155.480 0.000
1155.792 0.000
1156.104 0.000
1156.416 0.000
1156.728 0.000
1157.040 0.000
1157.352 0.000
1157.664 0.000
1157.976 0.000
1158.288 0.000
1158.600 0.000
1158.912 0.000
1159.224 0.000
1159.536 0.000
1159.848 0.000
1160.160 0.000
1160.472 0.000
1160.784 0.000
1161.096 0.000
1161.408 0.000
1161.720 0.000
1162.032 0.000
1162.344 0.000
1162.656 0.000
1162.968 0.000
1163.280 0.000
1163.592 0.000
1163.904 0.000
1164.216 0.000
1164.528 0.000
1164.840 0.000
1165.152 0.000
1165.464 0.000
1165.776 0.000
1166.088 0.000
1166.400 0.000
1166.712 0.000
1167.024 0.000
1167.336 0.000
1167.648 0.000
1167.960 0.000
1168.272 0.000
1168.584 0.000
1168.896 0.000
1169.208 0.000
1169.520 0.000
1169.832 0.000
1170.144 0.000
1170.456 0.000
1170.768 0.000
1171.080 0.000
1171.392 0.000
1171.705 0.000
1172.017 0.000
1172.329 0.000
1172.641 0.000
1172.953 0.000
1173.265 0.000
1173.577 0.000
1173.889 0.000
1174.201 0.000
1174.513 0.000
1174.825 0.000
1175.137 0.000
1175.449 0.000
1175.761 0.000
1176.073 0.000
1176.385 0.000
1176.697 0.000
1177.009 0.000
1177.321 0.000
1177.633 0.000
1177.945 0.000
1178.257 0.000
1178.569 0.000
1178.881 0.000
1179.193 0.000
1179.505 0.000
1179.817 0.000
1180.129 0.000
1180.441 0.000
1180.753 0.000
1181.065 0.000
1181.377 0.000
1181.689 0.000
1182.001 0.000
1182.313 0.000
1182.625 0.000
1182.937 0.000
1183.249 0.000
1183.561 0.000
1183.873 0.000
1184.185 0.000
1184.497 0.000
1184.809 0.000
1185.121 0.000
1185.433 0.000
1185.745 0.000
1186.057 0.000
1186.369 0.000
1186.681 0.000
1186.993 0.000
1187.305 0.000
1187.617 0.000
1187.929 0.000
1188.241 0.000
1188.553 0.000
1188.865 0.000
1189.178 0.000
1189.490 0.000
1189.802 0.000
1190.114 0.000
1190.426 0.000
1190.738 0.000
1191.050 0.000
1191.362 0.000
1191.674 0.000
1191.986 0.000
1192.298 0.000
1192.610 0.000
1192.922 0.000
1193.234 0.000
1193.546 0.000
1193.858 0.000
1194.170 0.000
1194.482 0.000
1194.794 0.000
1195.106 0.000
1195.418 0.000
1195.730 0.000
1196.042 0.000
1196.354 0.000
1196.666 0.000
1196.978 0.000
1197.290 0.000
1197.602 0.000
1197.914 0.000
1198.226 0.000
1198.538 0.000
1198.850 0.000
1199.162 0.000
1199.474 0.000
1199.786 0.000
1200.098 0.000
