177.811 0.000
178.065 0.000
178.318 0.000
178.572 0.000
178.826 0.000
179.079 0.000
179.333 0.000
179.587 0.000
179.840 0.000
180.094 0.000
180.347 0.000
180.601 0.000
180.855 0.000
181.108 0.000
181.362 0.000
181.616 0.000
181.869 0.000
182.123 0.000
182.377 0.000
182.630 0.000
182.884 0.000
183.137 0.000
183.391 0.000
183.645 0.000
183.898 0.000
184.152 0.000
184.406 0.000
184.659 0.000
184.913 0.000
185.167 0.000
185.420 0.000
185.674 0.000
185.928 0.000
186.181 0.000
186.435 0.000
186.688 0.000
186.942 0.000
187.196 0.000
187.449 0.000
187.703 0.000
187.957 0.000
188.210 0.000
188.464 0.000
188.718 0.000
188.971 0.000
189.225 0.000
189.479 0.000
189.732 0.000
189.986 0.000
190.239 0.000
190.493 0.000
190.747 0.000
191.000 0.000
191.254 0.000
191.508 0.000
191.761 0.000
192.015 0.000
192.269 0.000
192.522 0.000
192.776 0.000
193.030 0.000
193.283 0.000
193.537 0.000
193.790 0.000
194.044 0.000
194.298 0.000
194.551 0.000
194.805 0.000
195.059 0.000
195.312 0.000
195.566 0.000
195.820 0.000
196.073 0.000
196.327 0.000
196.581 0.000
196.834 0.000
197.088 0.000
197.341 0.000
197.595 0.000
197.849 0.000
198.102 0.000
198.356 0.000
198.610 0.000
198.863 0.000
199.117 0.000
199.371 0.000
199.624 0.000
199.878 0.000
200.132 0.000
200.385 0.000
200.639 0.000
200.892 0.000
201.146 0.000
201.400 0.000
201.653 0.000
201.907 0.000
202.161 0.000
202.414 0.000
202.668 0.000
202.922 0.000
203.175 0.000
203.429 0.000
203.683 0.000
203.936 0.000
204.190 0.000
204.443 0.000
204.697 0.000
204.951 0.000
205.204 0.000
205.458 0.000
205.712 0.000
205.965 0.000
206.219 0.000
206.473 0.000
206.726 0.000
206.980 0.000
207.233 0.000
207.487 0.000
207.741 0.000
207.994 0.000
208.248 0.000
208.502 0.000
208.755 0.000
209.009 0.000
209.263 0.000
209.516 0.000
209.770 0.000
210.024 0.000
210.277 0.000
210.531 0.000
210.784 0.000
211.038 0.000
211.292 0.000
211.545 0.000
211.799 0.000
212.053 0.000
212.306 0.000
212.560 0.000
212.814 0.000
213.067 0.000
213.321 0.000
213.575 0.000
213.828 0.000
214.082 0.000
214.335 0.000
214.589 0.000
214.843 0.000
215.096 0.000
215.350 0.000
215.604 0.000
215.857 0.000
216.111 0.000
216.365 0.000
216.618 0.000
216.872 0.000
217.126 0.000
217.379 0.000
217.633 0.000
217.886 0.000
218.140 0.000
218.394 0.000
218.647 0.000
218.901 0.000
219.155 0.000
219.408 0.000
219.662 0.000
219.916 0.000
220.169 0.000
220.423 0.000
220.677 0.000
220.930 0.000
221.184 0.000
221.437 0.000
221.691 0.000
221.945 0.000
222.198 0.000
222.452 0.000
222.706 0.000
222.959 0.000
223.213 0.000
223.467 0.000
223.720 0.000
223.974 0.000
224.228 0.000
224.481 0.000
224.735 0.000
224.988 0.000
225.242 0.000
225.496 0.000
225.749 0.000
226.003 0.000
226.257 0.000
226.510 0.000
226.764 0.000
227.018 0.000
227.271 0.000
227.525 0.000
227.779 0.000
228.032 0.000
228.286 0.000
228.539 0.000
228.793 0.000
229.047 0.000
229.300 0.000
229.554 0.000
229.808 0.000
230.061 0.000
230.315 0.000
230.569 0.000
230.822 0.000
231.076 0.000
231.330 0.000
231.583 0.000
231.837 0.000
232.090 0.000
232.344 0.000
232.598 0.000
232.851 0.000
233.105 0.000
233.359 0.000
233.612 0.000
233.866 0.000
234.120 0.000
234.373 0.000
234.627 0.000
234.880 0.000
235.134 0.000
235.388 0.000
235.641 0.000
235.895 0.000
236.149 0.000
236.402 0.000
236.656 0.000
236.910 0.000
237.163 0.000
237.417 0.000
237.671 0.000
237.924 0.000
238.178 0.000
238.431 0.000
238.685 0.000
238.939 0.000
239.192 0.000
239.446 0.000
239.700 0.000
239.953 0.000
240.207 0.000
240.461 0.000
240.714 0.000
240.968 0.000
241.222 0.000
241.475 0.000
241.729 0.000
241.982 0.000
242.236 0.000
242.490 0.000
242.743 0.000
242.997 0.000
243.251 0.000
243.504 0.000
243.758 0.000
244.012 0.000
244.265 0.000
244.519 0.000
244.773 0.000
245.026 0.000
245.280 0.000
245.533 0.000
245.787 0.000
246.041 0.000
246.294 0.000
246.548 0.000
246.802 0.000
247.055 0.000
247.309 0.000
247.563 0.000
247.816 0.000
248.070 0.000
248.324 0.000
248.577 0.000
248.831 0.000
249.084 0.000
249.338 0.000
249.592 0.000
249.845 0.000
250.099 0.000
250.353 0.000
250.606 0.000
250.860 0.000
251.114 0.000
251.367 0.000
251.621 0.000
251.875 0.000
252.128 0.000
252.382 0.000
252.635 0.000
252.889 0.000
253.143 0.000
253.396 0.000
253.650 0.000
253.904 0.000
254.159 0.000
254.413 0.000
254.667 0.000
254.922 0.000
255.176 0.000
255.431 0.000
255.685 0.000
255.939 0.000
256.194 0.000
256.448 0.000
256.702 0.000
256.957 0.000
257.211 0.000
257.465 0.000
257.720 0.000
257.974 0.000
258.228 0.000
258.483 0.000
258.737 0.000
258.992 0.000
259.246 0.000
259.500 0.000
259.755 0.000
260.009 0.000
260.263 0.000
260.518 0.000
260.772 0.000
261.026 0.000
261.281 0.000
261.535 0.000
261.789 0.000
262.044 0.000
262.298 0.000
262.553 0.000
262.807 0.000
263.061 0.000
263.316 0.000
263.570 0.000
263.824 0.000
264.079 0.000
264.333 0.000
264.587 0.000
264.842 0.000
265.096 0.000
265.351 0.000
265.605 0.000
265.859 0.000
266.114 0.000
266.368 0.000
266.622 0.000
266.877 0.000
267.131 0.000
267.385 0.000
267.640 0.000
267.894 0.000
268.148 0.000
268.403 0.000
268.657 0.000
268.912 0.000
269.166 0.000
269.420 0.000
269.675 0.000
269.929 0.000
270.183 0.000
270.438 0.000
270.692 0.000
270.946 0.000
271.201 0.000
271.455 0.000
271.709 0.000
271.964 0.000
272.218 0.000
272.473 0.000
272.727 0.000
272.981 0.000
273.236 0.000
273.490 0.000
273.744 0.000
273.999 0.000
274.253 0.000
274.507 0.000
274.762 0.000
275.016 0.000
275.271 0.000
275.525 0.000
275.779 0.000
276.034 0.000
276.288 0.000
276.542 0.000
276.797 0.000
277.051 0.000
277.305 0.000
277.560 0.000
277.814 0.000
278.068 0.000
278.323 0.000
278.577 0.000
278.832 0.000
279.086 0.000
279.340 0.000
279.595 0.000
279.849 0.000
280.103 0.000
280.358 0.000
280.612 0.000
280.866 0.000
281.121 0.000
281.375 0.000
281.629 0.000
281.884 0.000
282.138 0.000
282.393 0.000
282.647 0.000
282.901 0.000
283.156 0.000
283.410 0.000
283.664 0.000
283.919 0.000
284.173 0.000
284.427 0.000
284.682 0.000
284.936 0.000
285.191 0.000
285.445 0.000
285.699 0.000
285.954 0.000
286.208 0.000
286.462 0.000
286.717 0.000
286.971 0.000
287.225 0.000
287.480 0.000
287.734 0.000
287.988 0.000
288.243 0.000
288.497 0.000
288.752 0.000
289.006 0.000
289.260 0.000
289.515 0.000
289.769 0.000
290.023 0.000
290.278 0.000
290.532 0.000
290.786 0.000
291.041 0.000
291.295 0.000
291.549 0.000
291.804 0.000
292.058 0.000
292.313 0.000
292.567 0.000
292.821 0.000
293.076 0.000
293.330 0.000
293.584 0.000
293.839 0.000
294.093 0.000
294.347 0.000
294.602 0.000
294.856 0.000
295.111 0.000
295.365 0.000
295.619 0.000
295.874 0.000
296.128 0.000
296.382 0.000
296.637 0.000
296.891 0.000
297.145 0.000
297.400 0.000
297.654 0.000
297.908 0.000
298.163 0.000
298.417 0.000
298.672 0.000
298.926 0.000
299.180 0.000
299.435 0.000
299.689 60.000
299.943 85.000
300.198 160.000
300.452 314.000
300.706 411.000
300.961 548.000
301.215 581.000
301.469 652.000
301.724 633.000
301.978 613.000
302.233 778.000
302.487 973.000
302.741 1029.000
302.996 1134.000
303.250 1149.000
303.504 1239.000
303.759 1340.000
304.013 1446.000
304.267 1413.000
304.522 1441.000
304.776 1659.000
305.031 1728.000
305.285 1688.000
305.539 1803.000
305.794 1872.000
306.048 2068.000
306.302 2162.000
306.557 2224.000
306.811 2354.000
307.065 2432.000
307.320 2517.000
307.574 2596.000
307.828 2704.000
308.083 2876.000
308.337 2950.000
308.592 3115.000
308.846 3295.000
309.100 3410.000
309.355 3415.000
309.609 3510.000
309.863 3931.000
310.118 3900.000
310.372 3989.000
310.626 4199.000
310.881 4463.000
311.135 4568.000
311.389 4638.000
311.644 4759.000
311.898 4963.000
312.153 5077.000
312.407 5245.000
312.661 5374.000
312.916 5440.000
313.170 5672.000
313.429 5828.000
313.688 6127.000
313.947 6247.000
314.206 6386.000
314.465 6519.000
314.724 6604.000
314.983 6736.000
315.242 7050.000
315.501 7166.000
315.760 7549.000
316.019 7617.000
316.278 7789.000
316.536 8031.000
316.795 8209.000
317.054 8427.000
317.313 8626.000
317.572 8750.000
317.831 8869.000
318.090 9092.000
318.349 9515.000
318.608 9669.000
318.867 9721.000
319.126 10001.000
319.385 10146.000
319.644 10491.000
319.903 10710.000
320.162 10867.000
320.421 10951.000
320.680 11258.000
320.939 11556.000
321.198 11663.000
321.457 11742.000
321.716 12030.000
321.975 12499.000
322.234 12540.000
322.493 12650.000
322.752 13064.000
323.010 13256.000
323.269 13457.000
323.528 13634.000
323.787 13928.000
324.046 13797.000
324.305 14145.000
324.564 14532.000
324.823 14797.000
325.082 14904.000
325.341 15149.000
325.600 15392.000
325.859 15698.000
326.118 15826.000
326.377 16136.000
326.636 16026.000
326.895 16168.000
327.154 16447.000
327.413 16785.000
327.672 17065.000
327.931 17242.000
328.190 17508.000
328.449 17863.000
328.708 17964.000
328.967 18155.000
329.226 18502.000
329.485 18736.000
329.743 18985.000
330.002 19059.000
330.261 19209.000
330.520 19363.000
330.779 19437.000
331.038 19607.000
331.297 19902.000
331.556 20203.000
331.815 20573.000
332.074 20648.000
332.333 20956.000
332.592 21101.000
332.851 21387.000
333.110 21520.000
333.369 21549.000
333.628 21694.000
333.887 22124.000
334.146 22445.000
334.405 22646.000
334.664 22671.000
334.923 22705.000
335.182 22983.000
335.441 23223.000
335.700 23472.000
335.959 23655.000
336.217 24027.000
336.476 24140.000
336.735 24292.000
336.994 24270.000
337.253 24499.000
337.512 24822.000
337.771 24963.000
338.030 25219.000
338.289 25420.000
338.548 25434.000
338.807 25481.000
339.066 25681.000
339.325 25938.000
339.584 26241.000
339.843 26421.000
340.102 26498.000
340.361 26593.000
340.620 26765.000
340.879 27136.000
341.138 27385.000
341.397 27246.000
341.656 27349.000
341.915 27588.000
342.174 27728.000
342.433 27961.000
342.691 28142.000
342.950 28251.000
343.209 28381.000
343.468 28229.000
343.727 28554.000
343.986 28824.000
344.245 28913.000
344.504 28945.000
344.763 28915.000
345.022 28989.000
345.281 29184.000
345.540 29511.000
345.799 29493.000
346.058 29713.000
346.317 29841.000
346.576 29922.000
346.835 29941.000
347.094 30075.000
347.353 30343.000
347.612 30257.000
347.871 30661.000
348.130 30934.000
348.389 30968.000
348.648 30861.000
348.907 31047.000
349.166 31145.000
349.424 31099.000
349.683 31040.000
349.942 31162.000
350.201 31394.000
350.460 31529.000
350.719 31549.000
350.978 31521.000
351.237 31741.000
351.496 31888.000
351.755 32045.000
352.014 32013.000
352.273 32210.000
352.532 32294.000
352.791 32315.000
353.050 32402.000
353.309 32415.000
353.568 32507.000
353.827 32271.000
354.086 32526.000
354.345 32552.000
354.604 32656.000
354.863 32688.000
355.122 32804.000
355.381 32817.000
355.640 32792.000
355.898 32875.000
356.157 33093.000
356.416 33063.000
356.675 32987.000
356.934 32686.000
357.193 32887.000
357.452 33159.000
357.711 32930.000
357.970 33146.000
358.229 33070.000
358.488 33024.000
358.747 33067.000
359.006 32975.000
359.265 32925.000
359.524 33018.000
359.783 33165.000
360.042 33282.000
360.301 33260.000
360.560 33145.000
360.819 33078.000
361.078 33126.000
361.337 33024.000
361.596 33166.000
361.855 33198.000
362.114 33307.000
362.372 33604.000
362.631 33146.000
362.890 33105.000
363.149 32974.000
363.408 33003.000
363.667 33156.000
363.926 33308.000
364.185 33269.000
364.444 33444.000
364.703 33444.000
364.962 33377.000
365.221 33419.000
365.480 33454.000
365.739 33409.000
365.999 33590.000
366.258 33439.000
366.518 33308.000
366.777 33584.000
367.037 33719.000
367.296 33680.000
367.556 33611.000
367.815 33553.000
368.075 33747.000
368.334 33597.000
368.594 33677.000
368.853 33630.000
369.113 33675.000
369.372 33695.000
369.632 33417.000
369.891 33447.000
370.150 33945.000
370.410 34030.000
370.669 34039.000
370.929 33852.000
371.188 33664.000
371.448 33911.000
371.707 34123.000
371.967 34042.000
372.226 33991.000
372.486 34159.000
372.745 34398.000
373.005 34310.000
373.264 33990.000
373.524 34064.000
373.783 33905.000
374.043 34039.000
374.302 33973.000
374.561 33891.000
374.821 34069.000
375.080 34238.000
375.340 34225.000
375.599 34293.000
375.859 34018.000
376.118 33895.000
376.378 34056.000
376.637 34070.000
376.897 33944.000
377.156 33875.000
377.416 33973.000
377.675 33834.000
377.935 33838.000
378.194 33720.000
378.454 34054.000
378.713 34173.000
378.972 33917.000
379.232 33667.000
379.491 33726.000
379.751 33830.000
380.010 33766.000
380.270 33542.000
380.529 33261.000
380.789 33564.000
381.048 33574.000
381.308 33484.000
381.567 33564.000
381.827 33694.000
382.086 33461.000
382.346 33162.000
382.605 33226.000
382.865 33374.000
383.124 33161.000
383.383 32836.000
383.643 32697.000
383.902 32970.000
384.162 33031.000
384.421 32839.000
384.681 33146.000
384.940 33169.000
385.200 32745.000
385.459 32891.000
385.719 32683.000
385.978 32449.000
386.238 32760.000
386.497 32806.000
386.757 32640.000
387.016 32538.000
387.276 32592.000
387.535 32678.000
387.794 32748.000
388.054 32538.000
388.313 32473.000
388.573 32341.000
388.832 32181.000
389.092 32257.000
389.351 32154.000
389.611 32114.000
389.870 32646.000
390.130 32129.000
390.389 31947.000
390.649 31822.000
390.908 31831.000
391.168 31974.000
391.427 31595.000
391.686 31424.000
391.946 31605.000
392.205 31635.000
392.465 31351.000
392.724 31176.000
392.984 31265.000
393.243 31019.000
393.503 31046.000
393.762 31124.000
394.022 31114.000
394.281 30749.000
394.541 30819.000
394.800 30896.000
395.060 30673.000
395.319 30637.000
395.579 30500.000
395.838 30284.000
396.097 30308.000
396.357 30389.000
396.616 30197.000
396.876 29960.000
397.135 30184.000
397.395 30098.000
397.654 29846.000
397.914 29879.000
398.173 29834.000
398.433 29582.000
398.692 29170.000
398.952 29387.000
399.211 29354.000
399.471 29259.000
399.730 29357.000
399.990 29323.000
400.249 28970.000
400.508 28853.000
400.768 28606.000
401.027 28757.000
401.287 28852.000
401.546 28566.000
401.806 28453.000
402.065 28526.000
402.325 28618.000
402.584 28359.000
402.844 28329.000
403.103 28348.000
403.363 28411.000
403.622 28232.000
403.882 27874.000
404.141 27734.000
404.401 27709.000
404.660 27770.000
404.926 27581.000
405.193 27558.000
405.459 27662.000
405.726 27519.000
405.992 27630.000
406.259 27502.000
406.525 27348.000
406.792 27414.000
407.058 27502.000
407.325 27275.000
407.591 27103.000
407.858 27033.000
408.124 26904.000
408.391 26888.000
408.657 26948.000
408.924 26934.000
409.190 26919.000
409.457 26875.000
409.723 26745.000
409.990 26727.000
410.256 26609.000
410.523 26423.000
410.789 26511.000
411.056 26313.000
411.322 26041.000
411.589 26179.000
411.855 26149.000
412.122 26093.000
412.388 26006.000
412.655 25711.000
412.921 25643.000
413.188 25668.000
413.454 25622.000
413.721 25475.000
413.987 25388.000
414.254 25161.000
414.520 25362.000
414.787 25238.000
415.053 25030.000
415.320 25108.000
415.586 25359.000
415.853 24938.000
416.119 25037.000
416.386 24741.000
416.652 24481.000
416.919 24553.000
417.185 24516.000
417.452 24385.000
417.718 24499.000
417.985 24472.000
418.251 24320.000
418.518 24246.000
418.784 24151.000
419.051 23864.000
419.317 23768.000
419.584 23622.000
419.850 23674.000
420.117 23780.000
420.383 23426.000
420.650 23406.000
420.916 23338.000
421.183 23256.000
421.449 23545.000
421.716 23183.000
421.982 22940.000
422.249 23139.000
422.515 23013.000
422.782 22789.000
423.048 22843.000
423.315 22801.000
423.581 22450.000
423.848 22517.000
424.114 22695.000
424.381 22435.000
424.647 22280.000
424.914 22298.000
425.180 22161.000
425.447 22355.000
425.713 22034.000
425.980 21962.000
426.246 22091.000
426.513 22018.000
426.779 21837.000
427.046 21674.000
427.312 21704.000
427.579 21431.000
427.845 21462.000
428.112 21427.000
428.378 21136.000
428.645 21450.000
428.911 21250.000
429.178 21207.000
429.444 21106.000
429.711 20993.000
429.977 20995.000
430.244 20851.000
430.510 20784.000
430.777 20789.000
431.043 20908.000
431.310 20716.000
431.576 20650.000
431.843 20705.000
432.109 20570.000
432.376 20662.000
432.642 20548.000
432.909 20274.000
433.175 20380.000
433.442 20340.000
433.708 20331.000
433.975 20328.000
434.241 20202.000
434.508 20177.000
434.774 20065.000
435.041 20057.000
435.307 19982.000
435.574 19811.000
435.840 19928.000
436.110 19846.000
436.379 19567.000
436.649 19546.000
436.918 19460.000
437.188 19566.000
437.457 19386.000
437.727 19165.000
437.996 19095.000
438.266 19104.000
438.535 18774.000
438.805 18817.000
439.074 19019.000
439.344 18980.000
439.613 18738.000
439.883 18698.000
440.152 18617.000
440.422 18567.000
440.691 18385.000
440.961 18405.000
441.230 18412.000
441.500 18213.000
441.769 18001.000
442.039 17990.000
442.308 17959.000
442.578 17729.000
442.847 17833.000
443.117 17838.000
443.386 17583.000
443.656 17649.000
443.925 17699.000
444.195 17592.000
444.464 17443.000
444.734 17323.000
445.003 17434.000
445.273 17404.000
445.542 17103.000
445.812 17187.000
446.081 17195.000
446.351 17055.000
446.620 16826.000
446.890 17048.000
447.159 16830.000
447.429 16567.000
447.698 16480.000
447.968 16618.000
448.238 16609.000
448.507 16490.000
448.777 16424.000
449.046 16261.000
449.316 16181.000
449.585 15987.000
449.855 15988.000
450.124 16005.000
450.394 15987.000
450.663 15882.000
450.933 15971.000
451.202 15915.000
451.472 15986.000
451.741 15947.000
452.011 15621.000
452.280 15623.000
452.550 15759.000
452.819 15630.000
453.089 15542.000
453.358 15425.000
453.628 15403.000
453.897 15353.000
454.167 15167.000
454.436 15312.000
454.706 15219.000
454.975 15124.875
455.245 15108.891
455.514 15039.920
455.784 14887.226
456.053 14930.209
456.323 14943.170
456.592 14650.398
456.862 14717.131
457.131 14589.641
457.401 14647.410
457.670 14641.434
457.940 14481.076
458.209 14323.705
458.479 14419.323
458.748 14264.940
459.018 14271.912
459.287 14335.657
459.557 14274.900
459.826 14123.506
460.096 14002.988
460.366 13808.765
460.635 13903.290
460.905 14013.958
461.174 13811.377
461.444 13711.289
461.713 13581.419
461.983 13597.000
462.252 13714.715
462.522 13716.433
462.791 13455.366
463.061 13437.751
463.330 13356.784
463.600 13517.103
463.869 13461.229
464.139 13265.861
464.408 13432.460
464.678 13239.152
464.947 13157.417
465.217 13112.121
465.486 12968.655
465.756 12910.931
466.025 12900.709
466.295 12856.130
466.564 12703.854
466.834 12812.373
467.103 12839.594
467.373 12727.642
467.642 12605.290
467.912 12474.059
468.181 12485.743
468.451 12293.578
468.720 12459.735
468.990 12377.551
469.259 12300.000
469.529 12139.939
469.798 12163.432
470.068 12001.021
470.337 11655.771
470.607 11653.728
470.876 11644.535
471.146 11730.337
471.415 11760.204
471.685 11586.735
471.954 11592.857
472.224 11489.796
472.493 11322.449
472.763 11417.347
473.033 11427.551
473.302 11357.143
473.572 11340.816
473.841 11333.333
474.111 11175.331
474.380 10939.857
474.650 10817.533
474.919 11038.736
475.189 10770.876
475.458 10717.923
475.728 10756.619
475.997 10678.535
476.267 10650.051
476.536 10661.585
476.806 10551.269
477.075 10626.396
477.345 10453.347
477.614 10344.828
477.884 10271.530
478.153 10316.109
478.423 10197.568
478.692 10126.518
478.962 10237.854
479.231 10071.790
479.501 9880.688
479.770 9931.313
480.040 9939.394
480.309 9939.455
480.579 9802.419
480.848 9663.306
481.118 9618.328
481.387 9690.141
481.657 9631.156
481.926 9546.185
482.196 9452.811
482.465 9467.402
482.735 9378.134
483.004 9102.204
483.274 9251.503
483.543 9354.354
483.813 9296.000
484.082 9150.000
484.352 9018.981
484.621 9028.971
484.891 8954.092
485.161 8883.234
485.430 8882.353
485.700 8850.449
485.969 8835.657
486.239 8750.996
486.508 8743.028
486.778 8658.367
487.047 8612.550
487.317 8806.965
487.586 8691.542
487.856 8395.025
488.125 8374.129
488.395 8315.423
488.664 8284.577
488.934 8303.483
489.203 8370.518
489.473 8201.195
489.742 8106.574
490.012 8165.503
490.281 8008.973
490.551 8011.964
490.820 7965.070
491.090 8058.882
491.359 8017.982
491.629 7845.155
491.898 7986.014
492.168 7866.134
492.437 7728.000
492.707 7660.000
492.976 7637.638
493.246 7521.042
493.515 7528.586
493.785 7494.483
494.054 7536.145
494.324 7562.814
494.593 7407.035
494.863 7479.879
495.132 7500.504
495.402 7400.202
495.671 7171.371
495.941 7156.408
496.210 7346.465
496.480 7237.614
496.749 7205.258
497.019 7144.737
497.289 7126.518
497.558 6969.605
497.828 6984.787
498.097 7091.371
498.367 7063.008
498.636 6862.805
498.906 6797.558
499.175 6950.153
499.445 6772.912
499.714 6571.283
499.984 6540.265
500.253 6486.735
500.523 6406.122
500.792 6506.639
501.062 6690.501
501.331 6736.466
501.601 6617.587
501.870 6496.933
502.140 6429.448
502.409 6446.264
502.679 6326.510
502.948 6231.320
503.218 6193.648
503.487 6250.000
503.757 6223.590
504.026 6202.051
504.296 6080.000
504.565 6046.154
504.835 6068.718
505.104 6018.480
505.374 6027.721
505.643 5937.372
505.913 5856.115
506.182 5862.282
506.452 5791.367
506.721 5685.509
506.991 5661.523
507.260 5532.922
507.530 5628.601
507.799 5665.638
508.069 5558.642
508.338 5578.623
508.608 5429.158
508.877 5418.891
509.147 5484.103
509.416 5364.754
509.686 5275.051
509.956 5334.014
510.225 5330.612
510.495 5253.564
510.764 5164.802
511.034 5158.376
511.303 5218.845
511.573 5222.672
511.842 4894.949
512.112 4829.637
512.381 4875.252
512.651 4777.108
512.920 4766.533
513.190 4763.237
513.459 4637.089
513.729 4601.392
513.998 4633.929
514.268 4679.208
514.537 4826.259
514.807 4794.089
515.076 4664.700
515.346 4612.745
515.615 4599.218
515.885 4573.659
516.154 4581.305
516.424 4621.963
516.693 4462.658
516.963 4392.062
517.232 4376.812
517.502 4347.784
517.771 4260.577
518.041 4282.421
518.310 4303.931
518.580 4247.126
518.849 4245.698
519.119 4258.835
519.388 4134.542
519.658 4200.191
519.927 4146.667
520.197 4020.932
520.466 4059.886
520.736 4032.319
521.005 3912.631
521.275 3899.335
521.544 3970.560
521.814 3933.523
522.084 3953.466
522.353 3962.013
522.623 3848.053
522.892 3817.664
523.162 3751.187
523.431 3807.034
523.701 3726.236
523.970 3752.617
524.240 3690.771
524.509 3636.190
524.779 3571.429
525.048 3562.440
525.318 3637.750
525.587 3647.901
525.857 3604.585
526.126 3589.303
526.396 3510.516
526.665 3479.426
526.935 3428.161
527.204 3442.953
527.474 3483.685
527.743 3505.283
528.013 3322.115
528.282 3170.356
528.552 3206.166
528.821 3258.438
529.091 3250.000
529.360 3186.473
529.630 3214.700
529.899 3272.991
530.169 3340.755
530.438 3239.341
530.708 3218.235
530.977 3129.126
531.247 3063.107
531.516 3169.096
531.786 3078.794
532.055 3006.816
532.325 2988.304
532.594 3038.049
532.864 3041.992
533.133 2999.022
533.403 2946.184
533.672 2965.753
533.942 3013.725
534.212 2996.075
534.481 2896.857
534.751 2836.935
535.020 2852.507
535.290 2799.213
535.559 2772.638
535.829 2774.384
536.098 2724.852
536.368 2637.710
536.637 2562.685
536.907 2641.304
537.176 2664.032
537.446 2619.565
537.715 2607.319
537.985 2430.267
538.254 2446.535
538.524 2479.208
538.793 2504.950
539.063 2631.683
539.332 2599.604
539.602 2574.827
539.871 2506.442
540.141 2422.200
540.410 2415.263
540.680 2403.370
540.949 2365.709
541.219 2319.128
541.488 2363.726
541.758 2342.914
542.027 2270.565
542.297 2235.644
542.566 2135.644
542.836 2156.436
543.105 2194.059
543.375 2314.851
543.644 2312.871
543.914 2114.738
544.183 2004.946
544.453 2153.314
544.722 2056.380
544.992 2031.652
545.261 2062.253
545.531 2028.656
545.800 2043.478
546.070 2017.769
546.346 2038.462
546.622 1998.030
546.897 2021.654
547.173 1934.120
547.449 1862.340
547.725 1877.210
548.001 1903.827
548.276 1915.686
548.552 1838.235
548.828 1808.031
549.104 1869.736
549.380 1891.389
549.655 1898.239
549.931 1800.587
550.207 1756.836
550.483 1705.078
550.759 1684.878
551.034 1717.349
551.310 1694.932
551.586 1616.358
551.862 1666.991
552.138 1629.377
552.413 1649.805
552.689 1655.005
552.965 1661.808
553.241 1566.569
553.517 1584.466
553.793 1563.107
554.068 1527.184
554.344 1564.078
554.620 1645.975
554.896 1593.598
555.172 1522.793
555.447 1553.831
555.723 1477.207
555.999 1411.251
556.275 1389.913
556.551 1360.815
556.826 1316.198
557.102 1395.732
557.378 1354.025
557.654 1368.932
557.930 1417.476
558.205 1322.330
558.481 1401.942
558.757 1371.234
559.033 1256.560
559.309 1417.881
559.584 1463.557
559.860 1328.794
560.136 1217.899
560.412 1274.319
560.688 1293.087
560.963 1209.348
561.239 1321.637
561.515 1346.004
561.791 1216.374
562.067 1211.501
562.342 1219.512
562.618 1130.732
562.894 1114.258
563.170 1138.672
563.446 1103.516
563.721 1046.921
563.997 1046.921
564.273 1228.963
564.549 1191.969
564.825 1137.120
565.100 1163.565
565.376 1072.549
565.652 1066.667
565.928 1015.702
566.204 928.361
566.479 976.424
566.755 1004.912
567.031 1020.649
567.307 1075.713
567.583 1033.465
567.858 1055.118
568.134 983.268
568.410 825.616
568.686 922.167
568.962 833.333
569.237 867.850
569.513 824.284
569.789 930.898
570.065 907.115
570.341 824.111
570.617 748.024
570.892 732.938
571.168 801.980
571.444 867.327
571.720 798.020
571.996 838.614
572.271 858.276
572.547 790.882
572.823 798.611
573.099 688.492
573.375 730.159
573.650 800.595
573.926 712.016
574.202 703.078
574.478 686.197
574.754 751.738
575.029 717.694
575.305 715.706
575.581 630.219
575.857 536.779
576.133 609.344
576.408 628.231
576.684 622.266
576.960 634.195
577.239 643.141
577.517 530.815
577.796 594.433
578.075 608.350
578.354 501.490
578.632 584.906
578.911 580.933
579.190 532.274
579.469 510.913
579.747 420.635
580.026 343.254
580.305 328.373
580.584 459.861
580.862 539.148
581.141 439.049
581.420 415.842
581.699 319.802
581.977 422.354
582.256 440.158
582.535 380.435
582.814 433.794
583.092 365.252
583.371 263.574
583.650 379.684
583.929 387.574
584.207 335.961
584.486 395.074
584.765 374.016
585.043 283.186
585.322 303.835
585.601 314.342
585.880 278.978
586.158 267.910
586.437 251.227
586.716 217.647
586.995 186.092
587.273 190.802
587.552 173.021
587.831 135.742
588.110 164.878
588.388 107.212
588.667 105.161
588.946 74.903
589.225 64.078
589.503 120.272
589.782 51.357
590.061 20.329
590.340 71.567
590.618 120.773
590.897 175.676
591.176 119.576
591.455 143.545
591.733 129.933
592.012 103.846
592.291 107.589
592.570 0.000
592.848 0.000
593.127 0.000
593.406 24.880
593.684 0.000
593.963 0.000
594.242 0.000
594.521 0.000
594.799 0.000
595.078 0.000
595.357 0.000
595.636 0.000
595.914 0.000
596.193 0.000
596.472 0.000
596.751 0.000
597.029 0.000
597.308 0.000
597.587 0.000
597.866 0.000
598.144 0.000
598.423 0.000
598.702 0.000
598.981 0.000
599.259 0.000
599.538 0.000
599.817 0.000
600.096 0.000
600.374 0.000
600.653 0.000
600.932 0.000
601.210 0.000
601.489 0.000
601.768 0.000
602.047 0.000
602.325 0.000
602.604 0.000
602.883 0.000
603.162 0.000
603.440 0.000
603.719 0.000
603.998 0.000
604.277 0.000
604.555 0.000
604.834 0.000
605.113 0.000
605.392 0.000
605.670 0.000
605.949 0.000
606.228 0.000
606.507 0.000
606.785 0.000
607.064 0.000
607.343 0.000
607.622 0.000
607.900 0.000
608.179 0.000
608.458 0.000
608.736 0.000
609.015 0.000
609.294 0.000
609.573 0.000
609.851 0.000
610.130 0.000
610.409 0.000
610.688 0.000
610.966 0.000
611.245 0.000
611.524 0.000
611.803 0.000
612.081 0.000
612.360 0.000
612.639 0.000
612.918 0.000
613.196 0.000
613.475 0.000
613.754 0.000
614.033 0.000
614.311 0.000
614.590 0.000
614.869 0.000
615.148 0.000
615.426 0.000
615.705 0.000
615.984 0.000
616.263 0.000
616.541 0.000
616.820 0.000
617.099 0.000
617.377 0.000
617.656 0.000
617.935 0.000
618.214 0.000
618.492 0.000
618.771 0.000
619.050 0.000
619.329 0.000
619.607 0.000
619.886 0.000
620.165 0.000
620.444 0.000
620.722 0.000
621.001 0.000
621.280 0.000
621.559 0.000
621.837 0.000
622.116 0.000
622.395 0.000
622.674 0.000
622.952 0.000
623.231 0.000
623.510 0.000
623.789 0.000
624.067 0.000
624.346 0.000
624.625 0.000
624.904 0.000
625.182 0.000
625.461 0.000
625.740 0.000
626.018 0.000
626.297 0.000
626.576 0.000
626.855 0.000
627.133 0.000
627.412 0.000
627.691 0.000
627.970 0.000
628.248 0.000
628.527 0.000
628.806 0.000
629.085 0.000
629.363 0.000
629.642 0.000
629.921 0.000
630.200 0.000
630.478 0.000
630.757 0.000
631.036 0.000
631.315 0.000
631.593 0.000
631.872 0.000
632.151 0.000
632.430 0.000
632.708 0.000
632.987 0.000
633.266 0.000
633.544 0.000
633.823 0.000
634.102 0.000
634.381 0.000
634.659 0.000
634.938 0.000
635.217 0.000
635.496 0.000
635.774 0.000
636.053 0.000
636.332 0.000
636.611 0.000
636.889 0.000
637.168 0.000
637.447 0.000
637.726 0.000
638.004 0.000
638.283 0.000
638.562 0.000
638.841 0.000
639.119 0.000
639.398 0.000
639.677 0.000
639.956 0.000
640.234 0.000
640.513 0.000
640.792 0.000
641.070 0.000
641.349 0.000
641.628 0.000
641.907 0.000
642.185 0.000
642.464 0.000
642.743 0.000
643.022 0.000
643.300 0.000
643.579 0.000
643.858 0.000
644.137 0.000
644.415 0.000
644.694 0.000
644.973 0.000
645.252 0.000
645.530 0.000
645.809 0.000
646.088 0.000
646.367 0.000
646.645 0.000
646.924 0.000
647.203 0.000
647.482 0.000
647.760 0.000
648.039 0.000
648.318 0.000
648.596 0.000
648.875 0.000
649.154 0.000
649.433 0.000
649.711 0.000
649.990 0.000
650.269 0.000
650.548 0.000
650.826 0.000
651.105 0.000
651.384 0.000
651.663 0.000
651.941 0.000
652.220 0.000
652.499 0.000
652.778 0.000
653.056 0.000
653.335 0.000
653.614 0.000
653.893 0.000
654.171 0.000
654.450 0.000
654.729 0.000
655.008 0.000
655.286 0.000
655.565 0.000
655.844 0.000
656.123 0.000
656.401 0.000
656.680 0.000
656.959 0.000
657.237 0.000
657.516 0.000
657.795 0.000
658.074 0.000
658.352 0.000
658.631 0.000
658.910 0.000
659.189 0.000
659.467 0.000
659.746 0.000
660.025 0.000
660.304 0.000
660.582 0.000
660.861 0.000
661.140 0.000
661.419 0.000
661.697 0.000
661.976 0.000
662.255 0.000
662.534 0.000
662.812 0.000
663.091 0.000
663.370 0.000
663.649 0.000
663.927 0.000
664.206 0.000
664.485 0.000
664.764 0.000
665.042 0.000
665.321 0.000
665.600 0.000
665.878 0.000
666.157 0.000
666.436 0.000
666.715 0.000
666.993 0.000
667.272 0.000
667.551 0.000
667.830 0.000
668.108 0.000
668.387 0.000
668.666 0.000
668.945 0.000
669.223 0.000
669.502 0.000
669.781 0.000
670.060 0.000
670.338 0.000
670.617 0.000
670.896 0.000
671.175 0.000
671.453 0.000
671.732 0.000
672.011 0.000
672.290 0.000
672.568 0.000
672.847 0.000
673.126 0.000
673.404 0.000
673.683 0.000
673.962 0.000
674.241 0.000
674.519 0.000
674.798 0.000
675.077 0.000
675.356 0.000
675.634 0.000
675.913 0.000
676.192 0.000
676.471 0.000
676.749 0.000
677.028 0.000
677.307 0.000
677.586 0.000
677.864 0.000
678.143 0.000
678.422 0.000
678.701 0.000
678.979 0.000
679.258 0.000
679.537 0.000
679.816 0.000
680.094 0.000
680.373 0.000
680.652 0.000
680.930 0.000
681.209 0.000
681.488 0.000
681.767 0.000
682.045 0.000
682.324 0.000
682.603 0.000
682.882 0.000
683.160 0.000
683.439 0.000
683.718 0.000
683.997 0.000
684.275 0.000
684.554 0.000
684.833 0.000
685.112 0.000
685.390 0.000
685.669 0.000
685.948 0.000
686.227 0.000
686.505 0.000
686.784 0.000
687.063 0.000
687.342 0.000
687.620 0.000
687.899 0.000
688.178 0.000
688.457 0.000
688.735 0.000
689.014 0.000
689.293 0.000
689.571 0.000
689.850 0.000
690.129 0.000
690.408 0.000
690.686 0.000
690.965 0.000
691.244 0.000
691.523 0.000
691.801 0.000
692.080 0.000
692.359 0.000
692.638 0.000
692.916 0.000
693.195 0.000
693.474 0.000
693.753 0.000
694.031 0.000
694.310 0.000
694.589 0.000
694.868 0.000
695.146 0.000
695.425 0.000
695.704 0.000
695.983 0.000
696.261 0.000
696.540 0.000
696.825 0.000
697.110 0.000
697.395 0.000
697.680 0.000
697.965 0.000
698.250 0.000
698.535 0.000
698.819 0.000
699.104 0.000
699.389 0.000
699.674 0.000
699.959 0.000
700.244 0.000
700.529 0.000
700.814 0.000
701.099 0.000
701.384 0.000
701.669 0.000
701.954 0.000
702.239 0.000
702.524 0.000
702.809 0.000
703.094 0.000
703.378 0.000
703.663 0.000
703.948 0.000
704.233 0.000
704.518 0.000
704.803 0.000
705.088 0.000
705.373 0.000
705.658 0.000
705.943 0.000
706.228 0.000
706.513 0.000
706.798 0.000
707.083 0.000
707.368 0.000
707.653 0.000
707.937 0.000
708.222 0.000
708.507 0.000
708.792 0.000
709.077 0.000
709.362 0.000
709.647 0.000
709.932 0.000
710.217 0.000
710.502 0.000
710.787 0.000
711.072 0.000
711.357 0.000
711.642 0.000
711.927 0.000
712.211 0.000
712.496 0.000
712.781 0.000
713.066 0.000
713.351 0.000
713.636 0.000
713.921 0.000
714.206 0.000
714.491 0.000
714.776 0.000
715.061 0.000
715.346 0.000
715.631 0.000
715.916 0.000
716.201 0.000
716.486 0.000
716.770 0.000
717.055 0.000
717.340 0.000
717.625 0.000
717.910 0.000
718.195 0.000
718.480 0.000
718.765 0.000
719.050 0.000
719.335 0.000
719.620 0.000
719.905 0.000
720.190 0.000
720.475 0.000
720.760 0.000
721.045 0.000
721.329 0.000
721.614 0.000
721.899 0.000
722.184 0.000
722.469 0.000
722.754 0.000
723.039 0.000
723.324 0.000
723.609 0.000
723.894 0.000
724.179 0.000
724.464 0.000
724.749 0.000
725.034 0.000
725.319 0.000
725.603 0.000
725.888 0.000
726.173 0.000
726.458 0.000
726.743 0.000
727.028 0.000
727.313 0.000
727.598 0.000
727.883 0.000
728.168 0.000
728.453 0.000
728.738 0.000
729.023 0.000
729.308 0.000
729.593 0.000
729.878 0.000
730.162 0.000
730.447 0.000
730.732 0.000
731.017 0.000
731.302 0.000
731.587 0.000
731.872 0.000
732.157 0.000
732.442 0.000
732.727 0.000
733.012 0.000
733.297 0.000
733.582 0.000
733.867 0.000
734.152 0.000
734.437 0.000
734.721 0.000
735.006 0.000
735.291 0.000
735.576 0.000
735.861 0.000
736.146 0.000
736.431 0.000
736.716 0.000
737.001 0.000
737.286 0.000
737.571 0.000
737.856 0.000
738.141 0.000
738.426 0.000
738.711 0.000
738.995 0.000
739.280 0.000
739.565 0.000
739.850 0.000
740.135 0.000
740.420 0.000
740.705 0.000
740.990 0.000
741.275 0.000
741.560 0.000
741.845 0.000
742.130 0.000
742.415 0.000
742.700 0.000
742.985 0.000
743.270 0.000
743.554 0.000
743.839 0.000
744.124 0.000
744.409 0.000
744.694 0.000
744.979 0.000
745.264 0.000
745.549 0.000
745.834 0.000
746.119 0.000
746.404 0.000
746.689 0.000
746.974 0.000
747.259 0.000
747.544 0.000
747.829 0.000
748.113 0.000
748.398 0.000
748.683 0.000
748.968 0.000
749.253 0.000
749.538 0.000
749.823 0.000
750.108 0.000
750.393 0.000
750.678 0.000
750.963 0.000
751.248 0.000
751.533 0.000
751.818 0.000
752.103 0.000
752.387 0.000
752.672 0.000
752.957 0.000
753.242 0.000
753.527 0.000
753.812 0.000
754.097 0.000
754.382 0.000
754.667 0.000
754.952 0.000
755.237 0.000
755.522 0.000
755.807 0.000
756.092 0.000
756.377 0.000
756.662 0.000
756.946 0.000
757.231 0.000
757.516 0.000
757.801 0.000
758.086 0.000
758.371 0.000
758.656 0.000
758.941 0.000
759.226 0.000
759.511 0.000
759.796 0.000
760.081 0.000
760.366 0.000
760.651 0.000
760.936 0.000
761.221 0.000
761.505 0.000
761.790 0.000
762.075 0.000
762.360 0.000
762.645 0.000
762.930 0.000
763.215 0.000
763.500 0.000
763.791 0.000
764.082 0.000
764.373 0.000
764.664 0.000
764.955 0.000
765.247 0.000
765.538 0.000
765.829 0.000
766.120 0.000
766.411 0.000
766.702 0.000
766.993 0.000
767.284 0.000
767.575 0.000
767.866 0.000
768.157 0.000
768.449 0.000
768.740 0.000
769.031 0.000
769.322 0.000
769.613 0.000
769.904 0.000
770.195 0.000
770.486 0.000
770.777 0.000
771.068 0.000
771.359 0.000
771.651 0.000
771.942 0.000
772.233 0.000
772.524 0.000
772.815 0.000
773.106 0.000
773.397 0.000
773.688 0.000
773.979 0.000
774.270 0.000
774.561 0.000
774.853 0.000
775.144 0.000
775.435 0.000
775.726 0.000
776.017 0.000
776.308 0.000
776.599 0.000
776.890 0.000
777.181 0.000
777.472 0.000
777.763 0.000
778.055 0.000
778.346 0.000
778.637 0.000
778.928 0.000
779.219 0.000
779.510 0.000
779.801 0.000
780.092 0.000
780.383 0.000
780.674 0.000
780.965 0.000
781.257 0.000
781.548 0.000
781.839 0.000
782.130 0.000
782.421 0.000
782.712 0.000
783.003 0.000
783.294 0.000
783.585 0.000
783.876 0.000
784.167 0.000
784.459 0.000
784.750 0.000
785.041 0.000
785.332 0.000
785.623 0.000
785.914 0.000
786.205 0.000
786.496 0.000
786.787 0.000
787.078 0.000
787.369 0.000
787.661 0.000
787.952 0.000
788.243 0.000
788.534 0.000
788.825 0.000
789.116 0.000
789.407 0.000
789.698 0.000
789.989 0.000
790.280 0.000
790.571 0.000
790.863 0.000
791.154 0.000
791.445 0.000
791.736 0.000
792.027 0.000
792.318 0.000
792.609 0.000
792.900 0.000
793.191 0.000
793.482 0.000
793.773 0.000
794.065 0.000
794.356 0.000
794.647 0.000
794.938 0.000
795.229 0.000
795.520 0.000
795.811 0.000
796.102 0.000
796.393 0.000
796.684 0.000
796.975 0.000
797.267 0.000
797.558 0.000
797.849 0.000
798.140 0.000
798.431 0.000
798.722 0.000
799.013 0.000
799.304 0.000
799.595 0.000
799.886 0.000
800.177 0.000
800.469 0.000
800.760 0.000
801.051 0.000
801.342 0.000
801.633 0.000
801.924 0.000
802.215 0.000
802.506 0.000
802.797 0.000
803.088 0.000
803.379 0.000
803.671 0.000
803.962 0.000
804.253 0.000
804.544 0.000
804.835 0.000
805.126 0.000
805.417 0.000
805.708 0.000
805.999 0.000
806.290 0.000
806.581 0.000
806.873 0.000
807.164 0.000
807.455 0.000
807.746 0.000
808.037 0.000
808.328 0.000
808.619 0.000
808.910 0.000
809.201 0.000
809.492 0.000
809.783 0.000
810.075 0.000
810.366 0.000
810.657 0.000
810.948 0.000
811.239 0.000
811.530 0.000
811.821 0.000
812.112 0.000
812.404 0.000
812.695 0.000
812.986 0.000
813.277 0.000
813.569 0.000
813.860 0.000
814.151 0.000
814.442 0.000
814.734 0.000
815.025 0.000
815.316 0.000
815.607 0.000
815.899 0.000
816.190 0.000
816.481 0.000
816.772 0.000
817.064 0.000
817.355 0.000
817.646 0.000
817.937 0.000
818.229 0.000
818.520 0.000
818.811 0.000
819.102 0.000
819.394 0.000
819.685 0.000
819.976 0.000
820.267 0.000
820.559 0.000
820.850 0.000
821.141 0.000
821.432 0.000
821.723 0.000
822.015 0.000
822.306 0.000
822.597 0.000
822.888 0.000
823.180 0.000
823.471 0.000
823.762 0.000
824.053 0.000
824.345 0.000
824.636 0.000
824.927 0.000
825.218 0.000
825.510 0.000
825.801 0.000
826.092 0.000
826.383 0.000
826.675 0.000
826.966 0.000
827.257 0.000
827.548 0.000
827.840 0.000
828.131 0.000
828.422 0.000
828.713 0.000
829.005 0.000
829.296 0.000
829.587 0.000
829.878 0.000
830.170 0.000
830.461 0.000
830.752 0.000
831.043 0.000
831.335 0.000
831.626 0.000
831.917 0.000
832.208 0.000
832.499 0.000
832.791 0.000
833.082 0.000
833.373 0.000
833.664 0.000
833.956 0.000
834.247 0.000
834.538 0.000
834.829 0.000
835.121 0.000
835.412 0.000
835.703 0.000
835.994 0.000
836.286 0.000
836.577 0.000
836.868 0.000
837.159 0.000
837.451 0.000
837.742 0.000
838.033 0.000
838.324 0.000
838.616 0.000
838.907 0.000
839.198 0.000
839.489 0.000
839.781 0.000
840.072 0.000
840.363 0.000
840.654 0.000
840.946 0.000
841.237 0.000
841.528 0.000
841.819 0.000
842.110 0.000
842.402 0.000
842.693 0.000
842.984 0.000
843.275 0.000
843.567 0.000
843.858 0.000
844.149 0.000
844.440 0.000
844.732 0.000
845.023 0.000
845.314 0.000
845.605 0.000
845.897 0.000
846.188 0.000
846.479 0.000
846.770 0.000
847.062 0.000
847.353 0.000
847.644 0.000
847.935 0.000
848.227 0.000
848.518 0.000
848.809 0.000
849.100 0.000
849.392 0.000
849.683 0.000
849.974 0.000
850.265 0.000
850.557 0.000
850.848 0.000
851.139 0.000
851.430 0.000
851.721 0.000
852.013 0.000
852.304 0.000
852.595 0.000
852.886 0.000
853.178 0.000
853.469 0.000
853.760 0.000
854.051 0.000
854.343 0.000
854.634 0.000
854.925 0.000
855.216 0.000
855.508 0.000
855.799 0.000
856.090 0.000
856.381 0.000
856.673 0.000
856.964 0.000
857.255 0.000
857.546 0.000
857.838 0.000
858.129 0.000
858.420 0.000
858.711 0.000
859.003 0.000
859.294 0.000
859.585 0.000
859.876 0.000
860.168 0.000
860.459 0.000
860.750 0.000
861.041 0.000
861.333 0.000
861.624 0.000
861.915 0.000
862.206 0.000
862.497 0.000
862.789 0.000
863.080 0.000
863.371 0.000
863.662 0.000
863.954 0.000
864.245 0.000
864.536 0.000
864.827 0.000
865.119 0.000
865.410 0.000
865.701 0.000
865.992 0.000
866.284 0.000
866.575 0.000
866.866 0.000
867.157 0.000
867.449 0.000
867.740 0.000
868.031 0.000
868.322 0.000
868.614 0.000
868.905 0.000
869.196 0.000
869.487 0.000
869.779 0.000
870.070 0.000
870.361 0.000
870.652 0.000
870.944 0.000
871.235 0.000
871.526 0.000
871.817 0.000
872.109 0.000
872.400 0.000
872.691 0.000
872.982 0.000
873.273 0.000
873.565 0.000
873.856 0.000
874.147 0.000
874.438 0.000
874.730 0.000
875.021 0.000
875.312 0.000
875.603 0.000
875.895 0.000
876.186 0.000
876.477 0.000
876.768 0.000
877.060 0.000
877.351 0.000
877.642 0.000
877.933 0.000
878.225 0.000
878.516 0.000
878.807 0.000
879.098 0.000
879.390 0.000
879.681 0.000
879.972 0.000
880.263 0.000
880.555 0.000
880.846 0.000
881.137 0.000
881.428 0.000
881.720 0.000
882.011 0.000
882.302 0.000
882.593 0.000
882.884 0.000
883.176 0.000
883.467 0.000
883.758 0.000
884.049 0.000
884.341 0.000
884.632 0.000
884.923 0.000
885.214 0.000
885.506 0.000
885.797 0.000
886.088 0.000
886.379 0.000
886.671 0.000
886.962 0.000
887.253 0.000
887.544 0.000
887.836 0.000
888.127 0.000
888.418 0.000
888.709 0.000
889.001 0.000
889.292 0.000
889.583 0.000
889.874 0.000
890.166 0.000
890.457 0.000
890.748 0.000
891.039 0.000
891.331 0.000
891.622 0.000
891.913 0.000
892.204 0.000
892.495 0.000
892.787 0.000
893.078 0.000
893.369 0.000
893.660 0.000
893.952 0.000
894.243 0.000
894.534 0.000
894.825 0.000
895.117 0.000
895.408 0.000
895.699 0.000
895.990 0.000
896.282 0.000
896.573 0.000
896.864 0.000
897.155 0.000
897.447 0.000
897.738 0.000
898.029 0.000
898.320 0.000
898.612 0.000
898.903 0.000
899.194 0.000
899.485 0.000
899.777 0.000
900.068 0.000
900.359 0.000
900.650 0.000
900.942 0.000
901.233 0.000
901.524 0.000
901.815 0.000
902.106 0.000
902.398 0.000
902.689 0.000
902.980 0.000
903.271 0.000
903.563 0.000
903.854 0.000
904.145 0.000
904.436 0.000
904.728 0.000
905.019 0.000
905.310 0.000
905.601 0.000
905.893 0.000
906.184 0.000
906.475 0.000
906.766 0.000
907.058 0.000
907.349 0.000
907.640 0.000
907.931 0.000
908.223 0.000
908.514 0.000
908.805 0.000
909.096 0.000
909.388 0.000
909.679 0.000
909.970 0.000
910.261 0.000
910.553 0.000
910.844 0.000
911.135 0.000
911.426 0.000
911.718 0.000
912.009 0.000
912.300 0.000
912.599 0.000
912.898 0.000
913.196 0.000
913.495 0.000
913.794 0.000
914.093 0.000
914.391 0.000
914.690 0.000
914.989 0.000
915.288 0.000
915.586 0.000
915.885 0.000
916.184 0.000
916.483 0.000
916.782 0.000
917.080 0.000
917.379 0.000
917.678 0.000
917.977 0.000
918.275 0.000
918.574 0.000
918.873 0.000
919.172 0.000
919.471 0.000
919.769 0.000
920.068 0.000
920.367 0.000
920.666 0.000
920.964 0.000
921.263 0.000
921.562 0.000
921.861 0.000
922.159 0.000
922.458 0.000
922.757 0.000
923.056 0.000
923.355 0.000
923.653 0.000
923.952 0.000
924.251 0.000
924.550 0.000
924.848 0.000
925.147 0.000
925.446 0.000
925.745 0.000
926.043 0.000
926.342 0.000
926.641 0.000
926.940 0.000
927.239 0.000
927.537 0.000
927.836 0.000
928.135 0.000
928.434 0.000
928.732 0.000
929.031 0.000
929.330 0.000
929.629 0.000
929.927 0.000
930.226 0.000
930.525 0.000
930.824 0.000
931.123 0.000
931.421 0.000
931.720 0.000
932.019 0.000
932.318 0.000
932.616 0.000
932.915 0.000
933.214 0.000
933.513 0.000
933.812 0.000
934.110 0.000
934.409 0.000
934.708 0.000
935.007 0.000
935.305 0.000
935.604 0.000
935.903 0.000
936.202 0.000
936.500 0.000
936.799 0.000
937.098 0.000
937.397 0.000
937.696 0.000
937.994 0.000
938.293 0.000
938.592 0.000
938.891 0.000
939.189 0.000
939.488 0.000
939.787 0.000
940.086 0.000
940.384 0.000
940.683 0.000
940.982 0.000
941.281 0.000
941.580 0.000
941.878 0.000
942.177 0.000
942.476 0.000
942.775 0.000
943.073 0.000
943.372 0.000
943.671 0.000
943.970 0.000
944.268 0.000
944.567 0.000
944.866 0.000
945.165 0.000
945.464 0.000
945.762 0.000
946.061 0.000
946.360 0.000
946.659 0.000
946.957 0.000
947.256 0.000
947.555 0.000
947.854 0.000
948.153 0.000
948.451 0.000
948.750 0.000
949.049 0.000
949.348 0.000
949.646 0.000
949.945 0.000
950.244 0.000
950.543 0.000
950.841 0.000
951.140 0.000
951.439 0.000
951.738 0.000
952.037 0.000
952.335 0.000
952.634 0.000
952.933 0.000
953.232 0.000
953.530 0.000
953.829 0.000
954.128 0.000
954.427 0.000
954.725 0.000
955.024 0.000
955.323 0.000
955.622 0.000
955.921 0.000
956.219 0.000
956.518 0.000
956.817 0.000
957.116 0.000
957.414 0.000
957.713 0.000
958.012 0.000
958.311 0.000
958.610 0.000
958.908 0.000
959.207 0.000
959.506 0.000
959.805 0.000
960.103 0.000
960.402 0.000
960.701 0.000
961.000 0.000
961.298 0.000
961.597 0.000
961.896 0.000
962.195 0.000
962.494 0.000
962.792 0.000
963.091 0.000
963.390 0.000
963.689 0.000
963.987 0.000
964.286 0.000
964.585 0.000
964.884 0.000
965.182 0.000
965.481 0.000
965.780 0.000
966.075 0.000
966.370 0.000
966.666 0.000
966.961 0.000
967.256 0.000
967.551 0.000
967.847 0.000
968.142 0.000
968.437 0.000
968.732 0.000
969.028 0.000
969.323 0.000
969.618 0.000
969.913 0.000
970.208 0.000
970.504 0.000
970.799 0.000
971.094 0.000
971.389 0.000
971.685 0.000
971.980 0.000
972.275 0.000
972.570 0.000
972.866 0.000
973.161 0.000
973.456 0.000
973.751 0.000
974.047 0.000
974.342 0.000
974.637 0.000
974.932 0.000
975.227 0.000
975.523 0.000
975.818 0.000
976.113 0.000
976.408 0.000
976.704 0.000
976.999 0.000
977.294 0.000
977.589 0.000
977.885 0.000
978.180 0.000
978.475 0.000
978.770 0.000
979.066 0.000
979.361 0.000
979.656 0.000
979.951 0.000
980.246 0.000
980.542 0.000
980.837 0.000
981.132 0.000
981.427 0.000
981.723 0.000
982.018 0.000
982.313 0.000
982.608 0.000
982.904 0.000
983.199 0.000
983.494 0.000
983.789 0.000
984.084 0.000
984.380 0.000
984.675 0.000
984.970 0.000
985.265 0.000
985.561 0.000
985.856 0.000
986.151 0.000
986.446 0.000
986.742 0.000
987.037 0.000
987.332 0.000
987.627 0.000
987.923 0.000
988.218 0.000
988.513 0.000
988.808 0.000
989.103 0.000
989.399 0.000
989.694 0.000
989.989 0.000
990.284 0.000
990.580 0.000
990.875 0.000
991.170 0.000
991.465 0.000
991.761 0.000
992.056 0.000
992.351 0.000
992.646 0.000
992.942 0.000
993.237 0.000
993.532 0.000
993.827 0.000
994.122 0.000
994.418 0.000
994.713 0.000
995.008 0.000
995.303 0.000
995.599 0.000
995.894 0.000
996.189 0.000
996.484 0.000
996.780 0.000
997.075 0.000
997.370 0.000
997.665 0.000
997.960 0.000
998.256 0.000
998.551 0.000
998.846 0.000
999.141 0.000
999.437 0.000
999.732 0.000
1000.027 0.000
1000.322 0.000
1000.618 0.000
1000.913 0.000
1001.208 0.000
1001.503 0.000
1001.799 0.000
1002.094 0.000
1002.389 0.000
1002.684 0.000
1002.979 0.000
1003.275 0.000
1003.570 0.000
1003.865 0.000
1004.160 0.000
1004.456 0.000
1004.751 0.000
1005.046 0.000
1005.341 0.000
1005.637 0.000
1005.932 0.000
1006.227 0.000
1006.522 0.000
1006.817 0.000
1007.113 0.000
1007.408 0.000
1007.703 0.000
1007.998 0.000
1008.294 0.000
1008.589 0.000
1008.884 0.000
1009.179 0.000
1009.475 0.000
1009.770 0.000
1010.065 0.000
1010.360 0.000
1010.656 0.000
1010.951 0.000
1011.246 0.000
1011.541 0.000
1011.836 0.000
1012.132 0.000
1012.427 0.000
1012.722 0.000
1013.017 0.000
1013.313 0.000
1013.608 0.000
1013.903 0.000
1014.198 0.000
1014.494 0.000
1014.789 0.000
1015.084 0.000
1015.379 0.000
1015.674 0.000
1015.970 0.000
1016.265 0.000
1016.560 0.000
1016.855 0.000
1017.151 0.000
1017.446 0.000
1017.741 0.000
1018.036 0.000
1018.332 0.000
1018.627 0.000
1018.922 0.000
1019.217 0.000
1019.513 0.000
1019.808 0.000
1020.103 0.000
1020.398 0.000
1020.693 0.000
1020.989 0.000
1021.284 0.000
1021.579 0.000
1021.874 0.000
1022.170 0.000
1022.465 0.000
1022.760 0.000
1023.055 0.000
1023.351 0.000
1023.646 0.000
1023.941 0.000
1024.236 0.000
1024.532 0.000
1024.827 0.000
1025.122 0.000
1025.417 0.000
1025.712 0.000
1026.008 0.000
1026.303 0.000
1026.598 0.000
1026.893 0.000
1027.189 0.000
1027.484 0.000
1027.779 0.000
1028.074 0.000
1028.370 0.000
1028.665 0.000
1028.960 0.000
1029.255 0.000
1029.550 0.000
1029.846 0.000
1030.141 0.000
1030.436 0.000
1030.731 0.000
1031.027 0.000
1031.322 0.000
1031.617 0.000
1031.912 0.000
1032.208 0.000
1032.503 0.000
1032.798 0.000
1033.093 0.000
1033.389 0.000
1033.684 0.000
1033.979 0.000
1034.274 0.000
1034.569 0.000
1034.865 0.000
1035.160 0.000
1035.455 0.000
1035.750 0.000
1036.046 0.000
1036.341 0.000
1036.636 0.000
1036.931 0.000
1037.227 0.000
1037.522 0.000
1037.817 0.000
1038.112 0.000
1038.407 0.000
1038.703 0.000
1038.998 0.000
1039.293 0.000
1039.588 0.000
1039.884 0.000
1040.179 0.000
1040.474 0.000
1040.769 0.000
1041.065 0.000
1041.360 0.000
1041.655 0.000
1041.950 0.000
1042.246 0.000
1042.541 0.000
1042.836 0.000
1043.131 0.000
1043.426 0.000
1043.722 0.000
1044.017 0.000
1044.312 0.000
1044.607 0.000
1044.903 0.000
1045.198 0.000
1045.493 0.000
1045.788 0.000
1046.084 0.000
1046.379 0.000
1046.674 0.000
1046.969 0.000
1047.264 0.000
1047.560 0.000
1047.855 0.000
1048.150 0.000
1048.445 0.000
1048.741 0.000
1049.036 0.000
1049.331 0.000
1049.626 0.000
1049.922 0.000
1050.217 0.000
1050.512 0.000
1050.807 0.000
1051.103 0.000
1051.398 0.000
1051.693 0.000
1051.988 0.000
1052.283 0.000
1052.579 0.000
1052.874 0.000
1053.169 0.000
1053.464 0.000
1053.760 0.000
1054.055 0.000
1054.350 0.000
1054.645 0.000
1054.941 0.000
1055.236 0.000
1055.531 0.000
1055.826 0.000
1056.122 0.000
1056.417 0.000
1056.712 0.000
1057.007 0.000
1057.302 0.000
1057.598 0.000
1057.893 0.000
1058.188 0.000
1058.483 0.000
1058.779 0.000
1059.074 0.000
1059.369 0.000
1059.664 0.000
1059.960 0.000
1060.255 0.000
1060.550 0.000
1060.845 0.000
1061.140 0.000
1061.436 0.000
1061.731 0.000
1062.026 0.000
1062.321 0.000
1062.617 0.000
1062.912 0.000
1063.207 0.000
1063.502 0.000
1063.798 0.000
1064.093 0.000
1064.388 0.000
1064.683 0.000
1064.978 0.000
1065.274 0.000
1065.569 0.000
1065.864 0.000
1066.159 0.000
1066.455 0.000
1066.750 0.000
1067.045 0.000
1067.340 0.000
1067.636 0.000
1067.931 0.000
1068.226 0.000
1068.521 0.000
1068.817 0.000
1069.112 0.000
1069.407 0.000
1069.702 0.000
1069.997 0.000
1070.293 0.000
1070.588 0.000
1070.883 0.000
1071.178 0.000
1071.474 0.000
1071.769 0.000
1072.064 0.000
1072.359 0.000
1072.655 0.000
1072.950 0.000
1073.245 0.000
1073.540 0.000
1073.836 0.000
1074.131 0.000
1074.426 0.000
1074.721 0.000
1075.016 0.000
1075.312 0.000
1075.607 0.000
1075.902 0.000
1076.197 0.000
1076.493 0.000
1076.788 0.000
1077.083 0.000
1077.378 0.000
1077.674 0.000
1077.969 0.000
1078.264 0.000
1078.559 0.000
1078.854 0.000
1079.150 0.000
1079.445 0.000
1079.740 0.000
1080.035 0.000
1080.331 0.000
1080.626 0.000
1080.921 0.000
1081.216 0.000
1081.512 0.000
1081.807 0.000
1082.102 0.000
1082.397 0.000
1082.693 0.000
1082.988 0.000
1083.283 0.000
1083.578 0.000
1083.873 0.000
1084.169 0.000
1084.464 0.000
1084.759 0.000
1085.054 0.000
1085.350 0.000
1085.645 0.000
1085.940 0.000
1086.235 0.000
1086.531 0.000
1086.826 0.000
1087.121 0.000
1087.416 0.000
1087.711 0.000
1088.007 0.000
1088.302 0.000
1088.597 0.000
1088.892 0.000
1089.188 0.000
1089.483 0.000
1089.778 0.000
1090.073 0.000
1090.369 0.000
1090.664 0.000
1090.959 0.000
1091.254 0.000
1091.550 0.000
1091.845 0.000
1092.140 0.000
1092.452 0.000
1092.764 0.000
1093.076 0.000
1093.388 0.000
1093.700 0.000
1094.012 0.000
1094.324 0.000
1094.636 0.000
1094.948 0.000
1095.260 0.000
1095.572 0.000
1095.884 0.000
1096.196 0.000
1096.508 0.000
1096.820 0.000
1097.132 0.000
1097.444 0.000
1097.756 0.000
1098.068 0.000
1098.380 0.000
1098.692 0.000
1099.004 0.000
1099.316 0.000
1099.628 0.000
1099.940 0.000
1100.252 0.000
1100.564 0.000
1100.877 0.000
1101.189 0.000
1101.501 0.000
1101.813 0.000
1102.125 0.000
1102.437 0.000
1102.749 0.000
1103.061 0.000
1103.373 0.000
1103.685 0.000
1103.997 0.000
1104.309 0.000
1104.621 0.000
1104.933 0.000
1105.245 0.000
1105.557 0.000
1105.869 0.000
1106.181 0.000
1106.493 0.000
1106.805 0.000
1107.117 0.000
1107.429 0.000
1107.741 0.000
1108.053 0.000
1108.365 0.000
1108.677 0.000
1108.989 0.000
1109.301 0.000
1109.613 0.000
1109.925 0.000
1110.237 0.000
1110.549 0.000
1110.861 0.000
1111.173 0.000
1111.485 0.000
1111.797 0.000
1112.109 0.000
1112.421 0.000
1112.733 0.000
1113.045 0.000
1113.357 0.000
1113.669 0.000
1113.981 0.000
1114.293 0.000
1114.605 0.000
1114.917 0.000
1115.229 0.000
1115.541 0.000
1115.853 0.000
1116.165 0.000
1116.477 0.000
1116.789 0.000
1117.101 0.000
1117.413 0.000
1117.725 0.000
1118.037 0.000
1118.349 0.000
1118.662 0.000
1118.974 0.000
1119.286 0.000
1119.598 0.000
1119.910 0.000
1120.222 0.000
1120.534 0.000
1120.846 0.000
1121.158 0.000
1121.470 0.000
1121.782 0.000
1122.094 0.000
1122.406 0.000
1122.718 0.000
1123.030 0.000
1123.342 0.000
1123.654 0.000
1123.966 0.000
1124.278 0.000
1124.590 0.000
1124.902 0.000
1125.214 0.000
1125.526 0.000
1125.838 0.000
1126.150 0.000
1126.462 0.000
1126.774 0.000
1127.086 0.000
1127.398 0.000
1127.710 0.000
1128.022 0.000
1128.334 0.000
1128.646 0.000
1128.958 0.000
1129.270 0.000
1129.582 0.000
1129.894 0.000
1130.206 0.000
1130.518 0.000
1130.830 0.000
1131.142 0.000
1131.454 0.000
1131.766 0.000
1132.078 0.000
1132.390 0.000
1132.702 0.000
1133.014 0.000
1133.326 0.000
1133.638 0.000
1133.950 0.000
1134.262 0.000
1134.574 0.000
1134.886 0.000
1135.198 0.000
1135.510 0.000
1135.822 0.000
1136.134 0.000
1136.447 0.000
1136.759 0.000
1137.071 0.000
1137.383 0.000
1137.695 0.000
1138.007 0.000
1138.319 0.000
1138.631 0.000
1138.943 0.000
1139.255 0.000
1139.567 0.000
1139.879 0.000
1140.191 0.000
1140.503 0.000
1140.815 0.000
1141.127 0.000
1141.439 0.000
1141.751 0.000
1142.063 0.000
1142.375 0.000
1142.687 0.000
1142.999 0.000
1143.311 0.000
1143.623 0.000
1143.935 0.000
1144.247 0.000
1144.559 0.000
1144.871 0.000
1145.183 0.000
1145.495 0.000
1145.807 0.000
1146.119 0.000
1146.431 0.000
1146.743 0.000
1147.055 0.000
1147.367 0.000
1147.679 0.000
1147.991 0.000
1148.303 0.000
1148.615 0.000
1148.927 0.000
1149.239 0.000
1149.551 0.000
1149.863 0.000
1150.175 0.000
1150.487 0.000
1150.799 0.000
1151.111 0.000
1151.423 0.000
1151.735 0.000
1152.047 0.000
1152.359 0.000
1152.671 0.000
1152.983 0.000
1153.295 0.000
1153.607 0.000
1153.920 0.000
1154.232 0.000
1154.544 0.000
1154.856 0.000
1155.168 0.000
1155.480 0.000
1155.792 0.000
1156.104 0.000
1156.416 0.000
1156.728 0.000
1157.040 0.000
1157.352 0.000
1157.664 0.000
1157.976 0.000
1158.288 0.000
1158.600 0.000
1158.912 0.000
1159.224 0.000
1159.536 0.000
1159.848 0.000
1160.160 0.000
1160.472 0.000
1160.784 0.000
1161.096 0.000
1161.408 0.000
1161.720 0.000
1162.032 0.000
1162.344 0.000
1162.656 0.000
1162.968 0.000
1163.280 0.000
1163.592 0.000
1163.904 0.000
1164.216 0.000
1164.528 0.000
1164.840 0.000
1165.152 0.000
1165.464 0.000
1165.776 0.000
1166.088 0.000
1166.400 0.000
1166.712 0.000
1167.024 0.000
1167.336 0.000
1167.648 0.000
1167.960 0.000
1168.272 0.000
1168.584 0.000
1168.896 0.000
1169.208 0.000
1169.520 0.000
1169.832 0.000
1170.144 0.000
1170.456 0.000
1170.768 0.000
1171.080 0.000
1171.392 0.000
1171.705 0.000
1172.017 0.000
1172.329 0.000
1172.641 0.000
1172.953 0.000
1173.265 0.000
1173.577 0.000
1173.889 0.000
1174.201 0.000
1174.513 0.000
1174.825 0.000
1175.137 0.000
1175.449 0.000
1175.761 0.000
1176.073 0.000
1176.385 0.000
1176.697 0.000
1177.009 0.000
1177.321 0.000
1177.633 0.000
1177.945 0.000
1178.257 0.000
1178.569 0.000
1178.881 0.000
1179.193 0.000
1179.505 0.000
1179.817 0.000
1180.129 0.000
1180.441 0.000
1180.753 0.000
1181.065 0.000
1181.377 0.000
1181.689 0.000
1182.001 0.000
1182.313 0.000
1182.625 0.000
1182.937 0.000
1183.249 0.000
1183.561 0.000
1183.873 0.000
1184.185 0.000
1184.497 0.000
1184.809 0.000
1185.121 0.000
1185.433 0.000
1185.745 0.000
1186.057 0.000
1186.369 0.000
1186.681 0.000
1186.993 0.000
1187.305 0.000
1187.617 0.000
1187.929 0.000
1188.241 0.000
1188.553 0.000
1188.865 0.000
1189.178 0.000
1189.490 0.000
1189.802 0.000
1190.114 0.000
1190.426 0.000
1190.738 0.000
1191.050 0.000
1191.362 0.000
1191.674 0.000
1191.986 0.000
1192.298 0.000
1192.610 0.000
1192.922 0.000
1193.234 0.000
1193.546 0.000
1193.858 0.000
1194.170 0.000
1194.482 0.000
1194.794 0.000
1195.106 0.000
1195.418 0.000
1195.730 0.000
1196.042 0.000
1196.354 0.000
1196.666 0.000
1196.978 0.000
1197.290 0.000
1197.602 0.000
1197.914 0.000
1198.226 0.000
1198.538 0.000
1198.850 0.000
1199.162 0.000
1199.474 0.000
1199.786 0.000
1200.098 0.000
