177.811 0.000
178.065 0.000
178.318 0.000
178.572 0.000
178.826 0.000
179.079 0.000
179.333 0.000
179.587 0.000
179.840 0.000
180.094 0.000
180.347 0.000
180.601 0.000
180.855 0.000
181.108 0.000
181.362 0.000
181.616 0.000
181.869 0.000
182.123 0.000
182.377 0.000
182.630 0.000
182.884 0.000
183.137 0.000
183.391 0.000
183.645 0.000
183.898 0.000
184.152 0.000
184.406 0.000
184.659 0.000
184.913 0.000
185.167 0.000
185.420 0.000
185.674 0.000
185.928 0.000
186.181 0.000
186.435 0.000
186.688 0.000
186.942 0.000
187.196 0.000
187.449 0.000
187.703 0.000
187.957 0.000
188.210 0.000
188.464 0.000
188.718 0.000
188.971 0.000
189.225 0.000
189.479 0.000
189.732 0.000
189.986 0.000
190.239 0.000
190.493 0.000
190.747 0.000
191.000 0.000
191.254 0.000
191.508 0.000
191.761 0.000
192.015 0.000
192.269 0.000
192.522 0.000
192.776 0.000
193.030 0.000
193.283 0.000
193.537 0.000
193.790 0.000
194.044 0.000
194.298 0.000
194.551 0.000
194.805 0.000
195.059 0.000
195.312 0.000
195.566 0.000
195.820 0.000
196.073 0.000
196.327 0.000
196.581 0.000
196.834 0.000
197.088 0.000
197.341 0.000
197.595 0.000
197.849 0.000
198.102 0.000
198.356 0.000
198.610 0.000
198.863 0.000
199.117 0.000
199.371 0.000
199.624 0.000
199.878 0.000
200.132 0.000
200.385 0.000
200.639 0.000
200.892 0.000
201.146 0.000
201.400 0.000
201.653 0.000
201.907 0.000
202.161 0.000
202.414 0.000
202.668 0.000
202.922 0.000
203.175 0.000
203.429 0.000
203.683 0.000
203.936 0.000
204.190 0.000
204.443 0.000
204.697 0.000
204.951 0.000
205.204 0.000
205.458 0.000
205.712 0.000
205.965 0.000
206.219 0.000
206.473 0.000
206.726 0.000
206.980 0.000
207.233 0.000
207.487 0.000
207.741 0.000
207.994 0.000
208.248 0.000
208.502 0.000
208.755 0.000
209.009 0.000
209.263 0.000
209.516 0.000
209.770 0.000
210.024 0.000
210.277 0.000
210.531 0.000
210.784 0.000
211.038 0.000
211.292 0.000
211.545 0.000
211.799 0.000
212.053 0.000
212.306 0.000
212.560 0.000
212.814 0.000
213.067 0.000
213.321 0.000
213.575 0.000
213.828 0.000
214.082 0.000
214.335 0.000
214.589 0.000
214.843 0.000
215.096 0.000
215.350 0.000
215.604 0.000
215.857 0.000
216.111 0.000
216.365 0.000
216.618 0.000
216.872 0.000
217.126 0.000
217.379 0.000
217.633 0.000
217.886 0.000
218.140 0.000
218.394 0.000
218.647 0.000
218.901 0.000
219.155 0.000
219.408 0.000
219.662 0.000
219.916 0.000
220.169 0.000
220.423 0.000
220.677 0.000
220.930 0.000
221.184 0.000
221.437 0.000
221.691 0.000
221.945 0.000
222.198 0.000
222.452 0.000
222.706 0.000
222.959 0.000
223.213 0.000
223.467 0.000
223.720 0.000
223.974 0.000
224.228 0.000
224.481 0.000
224.735 0.000
224.988 0.000
225.242 0.000
225.496 0.000
225.749 0.000
226.003 0.000
226.257 0.000
226.510 0.000
226.764 0.000
227.018 0.000
227.271 0.000
227.525 0.000
227.779 0.000
228.032 0.000
228.286 0.000
228.539 0.000
228.793 0.000
229.047 0.000
229.300 0.000
229.554 0.000
229.808 0.000
230.061 0.000
230.315 0.000
230.569 0.000
230.822 0.000
231.076 0.000
231.330 0.000
231.583 0.000
231.837 0.000
232.090 0.000
232.344 0.000
232.598 0.000
232.851 0.000
233.105 0.000
233.359 0.000
233.612 0.000
233.866 0.000
234.120 0.000
234.373 0.000
234.627 0.000
234.880 0.000
235.134 0.000
235.388 0.000
235.641 0.000
235.895 0.000
236.149 0.000
236.402 0.000
236.656 0.000
236.910 0.000
237.163 0.000
237.417 0.000
237.671 0.000
237.924 0.000
238.178 0.000
238.431 0.000
238.685 0.000
238.939 0.000
239.192 0.000
239.446 0.000
239.700 0.000
239.953 0.000
240.207 0.000
240.461 0.000
240.714 0.000
240.968 0.000
241.222 0.000
241.475 0.000
241.729 0.000
241.982 0.000
242.236 0.000
242.490 0.000
242.743 0.000
242.997 0.000
243.251 0.000
243.504 0.000
243.758 0.000
244.012 0.000
244.265 0.000
244.519 0.000
244.773 0.000
245.026 0.000
245.280 0.000
245.533 0.000
245.787 0.000
246.041 0.000
246.294 0.000
246.548 0.000
246.802 0.000
247.055 0.000
247.309 0.000
247.563 0.000
247.816 0.000
248.070 0.000
248.324 0.000
248.577 0.000
248.831 0.000
249.084 0.000
249.338 0.000
249.592 0.000
249.845 0.000
250.099 0.000
250.353 0.000
250.606 0.000
250.860 0.000
251.114 0.000
251.367 0.000
251.621 0.000
251.875 0.000
252.128 0.000
252.382 0.000
252.635 0.000
252.889 0.000
253.143 0.000
253.396 0.000
253.650 0.000
253.904 0.000
254.159 0.000
254.413 0.000
254.667 0.000
254.922 0.000
255.176 0.000
255.431 0.000
255.685 0.000
255.939 0.000
256.194 0.000
256.448 0.000
256.702 0.000
256.957 0.000
257.211 0.000
257.465 0.000
257.720 0.000
257.974 0.000
258.228 0.000
258.483 0.000
258.737 0.000
258.992 0.000
259.246 0.000
259.500 0.000
259.755 0.000
260.009 0.000
260.263 0.000
260.518 0.000
260.772 0.000
261.026 0.000
261.281 0.000
261.535 0.000
261.789 0.000
262.044 0.000
262.298 0.000
262.553 0.000
262.807 0.000
263.061 0.000
263.316 0.000
263.570 0.000
263.824 0.000
264.079 0.000
264.333 0.000
264.587 0.000
264.842 0.000
265.096 0.000
265.351 0.000
265.605 0.000
265.859 0.000
266.114 0.000
266.368 0.000
266.622 0.000
266.877 0.000
267.131 0.000
267.385 0.000
267.640 0.000
267.894 0.000
268.148 0.000
268.403 0.000
268.657 0.000
268.912 0.000
269.166 0.000
269.420 0.000
269.675 0.000
269.929 0.000
270.183 0.000
270.438 0.000
270.692 0.000
270.946 0.000
271.201 0.000
271.455 0.000
271.709 0.000
271.964 0.000
272.218 0.000
272.473 0.000
272.727 0.000
272.981 0.000
273.236 0.000
273.490 0.000
273.744 0.000
273.999 0.000
274.253 0.000
274.507 0.000
274.762 0.000
275.016 0.000
275.271 0.000
275.525 0.000
275.779 0.000
276.034 0.000
276.288 0.000
276.542 0.000
276.797 0.000
277.051 0.000
277.305 0.000
277.560 0.000
277.814 0.000
278.068 0.000
278.323 0.000
278.577 0.000
278.832 0.000
279.086 0.000
279.340 0.000
279.595 0.000
279.849 0.000
280.103 0.000
280.358 0.000
280.612 0.000
280.866 0.000
281.121 0.000
281.375 0.000
281.629 0.000
281.884 0.000
282.138 0.000
282.393 0.000
282.647 0.000
282.901 0.000
283.156 0.000
283.410 0.000
283.664 0.000
283.919 0.000
284.173 0.000
284.427 0.000
284.682 0.000
284.936 0.000
285.191 0.000
285.445 0.000
285.699 0.000
285.954 0.000
286.208 0.000
286.462 0.000
286.717 0.000
286.971 0.000
287.225 0.000
287.480 0.000
287.734 0.000
287.988 0.000
288.243 0.000
288.497 0.000
288.752 0.000
289.006 0.000
289.260 0.000
289.515 0.000
289.769 0.000
290.023 0.000
290.278 0.000
290.532 0.000
290.786 0.000
291.041 0.000
291.295 0.000
291.549 0.000
291.804 0.000
292.058 0.000
292.313 0.000
292.567 0.000
292.821 0.000
293.076 0.000
293.330 0.000
293.584 0.000
293.839 0.000
294.093 0.000
294.347 0.000
294.602 0.000
294.856 0.000
295.111 0.000
295.365 0.000
295.619 0.000
295.874 20.000
296.128 68.000
296.382 17.000
296.637 74.000
296.891 50.000
297.145 46.000
297.400 188.000
297.654 191.000
297.908 169.000
298.163 148.000
298.417 222.000
298.672 284.000
298.926 322.000
299.180 330.000
299.435 308.000
299.689 381.000
299.943 308.000
300.198 422.000
300.452 539.000
300.706 602.000
300.961 667.000
301.215 717.000
301.469 806.000
301.724 826.000
301.978 882.000
302.233 911.000
302.487 1089.000
302.741 1095.000
302.996 1164.000
303.250 1175.000
303.504 1183.000
303.759 1328.000
304.013 1407.000
304.267 1435.000
304.522 1463.000
304.776 1597.000
305.031 1664.000
305.285 1725.000
305.539 1911.000
305.794 1894.000
306.048 2075.000
306.302 2133.000
306.557 2247.000
306.811 2328.000
307.065 2396.000
307.320 2476.000
307.574 2543.000
307.828 2609.000
308.083 2879.000
308.337 2907.000
308.592 3149.000
308.846 3273.000
309.100 3301.000
309.355 3397.000
309.609 3551.000
309.863 3725.000
310.118 3750.000
310.372 3885.000
310.626 4035.000
310.881 4294.000
311.135 4437.000
311.389 4569.000
311.644 4704.000
311.898 4721.000
312.153 4836.000
312.407 5265.000
312.661 5308.000
312.916 5326.000
313.170 5562.000
313.429 5564.000
313.688 5802.000
313.947 6139.000
314.206 6280.000
314.465 6448.000
314.724 6537.000
314.983 6695.000
315.242 6937.000
315.501 7092.000
315.760 7200.000
316.019 7458.000
316.278 7748.000
316.536 7881.000
316.795 8000.000
317.054 8144.000
317.313 8430.000
317.572 8647.000
317.831 8743.000
318.090 9053.000
318.349 9421.000
318.608 9587.000
318.867 9513.000
319.126 9761.000
319.385 10060.000
319.644 10205.000
319.903 10473.000
320.162 10762.000
320.421 10928.000
320.680 11126.000
320.939 11356.000
321.198 11369.000
321.457 11631.000
321.716 11991.000
321.975 12220.000
322.234 12452.000
322.493 12624.000
322.752 12948.000
323.010 12992.000
323.269 13208.000
323.528 13501.000
323.787 13595.000
324.046 13456.000
324.305 13940.000
324.564 14338.000
324.823 14388.000
325.082 14579.000
325.341 14954.000
325.600 14900.000
325.859 15096.000
326.118 15353.000
326.377 15548.000
326.636 15737.000
326.895 16098.000
327.154 16414.000
327.413 16512.000
327.672 16642.000
327.931 16977.000
328.190 17188.000
328.449 17575.000
328.708 17735.000
328.967 17776.000
329.226 17927.000
329.485 18354.000
329.743 18508.000
330.002 18676.000
330.261 18798.000
330.520 19053.000
330.779 19141.000
331.038 19416.000
331.297 19423.000
331.556 19666.000
331.815 20071.000
332.074 20192.000
332.333 20436.000
332.592 20730.000
332.851 20864.000
333.110 20937.000
333.369 21104.000
333.628 21165.000
333.887 21444.000
334.146 21720.000
334.405 22068.000
334.664 22210.000
334.923 22456.000
335.182 22557.000
335.441 22639.000
335.700 22854.000
335.959 22928.000
336.217 23236.000
336.476 23375.000
336.735 23502.000
336.994 23764.000
337.253 23978.000
337.512 23995.000
337.771 24319.000
338.030 24486.000
338.289 24669.000
338.548 24743.000
338.807 24858.000
339.066 24966.000
339.325 25119.000
339.584 25387.000
339.843 25436.000
340.102 25706.000
340.361 25652.000
340.620 25836.000
340.879 26267.000
341.138 26426.000
341.397 26489.000
341.656 26482.000
341.915 26698.000
342.174 26924.000
342.433 26847.000
342.691 27181.000
342.950 27224.000
343.209 27179.000
343.468 27506.000
343.727 27697.000
343.986 27858.000
344.245 27974.000
344.504 28117.000
344.763 28042.000
345.022 28268.000
345.281 28427.000
345.540 28495.000
345.799 28581.000
346.058 28451.000
346.317 28721.000
346.576 29045.000
346.835 28917.000
347.094 29108.000
347.353 29179.000
347.612 29132.000
347.871 29238.000
348.130 29408.000
348.389 29833.000
348.648 29861.000
348.907 29988.000
349.166 29949.000
349.424 29629.000
349.683 29848.000
349.942 29507.000
350.201 29852.000
350.460 30165.000
350.719 30407.000
350.978 30250.000
351.237 30239.000
351.496 30374.000
351.755 30515.000
352.014 30813.000
352.273 30779.000
352.532 30725.000
352.791 30828.000
353.050 30621.000
353.309 30757.000
353.568 31114.000
353.827 30804.000
354.086 30968.000
354.345 31206.000
354.604 31136.000
354.863 31178.000
355.122 31369.000
355.381 31465.000
355.640 31415.000
355.898 31327.000
356.157 31375.000
356.416 31279.000
356.675 31416.000
356.934 31401.000
357.193 31337.000
357.452 31347.000
357.711 31429.000
357.970 31459.000
358.229 31298.000
358.488 31423.000
358.747 31382.000
359.006 31368.000
359.265 31575.000
359.524 31278.000
359.783 31301.000
360.042 31331.000
360.301 31281.000
360.560 31181.000
360.819 31551.000
361.078 31484.000
361.337 31303.000
361.596 31286.000
361.855 31412.000
362.114 31438.000
362.372 31518.000
362.631 31304.000
362.890 31348.000
363.149 31402.000
363.408 31413.000
363.667 31414.000
363.926 31418.000
364.185 31285.000
364.444 31408.000
364.703 31364.000
364.962 31403.000
365.221 31512.000
365.480 31432.000
365.739 31408.000
365.999 31357.000
366.258 31489.000
366.518 31322.000
366.777 31449.000
367.037 31718.000
367.296 31637.000
367.556 31438.000
367.815 31588.000
368.075 31699.000
368.334 31499.000
368.594 31473.000
368.853 31536.000
369.113 31455.000
369.372 31665.000
369.632 31423.000
369.891 31466.000
370.150 31447.000
370.410 31659.000
370.669 31755.000
370.929 31699.000
371.188 31809.000
371.448 32008.000
371.707 31813.000
371.967 31626.000
372.226 31609.000
372.486 31825.000
372.745 31876.000
373.005 31452.000
373.264 31454.000
373.524 31563.000
373.783 31447.000
374.043 31841.000
374.302 32015.000
374.561 31974.000
374.821 31765.000
375.080 31792.000
375.340 31548.000
375.599 31545.000
375.859 31333.000
376.118 31390.000
376.378 31519.000
376.637 31343.000
376.897 31154.000
377.156 31327.000
377.416 31479.000
377.675 31447.000
377.935 31341.000
378.194 31228.000
378.454 31256.000
378.713 31164.000
378.972 31061.000
379.232 31151.000
379.491 31240.000
379.751 31318.000
380.010 30950.000
380.270 30801.000
380.529 30860.000
380.789 31181.000
381.048 31313.000
381.308 31108.000
381.567 30842.000
381.827 30847.000
382.086 30720.000
382.346 30661.000
382.605 30816.000
382.865 30555.000
383.124 30758.000
383.383 30748.000
383.643 30384.000
383.902 30414.000
384.162 30403.000
384.421 30365.000
384.681 30471.000
384.940 30299.000
385.200 29992.000
385.459 30197.000
385.719 30228.000
385.978 29974.000
386.238 29937.000
386.497 29917.000
386.757 30014.000
387.016 29968.000
387.276 29930.000
387.535 29980.000
387.794 29978.000
388.054 29784.000
388.313 29736.000
388.573 29849.000
388.832 29583.000
389.092 29547.000
389.351 29634.000
389.611 29571.000
389.870 29928.000
390.130 29612.000
390.389 29373.000
390.649 29293.000
390.908 29331.000
391.168 29298.000
391.427 29103.000
391.686 28976.000
391.946 28914.000
392.205 28805.000
392.465 28621.000
392.724 28685.000
392.984 28632.000
393.243 28472.000
393.503 28284.000
393.762 28439.000
394.022 28545.000
394.281 28049.000
394.541 27875.000
394.800 28171.000
395.060 28191.000
395.319 28077.000
395.579 27918.000
395.838 27969.000
396.097 27883.000
396.357 27617.000
396.616 27534.000
396.876 27668.000
397.135 27808.000
397.395 27590.000
397.654 27286.000
397.914 27556.000
398.173 27561.000
398.433 27319.000
398.692 27031.000
398.952 26952.000
399.211 26677.000
399.471 26818.000
399.730 26738.000
399.990 26677.000
400.249 26464.000
400.508 26600.000
400.768 26419.000
401.027 26533.000
401.287 26609.000
401.546 26476.000
401.806 26205.000
402.065 26277.000
402.325 26120.000
402.584 25913.000
402.844 26015.000
403.103 25850.000
403.363 25863.000
403.622 25794.000
403.882 25849.000
404.141 25848.000
404.401 25727.000
404.660 25696.000
404.926 25388.000
405.193 25308.000
405.459 25414.000
405.726 25430.000
405.992 25114.000
406.259 25353.000
406.525 25227.000
406.792 25179.000
407.058 25295.000
407.325 25321.000
407.591 25034.000
407.858 24866.000
408.124 24621.000
408.391 24847.000
408.657 24801.000
408.924 24912.000
409.190 24863.000
409.457 24671.000
409.723 24551.000
409.990 24600.000
410.256 24578.000
410.523 24627.000
410.789 24577.000
411.056 24447.000
411.322 24300.000
411.589 24141.000
411.855 23942.000
412.122 24106.000
412.388 24188.000
412.655 24092.000
412.921 23850.000
413.188 23792.000
413.454 23596.000
413.721 23649.000
413.987 23812.000
414.254 23623.000
414.520 23439.000
414.787 23414.000
415.053 23590.000
415.320 23603.000
415.586 23172.000
415.853 22936.000
416.119 22950.000
416.386 23012.000
416.652 22802.000
416.919 22642.000
417.185 22581.000
417.452 22802.000
417.718 22608.000
417.985 22441.000
418.251 22492.000
418.518 22351.000
418.784 22027.000
419.051 22341.000
419.317 22035.000
419.584 21906.000
419.850 21888.000
420.117 21748.000
420.383 21574.000
420.650 21557.000
420.916 21533.000
421.183 21635.000
421.449 21541.000
421.716 21490.000
421.982 21546.000
422.249 21524.000
422.515 21135.000
422.782 21103.000
423.048 21045.000
423.315 20938.000
423.581 20739.000
423.848 20959.000
424.114 20856.000
424.381 20734.000
424.647 20651.000
424.914 20539.000
425.180 20506.000
425.447 20304.000
425.713 20331.000
425.980 20375.000
426.246 20383.000
426.513 20127.000
426.779 20097.000
427.046 20026.000
427.312 19966.000
427.579 19939.000
427.845 19888.000
428.112 19751.000
428.378 19760.000
428.645 19844.000
428.911 19682.000
429.178 19647.000
429.444 19489.000
429.711 19490.000
429.977 19381.000
430.244 19455.000
430.510 19590.000
430.777 19484.000
431.043 19228.000
431.310 19257.000
431.576 19321.000
431.843 19185.000
432.109 18983.000
432.376 19021.000
432.642 18897.000
432.909 18788.000
433.175 18866.000
433.442 18963.000
433.708 18823.000
433.975 18740.000
434.241 18540.000
434.508 18446.000
434.774 18599.000
435.041 18577.000
435.307 18463.000
435.574 18239.000
435.840 18284.000
436.110 18203.000
436.379 18193.000
436.649 18082.000
436.918 18011.000
437.188 18143.000
437.457 17946.000
437.727 17836.000
437.996 17644.000
438.266 17612.000
438.535 17584.000
438.805 17602.000
439.074 17263.000
439.344 17209.000
439.613 17215.000
439.883 17304.000
440.152 17308.000
440.422 17228.000
440.691 17092.000
440.961 16844.000
441.230 16841.000
441.500 16669.000
441.769 16706.000
442.039 16750.000
442.308 16632.000
442.578 16524.000
442.847 16340.000
443.117 16242.000
443.386 16219.000
443.656 16249.000
443.925 16105.000
444.195 15940.000
444.464 15736.000
444.734 16029.000
445.003 15962.000
445.273 15903.000
445.542 15945.000
445.812 15703.000
446.081 15696.000
446.351 15607.000
446.620 15492.000
446.890 15442.000
447.159 15469.000
447.429 15391.000
447.698 15208.000
447.968 14963.000
448.238 15052.000
448.507 15064.000
448.777 15129.000
449.046 14989.000
449.316 14829.000
449.585 14781.000
449.855 14908.000
450.124 14833.000
450.394 14730.000
450.663 14617.000
450.933 14647.000
451.202 14639.000
451.472 14399.000
451.741 14362.000
452.011 14231.000
452.280 14061.000
452.550 14138.000
452.819 14136.000
453.089 14113.000
453.358 14247.000
453.628 14012.000
453.897 13950.000
454.167 14037.000
454.436 14006.000
454.706 13846.000
454.975 13551.449
455.245 13452.547
455.514 13589.820
455.784 13471.058
456.053 13600.199
456.323 13382.851
456.592 13256.972
456.862 13388.446
457.131 13366.534
457.401 13220.120
457.670 13088.645
457.940 13098.606
458.209 13098.606
458.479 12971.116
458.748 13036.853
459.018 13057.769
459.287 12995.020
459.557 12835.657
459.826 12903.386
460.096 12833.665
460.366 12765.936
460.635 12577.268
460.905 12622.134
461.174 12429.142
461.444 12454.545
461.713 12421.578
461.983 12349.000
462.252 12314.314
462.522 12442.886
462.791 12197.593
463.061 12222.892
463.330 12165.829
463.600 12141.851
463.869 11955.690
464.139 12011.078
464.408 12045.363
464.678 11985.873
464.947 12038.345
465.217 12035.354
465.486 11880.688
465.756 11832.996
466.025 11688.956
466.295 11570.415
466.564 11535.497
466.834 11536.511
467.103 11603.046
467.373 11454.268
467.642 11249.237
467.912 11371.312
468.181 11187.373
468.451 10945.973
468.720 11066.259
468.990 11352.041
469.259 11264.286
469.529 11109.295
469.798 10963.228
470.068 10801.839
470.337 10787.538
470.607 10805.924
470.876 10642.492
471.146 10736.466
471.415 10754.082
471.685 10608.163
471.954 10532.653
472.224 10358.163
472.493 10293.878
472.763 10267.347
473.033 10370.408
473.302 10331.633
473.572 10176.531
473.841 10180.428
474.111 10136.595
474.380 10018.349
474.650 9808.359
474.919 9807.339
475.189 9818.737
475.458 9947.047
475.728 9706.721
475.997 9728.383
476.267 9499.491
476.536 9633.130
476.806 9564.467
477.075 9436.548
477.345 9501.014
477.614 9232.252
477.884 9303.951
478.153 9299.899
478.423 9086.120
478.692 9109.312
478.962 8977.733
479.231 9000.000
479.501 8958.544
479.770 8932.323
480.040 8941.414
480.309 8865.792
480.579 8850.806
480.848 8808.468
481.118 8657.603
481.387 8589.537
481.657 8610.050
481.926 8656.627
482.196 8606.426
482.465 8522.568
482.735 8493.480
483.004 8311.623
483.274 8148.297
483.543 8142.142
483.813 8275.000
484.082 8243.000
484.352 8257.742
484.621 8257.742
484.891 8139.721
485.161 8016.966
485.430 7837.488
485.700 7974.078
485.969 7823.705
486.239 7674.303
486.508 7814.741
486.778 7704.183
487.047 7703.187
487.317 7713.433
487.586 7700.498
487.856 7653.731
488.125 7602.985
488.395 7414.925
488.664 7585.075
488.934 7487.562
489.203 7476.096
489.473 7244.024
489.742 7249.004
490.012 7151.545
490.281 7062.812
490.551 7260.219
490.820 7303.393
491.090 7251.497
491.359 7058.941
491.629 7087.912
491.898 6912.088
492.168 6878.122
492.437 6824.000
492.707 6912.000
492.976 6902.903
493.246 6752.505
493.515 6771.314
493.785 6693.079
494.054 6682.731
494.324 6689.447
494.593 6602.010
494.863 6604.628
495.132 6604.230
495.402 6525.202
495.671 6373.992
495.941 6390.515
496.210 6449.495
496.480 6422.649
496.749 6527.806
497.019 6407.895
497.289 6269.231
497.558 6106.383
497.828 6083.164
498.097 6071.066
498.367 6326.220
498.636 6178.862
498.906 6105.799
499.175 6079.349
499.445 5992.872
499.714 5882.892
499.984 5853.211
500.253 5946.939
500.523 5864.286
500.792 5953.013
501.062 5941.777
501.331 5924.413
501.601 5932.515
501.870 5827.198
502.140 5702.454
502.409 5677.584
502.679 5762.538
502.948 5510.747
503.218 5442.623
503.487 5608.607
503.757 5588.718
504.026 5468.718
504.296 5447.179
504.565 5426.667
504.835 5376.410
505.104 5228.953
505.374 5359.343
505.643 5291.581
505.913 5253.854
506.182 5167.523
506.452 5164.440
506.721 5116.136
506.991 5095.679
507.260 4955.761
507.530 5004.115
507.799 5005.144
508.069 5042.181
508.338 5137.718
508.608 4895.277
508.877 4838.809
509.147 4930.256
509.416 4855.533
509.686 4740.286
509.956 4748.723
510.225 4855.102
510.495 4686.354
510.764 4531.027
511.034 4593.909
511.303 4648.430
511.573 4565.789
511.842 4474.747
512.112 4633.065
512.381 4513.078
512.651 4402.610
512.920 4429.860
513.190 4410.589
513.459 4168.495
513.729 4117.296
513.998 4178.571
514.268 4308.911
514.537 4383.021
514.807 4278.818
515.076 4184.857
515.346 4144.118
515.615 4093.842
515.885 4139.512
516.154 4111.977
516.424 4077.745
516.693 3971.872
516.963 3898.354
517.232 3806.763
517.502 3884.393
517.771 3835.577
518.041 3867.435
518.310 3786.194
518.580 3795.019
518.849 3779.159
519.119 3804.202
519.388 3734.733
519.658 3792.183
519.927 3594.286
520.197 3637.488
520.466 3803.232
520.736 3679.658
521.005 3399.810
521.275 3430.199
521.544 3476.733
521.814 3537.512
522.084 3543.210
522.353 3537.512
522.623 3450.142
522.892 3445.394
523.162 3393.162
523.431 3353.612
523.701 3269.962
523.970 3253.092
524.240 3202.664
524.509 3438.095
524.779 3371.429
525.048 3192.564
525.318 3183.031
525.587 3137.405
525.857 3145.177
526.126 3225.406
526.396 3250.478
526.665 3209.569
526.935 3208.812
527.204 3161.074
527.474 3067.179
527.743 3054.755
528.013 3015.385
528.282 3014.437
528.552 2952.794
528.821 2921.890
529.091 2978.764
529.360 2960.386
529.630 2876.209
529.899 2923.524
530.169 2940.949
530.438 2888.566
530.708 2804.074
530.977 2827.184
531.247 2812.621
531.516 2750.243
531.786 2863.813
532.055 2828.627
532.325 2739.766
532.594 2757.073
532.864 2636.719
533.133 2707.722
533.403 2639.922
533.672 2688.845
533.942 2749.020
534.212 2795.878
534.481 2674.853
534.751 2506.876
535.020 2606.686
535.290 2569.882
535.559 2457.677
535.829 2487.685
536.098 2602.564
536.368 2514.314
536.637 2418.559
536.907 2500.000
537.176 2424.901
537.446 2356.719
537.715 2332.344
537.985 2358.061
538.254 2327.723
538.524 2224.752
538.793 2295.050
539.063 2284.158
539.332 2241.824
539.602 2352.825
539.871 2241.824
540.141 2097.126
540.410 2113.974
540.680 2117.939
540.949 2231.913
541.219 2264.618
541.488 2225.966
541.758 2070.367
542.027 2064.420
542.297 2075.248
542.566 2025.743
542.836 2002.970
543.105 2058.416
543.375 2102.970
543.644 1988.119
543.914 1985.163
544.183 1938.675
544.453 2001.978
544.722 1878.338
544.992 1843.719
545.261 1824.111
545.531 1793.478
545.800 1844.862
546.070 1892.399
546.346 1807.692
546.622 1777.340
546.897 1759.843
547.173 1705.998
547.449 1697.148
547.725 1672.888
548.001 1712.463
548.276 1770.588
548.552 1667.647
548.828 1587.659
549.104 1688.541
549.380 1643.836
549.655 1632.094
549.931 1686.217
550.207 1622.070
550.483 1614.258
550.759 1581.463
551.034 1560.429
551.310 1588.694
551.586 1573.515
551.862 1615.385
552.138 1466.926
552.413 1470.817
552.689 1511.176
552.965 1486.880
553.241 1308.066
553.517 1367.961
553.793 1530.097
554.068 1403.883
554.344 1396.117
554.620 1501.455
554.896 1384.093
555.172 1334.627
555.447 1403.492
555.723 1321.048
555.999 1314.258
556.275 1320.078
556.551 1340.446
556.826 1274.491
557.102 1269.641
557.378 1270.611
557.654 1227.184
557.930 1211.650
558.205 1157.282
558.481 1255.340
558.757 1293.489
559.033 1179.786
559.309 1258.503
559.584 1230.321
559.860 1227.626
560.136 1140.078
560.412 1195.525
560.688 1180.136
560.963 1145.083
561.239 1266.082
561.515 1100.390
561.791 1027.290
562.067 1041.910
562.342 1009.756
562.618 964.878
562.894 1018.555
563.170 1093.750
563.446 1035.156
563.721 999.022
563.997 1009.775
564.273 1117.417
564.549 1048.972
564.825 948.090
565.100 1063.663
565.376 964.706
565.652 926.471
565.928 964.671
566.204 878.312
566.479 860.511
566.755 835.953
567.031 885.939
567.307 960.669
567.583 895.669
567.858 974.409
568.134 920.276
568.410 790.148
568.686 858.128
568.962 844.181
569.237 897.436
569.513 854.886
569.789 912.142
570.065 798.419
570.341 702.569
570.617 779.644
570.892 739.862
571.168 704.950
571.444 780.198
571.720 729.703
571.996 664.356
572.271 708.622
572.547 744.301
572.823 749.008
573.099 699.405
573.375 728.175
573.650 728.175
573.926 660.377
574.202 626.614
574.478 562.066
574.754 591.857
575.029 574.553
575.305 693.837
575.581 640.159
575.857 618.290
576.133 645.129
576.408 615.308
576.684 608.350
576.960 640.159
577.239 623.260
577.517 571.571
577.796 563.618
578.075 571.571
578.354 521.351
578.632 576.961
578.911 605.760
579.190 571.996
579.469 468.254
579.747 439.484
580.026 444.444
580.305 427.579
580.584 449.950
580.862 547.076
581.141 496.531
581.420 393.069
581.699 358.416
581.977 431.256
582.256 460.930
582.535 426.877
582.814 438.735
583.092 356.367
583.371 292.201
583.650 442.801
583.929 446.746
584.207 414.778
584.486 421.675
584.765 427.165
585.043 385.447
585.322 396.264
585.601 427.308
585.880 391.945
586.158 395.486
586.437 415.113
586.716 327.451
586.995 313.418
587.273 362.035
587.552 320.626
587.831 288.086
588.110 316.098
588.388 196.881
588.667 170.399
588.946 147.860
589.225 200.971
589.503 192.047
589.782 161.822
590.061 226.525
590.340 216.634
590.618 222.222
590.897 305.985
591.176 273.867
591.455 289.981
591.733 205.967
592.012 188.462
592.291 254.563
592.570 161.228
592.848 167.785
593.127 198.276
593.406 152.153
593.684 102.294
593.963 171.920
594.242 176.527
594.521 72.450
594.799 102.857
595.078 121.789
595.357 119.772
595.636 64.639
595.914 82.621
596.193 68.311
596.472 25.617
596.751 73.934
597.029 152.607
597.308 135.545
597.587 136.493
597.866 70.142
598.144 66.414
598.423 0.000
598.702 0.000
598.981 60.894
599.259 169.524
599.538 86.749
599.817 0.000
600.096 0.000
600.374 124.760
600.653 30.769
600.932 0.000
601.210 0.000
601.489 0.000
601.768 14.577
602.047 0.975
602.325 0.000
602.604 42.157
602.883 44.248
603.162 0.000
603.440 0.000
603.719 0.000
603.998 0.000
604.277 0.000
604.555 0.000
604.834 0.000
605.113 0.000
605.392 0.000
605.670 0.000
605.949 0.000
606.228 0.000
606.507 0.000
606.785 0.000
607.064 0.000
607.343 0.000
607.622 0.000
607.900 0.000
608.179 0.000
608.458 0.000
608.736 0.000
609.015 0.000
609.294 0.000
609.573 0.000
609.851 0.000
610.130 32.421
610.409 0.000
610.688 0.000
610.966 0.000
611.245 0.000
611.524 0.000
611.803 0.000
612.081 0.000
612.360 0.000
612.639 0.000
612.918 0.000
613.196 0.000
613.475 0.000
613.754 0.000
614.033 0.000
614.311 0.000
614.590 0.000
614.869 0.000
615.148 0.000
615.426 0.000
615.705 0.000
615.984 0.000
616.263 0.000
616.541 0.000
616.820 0.000
617.099 0.000
617.377 0.000
617.656 0.000
617.935 0.000
618.214 0.000
618.492 0.000
618.771 0.000
619.050 0.000
619.329 0.000
619.607 0.000
619.886 0.000
620.165 0.000
620.444 0.000
620.722 0.000
621.001 0.000
621.280 0.000
621.559 0.000
621.837 0.000
622.116 0.000
622.395 0.000
622.674 0.000
622.952 0.000
623.231 0.000
623.510 0.000
623.789 0.000
624.067 0.000
624.346 0.000
624.625 0.000
624.904 0.000
625.182 0.000
625.461 0.000
625.740 0.000
626.018 0.000
626.297 0.000
626.576 0.000
626.855 0.000
627.133 0.000
627.412 0.000
627.691 0.000
627.970 0.000
628.248 0.000
628.527 0.000
628.806 0.000
629.085 0.000
629.363 0.000
629.642 0.000
629.921 0.000
630.200 0.000
630.478 0.000
630.757 0.000
631.036 0.000
631.315 0.000
631.593 0.000
631.872 0.000
632.151 0.000
632.430 0.000
632.708 0.000
632.987 0.000
633.266 0.000
633.544 0.000
633.823 0.000
634.102 0.000
634.381 0.000
634.659 0.000
634.938 0.000
635.217 0.000
635.496 0.000
635.774 0.000
636.053 0.000
636.332 0.000
636.611 0.000
636.889 0.000
637.168 0.000
637.447 0.000
637.726 0.000
638.004 0.000
638.283 0.000
638.562 0.000
638.841 0.000
639.119 0.000
639.398 0.000
639.677 0.000
639.956 0.000
640.234 0.000
640.513 0.000
640.792 0.000
641.070 0.000
641.349 0.000
641.628 0.000
641.907 0.000
642.185 0.000
642.464 0.000
642.743 0.000
643.022 0.000
643.300 0.000
643.579 0.000
643.858 0.000
644.137 0.000
644.415 0.000
644.694 0.000
644.973 0.000
645.252 0.000
645.530 0.000
645.809 0.000
646.088 0.000
646.367 0.000
646.645 0.000
646.924 0.000
647.203 0.000
647.482 0.000
647.760 0.000
648.039 0.000
648.318 0.000
648.596 0.000
648.875 0.000
649.154 0.000
649.433 0.000
649.711 0.000
649.990 0.000
650.269 0.000
650.548 0.000
650.826 0.000
651.105 0.000
651.384 0.000
651.663 0.000
651.941 0.000
652.220 0.000
652.499 0.000
652.778 0.000
653.056 0.000
653.335 0.000
653.614 0.000
653.893 0.000
654.171 0.000
654.450 0.000
654.729 0.000
655.008 0.000
655.286 0.000
655.565 0.000
655.844 0.000
656.123 0.000
656.401 0.000
656.680 0.000
656.959 0.000
657.237 0.000
657.516 0.000
657.795 0.000
658.074 0.000
658.352 0.000
658.631 0.000
658.910 0.000
659.189 0.000
659.467 0.000
659.746 0.000
660.025 0.000
660.304 0.000
660.582 0.000
660.861 0.000
661.140 0.000
661.419 0.000
661.697 0.000
661.976 0.000
662.255 0.000
662.534 0.000
662.812 0.000
663.091 0.000
663.370 0.000
663.649 0.000
663.927 0.000
664.206 0.000
664.485 0.000
664.764 0.000
665.042 0.000
665.321 0.000
665.600 0.000
665.878 0.000
666.157 0.000
666.436 0.000
666.715 0.000
666.993 0.000
667.272 0.000
667.551 0.000
667.830 0.000
668.108 0.000
668.387 0.000
668.666 0.000
668.945 0.000
669.223 0.000
669.502 0.000
669.781 0.000
670.060 0.000
670.338 0.000
670.617 0.000
670.896 0.000
671.175 0.000
671.453 0.000
671.732 0.000
672.011 0.000
672.290 0.000
672.568 0.000
672.847 0.000
673.126 0.000
673.404 0.000
673.683 0.000
673.962 0.000
674.241 0.000
674.519 0.000
674.798 0.000
675.077 0.000
675.356 0.000
675.634 0.000
675.913 0.000
676.192 0.000
676.471 0.000
676.749 0.000
677.028 0.000
677.307 0.000
677.586 0.000
677.864 0.000
678.143 0.000
678.422 0.000
678.701 0.000
678.979 0.000
679.258 0.000
679.537 0.000
679.816 0.000
680.094 0.000
680.373 0.000
680.652 0.000
680.930 0.000
681.209 0.000
681.488 0.000
681.767 0.000
682.045 0.000
682.324 0.000
682.603 0.000
682.882 0.000
683.160 0.000
683.439 0.000
683.718 0.000
683.997 0.000
684.275 0.000
684.554 0.000
684.833 0.000
685.112 0.000
685.390 0.000
685.669 0.000
685.948 0.000
686.227 0.000
686.505 0.000
686.784 0.000
687.063 0.000
687.342 0.000
687.620 0.000
687.899 0.000
688.178 0.000
688.457 0.000
688.735 0.000
689.014 0.000
689.293 0.000
689.571 0.000
689.850 0.000
690.129 0.000
690.408 0.000
690.686 0.000
690.965 0.000
691.244 0.000
691.523 0.000
691.801 0.000
692.080 0.000
692.359 0.000
692.638 0.000
692.916 0.000
693.195 0.000
693.474 0.000
693.753 0.000
694.031 0.000
694.310 0.000
694.589 0.000
694.868 0.000
695.146 0.000
695.425 0.000
695.704 0.000
695.983 0.000
696.261 0.000
696.540 0.000
696.825 0.000
697.110 0.000
697.395 0.000
697.680 0.000
697.965 0.000
698.250 0.000
698.535 0.000
698.819 0.000
699.104 0.000
699.389 0.000
699.674 0.000
699.959 0.000
700.244 0.000
700.529 0.000
700.814 0.000
701.099 0.000
701.384 0.000
701.669 0.000
701.954 0.000
702.239 0.000
702.524 0.000
702.809 0.000
703.094 0.000
703.378 0.000
703.663 0.000
703.948 0.000
704.233 0.000
704.518 0.000
704.803 0.000
705.088 0.000
705.373 0.000
705.658 0.000
705.943 0.000
706.228 0.000
706.513 0.000
706.798 0.000
707.083 0.000
707.368 0.000
707.653 0.000
707.937 0.000
708.222 0.000
708.507 0.000
708.792 0.000
709.077 0.000
709.362 0.000
709.647 0.000
709.932 0.000
710.217 0.000
710.502 0.000
710.787 0.000
711.072 0.000
711.357 0.000
711.642 0.000
711.927 0.000
712.211 0.000
712.496 0.000
712.781 0.000
713.066 0.000
713.351 0.000
713.636 0.000
713.921 0.000
714.206 0.000
714.491 0.000
714.776 0.000
715.061 0.000
715.346 0.000
715.631 0.000
715.916 0.000
716.201 0.000
716.486 0.000
716.770 0.000
717.055 0.000
717.340 0.000
717.625 0.000
717.910 0.000
718.195 0.000
718.480 0.000
718.765 0.000
719.050 0.000
719.335 0.000
719.620 0.000
719.905 0.000
720.190 0.000
720.475 0.000
720.760 0.000
721.045 0.000
721.329 0.000
721.614 0.000
721.899 0.000
722.184 0.000
722.469 0.000
722.754 0.000
723.039 0.000
723.324 0.000
723.609 0.000
723.894 0.000
724.179 0.000
724.464 0.000
724.749 0.000
725.034 0.000
725.319 0.000
725.603 0.000
725.888 0.000
726.173 0.000
726.458 0.000
726.743 0.000
727.028 0.000
727.313 0.000
727.598 0.000
727.883 0.000
728.168 0.000
728.453 0.000
728.738 0.000
729.023 0.000
729.308 0.000
729.593 0.000
729.878 0.000
730.162 0.000
730.447 0.000
730.732 0.000
731.017 0.000
731.302 0.000
731.587 0.000
731.872 0.000
732.157 0.000
732.442 0.000
732.727 0.000
733.012 0.000
733.297 0.000
733.582 0.000
733.867 0.000
734.152 0.000
734.437 0.000
734.721 0.000
735.006 0.000
735.291 0.000
735.576 0.000
735.861 0.000
736.146 0.000
736.431 0.000
736.716 0.000
737.001 0.000
737.286 0.000
737.571 0.000
737.856 0.000
738.141 0.000
738.426 0.000
738.711 0.000
738.995 0.000
739.280 0.000
739.565 0.000
739.850 0.000
740.135 0.000
740.420 0.000
740.705 0.000
740.990 0.000
741.275 0.000
741.560 0.000
741.845 0.000
742.130 0.000
742.415 0.000
742.700 0.000
742.985 0.000
743.270 0.000
743.554 0.000
743.839 0.000
744.124 0.000
744.409 0.000
744.694 0.000
744.979 0.000
745.264 0.000
745.549 0.000
745.834 0.000
746.119 0.000
746.404 0.000
746.689 0.000
746.974 0.000
747.259 0.000
747.544 0.000
747.829 0.000
748.113 0.000
748.398 0.000
748.683 0.000
748.968 0.000
749.253 0.000
749.538 0.000
749.823 0.000
750.108 0.000
750.393 0.000
750.678 0.000
750.963 0.000
751.248 0.000
751.533 0.000
751.818 0.000
752.103 0.000
752.387 0.000
752.672 0.000
752.957 0.000
753.242 0.000
753.527 0.000
753.812 0.000
754.097 0.000
754.382 0.000
754.667 0.000
754.952 0.000
755.237 0.000
755.522 0.000
755.807 0.000
756.092 0.000
756.377 0.000
756.662 0.000
756.946 0.000
757.231 0.000
757.516 0.000
757.801 0.000
758.086 0.000
758.371 0.000
758.656 0.000
758.941 0.000
759.226 0.000
759.511 0.000
759.796 0.000
760.081 0.000
760.366 0.000
760.651 0.000
760.936 0.000
761.221 0.000
761.505 0.000
761.790 0.000
762.075 0.000
762.360 0.000
762.645 0.000
762.930 0.000
763.215 0.000
763.500 0.000
763.791 0.000
764.082 0.000
764.373 0.000
764.664 0.000
764.955 0.000
765.247 0.000
765.538 0.000
765.829 0.000
766.120 0.000
766.411 0.000
766.702 0.000
766.993 0.000
767.284 0.000
767.575 0.000
767.866 0.000
768.157 0.000
768.449 0.000
768.740 0.000
769.031 0.000
769.322 0.000
769.613 0.000
769.904 0.000
770.195 0.000
770.486 0.000
770.777 0.000
771.068 0.000
771.359 0.000
771.651 0.000
771.942 0.000
772.233 0.000
772.524 0.000
772.815 0.000
773.106 0.000
773.397 0.000
773.688 0.000
773.979 0.000
774.270 0.000
774.561 0.000
774.853 0.000
775.144 0.000
775.435 0.000
775.726 0.000
776.017 0.000
776.308 0.000
776.599 0.000
776.890 0.000
777.181 0.000
777.472 0.000
777.763 0.000
778.055 0.000
778.346 0.000
778.637 0.000
778.928 0.000
779.219 0.000
779.510 0.000
779.801 0.000
780.092 0.000
780.383 0.000
780.674 0.000
780.965 0.000
781.257 0.000
781.548 0.000
781.839 0.000
782.130 0.000
782.421 0.000
782.712 0.000
783.003 0.000
783.294 0.000
783.585 0.000
783.876 0.000
784.167 0.000
784.459 0.000
784.750 0.000
785.041 0.000
785.332 0.000
785.623 0.000
785.914 0.000
786.205 0.000
786.496 0.000
786.787 0.000
787.078 0.000
787.369 0.000
787.661 0.000
787.952 0.000
788.243 0.000
788.534 0.000
788.825 0.000
789.116 0.000
789.407 0.000
789.698 0.000
789.989 0.000
790.280 0.000
790.571 0.000
790.863 0.000
791.154 0.000
791.445 0.000
791.736 0.000
792.027 0.000
792.318 0.000
792.609 0.000
792.900 0.000
793.191 0.000
793.482 0.000
793.773 0.000
794.065 0.000
794.356 0.000
794.647 0.000
794.938 0.000
795.229 0.000
795.520 0.000
795.811 0.000
796.102 0.000
796.393 0.000
796.684 0.000
796.975 0.000
797.267 0.000
797.558 0.000
797.849 0.000
798.140 0.000
798.431 0.000
798.722 0.000
799.013 0.000
799.304 0.000
799.595 0.000
799.886 0.000
800.177 0.000
800.469 0.000
800.760 0.000
801.051 0.000
801.342 0.000
801.633 0.000
801.924 0.000
802.215 0.000
802.506 0.000
802.797 0.000
803.088 0.000
803.379 0.000
803.671 0.000
803.962 0.000
804.253 0.000
804.544 0.000
804.835 0.000
805.126 0.000
805.417 0.000
805.708 0.000
805.999 0.000
806.290 0.000
806.581 0.000
806.873 0.000
807.164 0.000
807.455 0.000
807.746 0.000
808.037 0.000
808.328 0.000
808.619 0.000
808.910 0.000
809.201 0.000
809.492 0.000
809.783 0.000
810.075 0.000
810.366 0.000
810.657 0.000
810.948 0.000
811.239 0.000
811.530 0.000
811.821 0.000
812.112 0.000
812.404 0.000
812.695 0.000
812.986 0.000
813.277 0.000
813.569 0.000
813.860 0.000
814.151 0.000
814.442 0.000
814.734 0.000
815.025 0.000
815.316 0.000
815.607 0.000
815.899 0.000
816.190 0.000
816.481 0.000
816.772 0.000
817.064 0.000
817.355 0.000
817.646 0.000
817.937 0.000
818.229 0.000
818.520 0.000
818.811 0.000
819.102 0.000
819.394 0.000
819.685 0.000
819.976 0.000
820.267 0.000
820.559 0.000
820.850 0.000
821.141 0.000
821.432 0.000
821.723 0.000
822.015 0.000
822.306 0.000
822.597 0.000
822.888 0.000
823.180 0.000
823.471 0.000
823.762 0.000
824.053 0.000
824.345 0.000
824.636 0.000
824.927 0.000
825.218 0.000
825.510 0.000
825.801 0.000
826.092 0.000
826.383 0.000
826.675 0.000
826.966 0.000
827.257 0.000
827.548 0.000
827.840 0.000
828.131 0.000
828.422 0.000
828.713 0.000
829.005 0.000
829.296 0.000
829.587 0.000
829.878 0.000
830.170 0.000
830.461 0.000
830.752 0.000
831.043 0.000
831.335 0.000
831.626 0.000
831.917 0.000
832.208 0.000
832.499 0.000
832.791 0.000
833.082 0.000
833.373 0.000
833.664 0.000
833.956 0.000
834.247 0.000
834.538 0.000
834.829 0.000
835.121 0.000
835.412 0.000
835.703 0.000
835.994 0.000
836.286 0.000
836.577 0.000
836.868 0.000
837.159 0.000
837.451 0.000
837.742 0.000
838.033 0.000
838.324 0.000
838.616 0.000
838.907 0.000
839.198 0.000
839.489 0.000
839.781 0.000
840.072 0.000
840.363 0.000
840.654 0.000
840.946 0.000
841.237 0.000
841.528 0.000
841.819 0.000
842.110 0.000
842.402 0.000
842.693 0.000
842.984 0.000
843.275 0.000
843.567 0.000
843.858 0.000
844.149 0.000
844.440 0.000
844.732 0.000
845.023 0.000
845.314 0.000
845.605 0.000
845.897 0.000
846.188 0.000
846.479 0.000
846.770 0.000
847.062 0.000
847.353 0.000
847.644 0.000
847.935 0.000
848.227 0.000
848.518 0.000
848.809 0.000
849.100 0.000
849.392 0.000
849.683 0.000
849.974 0.000
850.265 0.000
850.557 0.000
850.848 0.000
851.139 0.000
851.430 0.000
851.721 0.000
852.013 0.000
852.304 0.000
852.595 0.000
852.886 0.000
853.178 0.000
853.469 0.000
853.760 0.000
854.051 0.000
854.343 0.000
854.634 0.000
854.925 0.000
855.216 0.000
855.508 0.000
855.799 0.000
856.090 0.000
856.381 0.000
856.673 0.000
856.964 0.000
857.255 0.000
857.546 0.000
857.838 0.000
858.129 0.000
858.420 0.000
858.711 0.000
859.003 0.000
859.294 0.000
859.585 0.000
859.876 0.000
860.168 0.000
860.459 0.000
860.750 0.000
861.041 0.000
861.333 0.000
861.624 0.000
861.915 0.000
862.206 0.000
862.497 0.000
862.789 0.000
863.080 0.000
863.371 0.000
863.662 0.000
863.954 0.000
864.245 0.000
864.536 0.000
864.827 0.000
865.119 0.000
865.410 0.000
865.701 0.000
865.992 0.000
866.284 0.000
866.575 0.000
866.866 0.000
867.157 0.000
867.449 0.000
867.740 0.000
868.031 0.000
868.322 0.000
868.614 0.000
868.905 0.000
869.196 0.000
869.487 0.000
869.779 0.000
870.070 0.000
870.361 0.000
870.652 0.000
870.944 0.000
871.235 0.000
871.526 0.000
871.817 0.000
872.109 0.000
872.400 0.000
872.691 0.000
872.982 0.000
873.273 0.000
873.565 0.000
873.856 0.000
874.147 0.000
874.438 0.000
874.730 0.000
875.021 0.000
875.312 0.000
875.603 0.000
875.895 0.000
876.186 0.000
876.477 0.000
876.768 0.000
877.060 0.000
877.351 0.000
877.642 0.000
877.933 0.000
878.225 0.000
878.516 0.000
878.807 0.000
879.098 0.000
879.390 0.000
879.681 0.000
879.972 0.000
880.263 0.000
880.555 0.000
880.846 0.000
881.137 0.000
881.428 0.000
881.720 0.000
882.011 0.000
882.302 0.000
882.593 0.000
882.884 0.000
883.176 0.000
883.467 0.000
883.758 0.000
884.049 0.000
884.341 0.000
884.632 0.000
884.923 0.000
885.214 0.000
885.506 0.000
885.797 0.000
886.088 0.000
886.379 0.000
886.671 0.000
886.962 0.000
887.253 0.000
887.544 0.000
887.836 0.000
888.127 0.000
888.418 0.000
888.709 0.000
889.001 0.000
889.292 0.000
889.583 0.000
889.874 0.000
890.166 0.000
890.457 0.000
890.748 0.000
891.039 0.000
891.331 0.000
891.622 0.000
891.913 0.000
892.204 0.000
892.495 0.000
892.787 0.000
893.078 0.000
893.369 0.000
893.660 0.000
893.952 0.000
894.243 0.000
894.534 0.000
894.825 0.000
895.117 0.000
895.408 0.000
895.699 0.000
895.990 0.000
896.282 0.000
896.573 0.000
896.864 0.000
897.155 0.000
897.447 0.000
897.738 0.000
898.029 0.000
898.320 0.000
898.612 0.000
898.903 0.000
899.194 0.000
899.485 0.000
899.777 0.000
900.068 0.000
900.359 0.000
900.650 0.000
900.942 0.000
901.233 0.000
901.524 0.000
901.815 0.000
902.106 0.000
902.398 0.000
902.689 0.000
902.980 0.000
903.271 0.000
903.563 0.000
903.854 0.000
904.145 0.000
904.436 0.000
904.728 0.000
905.019 0.000
905.310 0.000
905.601 0.000
905.893 0.000
906.184 0.000
906.475 0.000
906.766 0.000
907.058 0.000
907.349 0.000
907.640 0.000
907.931 0.000
908.223 0.000
908.514 0.000
908.805 0.000
909.096 0.000
909.388 0.000
909.679 0.000
909.970 0.000
910.261 0.000
910.553 0.000
910.844 0.000
911.135 0.000
911.426 0.000
911.718 0.000
912.009 0.000
912.300 0.000
912.599 0.000
912.898 0.000
913.196 0.000
913.495 0.000
913.794 0.000
914.093 0.000
914.391 0.000
914.690 0.000
914.989 0.000
915.288 0.000
915.586 0.000
915.885 0.000
916.184 0.000
916.483 0.000
916.782 0.000
917.080 0.000
917.379 0.000
917.678 0.000
917.977 0.000
918.275 0.000
918.574 0.000
918.873 0.000
919.172 0.000
919.471 0.000
919.769 0.000
920.068 0.000
920.367 0.000
920.666 0.000
920.964 0.000
921.263 0.000
921.562 0.000
921.861 0.000
922.159 0.000
922.458 0.000
922.757 0.000
923.056 0.000
923.355 0.000
923.653 0.000
923.952 0.000
924.251 0.000
924.550 0.000
924.848 0.000
925.147 0.000
925.446 0.000
925.745 0.000
926.043 0.000
926.342 0.000
926.641 0.000
926.940 0.000
927.239 0.000
927.537 0.000
927.836 0.000
928.135 0.000
928.434 0.000
928.732 0.000
929.031 0.000
929.330 0.000
929.629 0.000
929.927 0.000
930.226 0.000
930.525 0.000
930.824 0.000
931.123 0.000
931.421 0.000
931.720 0.000
932.019 0.000
932.318 0.000
932.616 0.000
932.915 0.000
933.214 0.000
933.513 0.000
933.812 0.000
934.110 0.000
934.409 0.000
934.708 0.000
935.007 0.000
935.305 0.000
935.604 0.000
935.903 0.000
936.202 0.000
936.500 0.000
936.799 0.000
937.098 0.000
937.397 0.000
937.696 0.000
937.994 0.000
938.293 0.000
938.592 0.000
938.891 0.000
939.189 0.000
939.488 0.000
939.787 0.000
940.086 0.000
940.384 0.000
940.683 0.000
940.982 0.000
941.281 0.000
941.580 0.000
941.878 0.000
942.177 0.000
942.476 0.000
942.775 0.000
943.073 0.000
943.372 0.000
943.671 0.000
943.970 0.000
944.268 0.000
944.567 0.000
944.866 0.000
945.165 0.000
945.464 0.000
945.762 0.000
946.061 0.000
946.360 0.000
946.659 0.000
946.957 0.000
947.256 0.000
947.555 0.000
947.854 0.000
948.153 0.000
948.451 0.000
948.750 0.000
949.049 0.000
949.348 0.000
949.646 0.000
949.945 0.000
950.244 0.000
950.543 0.000
950.841 0.000
951.140 0.000
951.439 0.000
951.738 0.000
952.037 0.000
952.335 0.000
952.634 0.000
952.933 0.000
953.232 0.000
953.530 0.000
953.829 0.000
954.128 0.000
954.427 0.000
954.725 0.000
955.024 0.000
955.323 0.000
955.622 0.000
955.921 0.000
956.219 0.000
956.518 0.000
956.817 0.000
957.116 0.000
957.414 0.000
957.713 0.000
958.012 0.000
958.311 0.000
958.610 0.000
958.908 0.000
959.207 0.000
959.506 0.000
959.805 0.000
960.103 0.000
960.402 0.000
960.701 0.000
961.000 0.000
961.298 0.000
961.597 0.000
961.896 0.000
962.195 0.000
962.494 0.000
962.792 0.000
963.091 0.000
963.390 0.000
963.689 0.000
963.987 0.000
964.286 0.000
964.585 0.000
964.884 0.000
965.182 0.000
965.481 0.000
965.780 0.000
966.075 0.000
966.370 0.000
966.666 0.000
966.961 0.000
967.256 0.000
967.551 0.000
967.847 0.000
968.142 0.000
968.437 0.000
968.732 0.000
969.028 0.000
969.323 0.000
969.618 0.000
969.913 0.000
970.208 0.000
970.504 0.000
970.799 0.000
971.094 0.000
971.389 0.000
971.685 0.000
971.980 0.000
972.275 0.000
972.570 0.000
972.866 0.000
973.161 0.000
973.456 0.000
973.751 0.000
974.047 0.000
974.342 0.000
974.637 0.000
974.932 0.000
975.227 0.000
975.523 0.000
975.818 0.000
976.113 0.000
976.408 0.000
976.704 0.000
976.999 0.000
977.294 0.000
977.589 0.000
977.885 0.000
978.180 0.000
978.475 0.000
978.770 0.000
979.066 0.000
979.361 0.000
979.656 0.000
979.951 0.000
980.246 0.000
980.542 0.000
980.837 0.000
981.132 0.000
981.427 0.000
981.723 0.000
982.018 0.000
982.313 0.000
982.608 0.000
982.904 0.000
983.199 0.000
983.494 0.000
983.789 0.000
984.084 0.000
984.380 0.000
984.675 0.000
984.970 0.000
985.265 0.000
985.561 0.000
985.856 0.000
986.151 0.000
986.446 0.000
986.742 0.000
987.037 0.000
987.332 0.000
987.627 0.000
987.923 0.000
988.218 0.000
988.513 0.000
988.808 0.000
989.103 0.000
989.399 0.000
989.694 0.000
989.989 0.000
990.284 0.000
990.580 0.000
990.875 0.000
991.170 0.000
991.465 0.000
991.761 0.000
992.056 0.000
992.351 0.000
992.646 0.000
992.942 0.000
993.237 0.000
993.532 0.000
993.827 0.000
994.122 0.000
994.418 0.000
994.713 0.000
995.008 0.000
995.303 0.000
995.599 0.000
995.894 0.000
996.189 0.000
996.484 0.000
996.780 0.000
997.075 0.000
997.370 0.000
997.665 0.000
997.960 0.000
998.256 0.000
998.551 0.000
998.846 0.000
999.141 0.000
999.437 0.000
999.732 0.000
1000.027 0.000
1000.322 0.000
1000.618 0.000
1000.913 0.000
1001.208 0.000
1001.503 0.000
1001.799 0.000
1002.094 0.000
1002.389 0.000
1002.684 0.000
1002.979 0.000
1003.275 0.000
1003.570 0.000
1003.865 0.000
1004.160 0.000
1004.456 0.000
1004.751 0.000
1005.046 0.000
1005.341 0.000
1005.637 0.000
1005.932 0.000
1006.227 0.000
1006.522 0.000
1006.817 0.000
1007.113 0.000
1007.408 0.000
1007.703 0.000
1007.998 0.000
1008.294 0.000
1008.589 0.000
1008.884 0.000
1009.179 0.000
1009.475 0.000
1009.770 0.000
1010.065 0.000
1010.360 0.000
1010.656 0.000
1010.951 0.000
1011.246 0.000
1011.541 0.000
1011.836 0.000
1012.132 0.000
1012.427 0.000
1012.722 0.000
1013.017 0.000
1013.313 0.000
1013.608 0.000
1013.903 0.000
1014.198 0.000
1014.494 0.000
1014.789 0.000
1015.084 0.000
1015.379 0.000
1015.674 0.000
1015.970 0.000
1016.265 0.000
1016.560 0.000
1016.855 0.000
1017.151 0.000
1017.446 0.000
1017.741 0.000
1018.036 0.000
1018.332 0.000
1018.627 0.000
1018.922 0.000
1019.217 0.000
1019.513 0.000
1019.808 0.000
1020.103 0.000
1020.398 0.000
1020.693 0.000
1020.989 0.000
1021.284 0.000
1021.579 0.000
1021.874 0.000
1022.170 0.000
1022.465 0.000
1022.760 0.000
1023.055 0.000
1023.351 0.000
1023.646 0.000
1023.941 0.000
1024.236 0.000
1024.532 0.000
1024.827 0.000
1025.122 0.000
1025.417 0.000
1025.712 0.000
1026.008 0.000
1026.303 0.000
1026.598 0.000
1026.893 0.000
1027.189 0.000
1027.484 0.000
1027.779 0.000
1028.074 0.000
1028.370 0.000
1028.665 0.000
1028.960 0.000
1029.255 0.000
1029.550 0.000
1029.846 0.000
1030.141 0.000
1030.436 0.000
1030.731 0.000
1031.027 0.000
1031.322 0.000
1031.617 0.000
1031.912 0.000
1032.208 0.000
1032.503 0.000
1032.798 0.000
1033.093 0.000
1033.389 0.000
1033.684 0.000
1033.979 0.000
1034.274 0.000
1034.569 0.000
1034.865 0.000
1035.160 0.000
1035.455 0.000
1035.750 0.000
1036.046 0.000
1036.341 0.000
1036.636 0.000
1036.931 0.000
1037.227 0.000
1037.522 0.000
1037.817 0.000
1038.112 0.000
1038.407 0.000
1038.703 0.000
1038.998 0.000
1039.293 0.000
1039.588 0.000
1039.884 0.000
1040.179 0.000
1040.474 0.000
1040.769 0.000
1041.065 0.000
1041.360 0.000
1041.655 0.000
1041.950 0.000
1042.246 0.000
1042.541 0.000
1042.836 0.000
1043.131 0.000
1043.426 0.000
1043.722 0.000
1044.017 0.000
1044.312 0.000
1044.607 0.000
1044.903 0.000
1045.198 0.000
1045.493 0.000
1045.788 0.000
1046.084 0.000
1046.379 0.000
1046.674 0.000
1046.969 0.000
1047.264 0.000
1047.560 0.000
1047.855 0.000
1048.150 0.000
1048.445 0.000
1048.741 0.000
1049.036 0.000
1049.331 0.000
1049.626 0.000
1049.922 0.000
1050.217 0.000
1050.512 0.000
1050.807 0.000
1051.103 0.000
1051.398 0.000
1051.693 0.000
1051.988 0.000
1052.283 0.000
1052.579 0.000
1052.874 0.000
1053.169 0.000
1053.464 0.000
1053.760 0.000
1054.055 0.000
1054.350 0.000
1054.645 0.000
1054.941 0.000
1055.236 0.000
1055.531 0.000
1055.826 0.000
1056.122 0.000
1056.417 0.000
1056.712 0.000
1057.007 0.000
1057.302 0.000
1057.598 0.000
1057.893 0.000
1058.188 0.000
1058.483 0.000
1058.779 0.000
1059.074 0.000
1059.369 0.000
1059.664 0.000
1059.960 0.000
1060.255 0.000
1060.550 0.000
1060.845 0.000
1061.140 0.000
1061.436 0.000
1061.731 0.000
1062.026 0.000
1062.321 0.000
1062.617 0.000
1062.912 0.000
1063.207 0.000
1063.502 0.000
1063.798 0.000
1064.093 0.000
1064.388 0.000
1064.683 0.000
1064.978 0.000
1065.274 0.000
1065.569 0.000
1065.864 0.000
1066.159 0.000
1066.455 0.000
1066.750 0.000
1067.045 0.000
1067.340 0.000
1067.636 0.000
1067.931 0.000
1068.226 0.000
1068.521 0.000
1068.817 0.000
1069.112 0.000
1069.407 0.000
1069.702 0.000
1069.997 0.000
1070.293 0.000
1070.588 0.000
1070.883 0.000
1071.178 0.000
1071.474 0.000
1071.769 0.000
1072.064 0.000
1072.359 0.000
1072.655 0.000
1072.950 0.000
1073.245 0.000
1073.540 0.000
1073.836 0.000
1074.131 0.000
1074.426 0.000
1074.721 0.000
1075.016 0.000
1075.312 0.000
1075.607 0.000
1075.902 0.000
1076.197 0.000
1076.493 0.000
1076.788 0.000
1077.083 0.000
1077.378 0.000
1077.674 0.000
1077.969 0.000
1078.264 0.000
1078.559 0.000
1078.854 0.000
1079.150 0.000
1079.445 0.000
1079.740 0.000
1080.035 0.000
1080.331 0.000
1080.626 0.000
1080.921 0.000
1081.216 0.000
1081.512 0.000
1081.807 0.000
1082.102 0.000
1082.397 0.000
1082.693 0.000
1082.988 0.000
1083.283 0.000
1083.578 0.000
1083.873 0.000
1084.169 0.000
1084.464 0.000
1084.759 0.000
1085.054 0.000
1085.350 0.000
1085.645 0.000
1085.940 0.000
1086.235 0.000
1086.531 0.000
1086.826 0.000
1087.121 0.000
1087.416 0.000
1087.711 0.000
1088.007 0.000
1088.302 0.000
1088.597 0.000
1088.892 0.000
1089.188 0.000
1089.483 0.000
1089.778 0.000
1090.073 0.000
1090.369 0.000
1090.664 0.000
1090.959 0.000
1091.254 0.000
1091.550 0.000
1091.845 0.000
1092.140 0.000
1092.452 0.000
1092.764 0.000
1093.076 0.000
1093.388 0.000
1093.700 0.000
1094.012 0.000
1094.324 0.000
1094.636 0.000
1094.948 0.000
1095.260 0.000
1095.572 0.000
1095.884 0.000
1096.196 0.000
1096.508 0.000
1096.820 0.000
1097.132 0.000
1097.444 0.000
1097.756 0.000
1098.068 0.000
1098.380 0.000
1098.692 0.000
1099.004 0.000
1099.316 0.000
1099.628 0.000
1099.940 0.000
1100.252 0.000
1100.564 0.000
1100.877 0.000
1101.189 0.000
1101.501 0.000
1101.813 0.000
1102.125 0.000
1102.437 0.000
1102.749 0.000
1103.061 0.000
1103.373 0.000
1103.685 0.000
1103.997 0.000
1104.309 0.000
1104.621 0.000
1104.933 0.000
1105.245 0.000
1105.557 0.000
1105.869 0.000
1106.181 0.000
1106.493 0.000
1106.805 0.000
1107.117 0.000
1107.429 0.000
1107.741 0.000
1108.053 0.000
1108.365 0.000
1108.677 0.000
1108.989 0.000
1109.301 0.000
1109.613 0.000
1109.925 0.000
1110.237 0.000
1110.549 0.000
1110.861 0.000
1111.173 0.000
1111.485 0.000
1111.797 0.000
1112.109 0.000
1112.421 0.000
1112.733 0.000
1113.045 0.000
1113.357 0.000
1113.669 0.000
1113.981 0.000
1114.293 0.000
1114.605 0.000
1114.917 0.000
1115.229 0.000
1115.541 0.000
1115.853 0.000
1116.165 0.000
1116.477 0.000
1116.789 0.000
1117.101 0.000
1117.413 0.000
1117.725 0.000
1118.037 0.000
1118.349 0.000
1118.662 0.000
1118.974 0.000
1119.286 0.000
1119.598 0.000
1119.910 0.000
1120.222 0.000
1120.534 0.000
1120.846 0.000
1121.158 0.000
1121.470 0.000
1121.782 0.000
1122.094 0.000
1122.406 0.000
1122.718 0.000
1123.030 0.000
1123.342 0.000
1123.654 0.000
1123.966 0.000
1124.278 0.000
1124.590 0.000
1124.902 0.000
1125.214 0.000
1125.526 0.000
1125.838 0.000
1126.150 0.000
1126.462 0.000
1126.774 0.000
1127.086 0.000
1127.398 0.000
1127.710 0.000
1128.022 0.000
1128.334 0.000
1128.646 0.000
1128.958 0.000
1129.270 0.000
1129.582 0.000
1129.894 0.000
1130.206 0.000
1130.518 0.000
1130.830 0.000
1131.142 0.000
1131.454 0.000
1131.766 0.000
1132.078 0.000
1132.390 0.000
1132.702 0.000
1133.014 0.000
1133.326 0.000
1133.638 0.000
1133.950 0.000
1134.262 0.000
1134.574 0.000
1134.886 0.000
1135.198 0.000
1135.510 0.000
1135.822 0.000
1136.134 0.000
1136.447 0.000
1136.759 0.000
1137.071 0.000
1137.383 0.000
1137.695 0.000
1138.007 0.000
1138.319 0.000
1138.631 0.000
1138.943 0.000
1139.255 0.000
1139.567 0.000
1139.879 0.000
1140.191 0.000
1140.503 0.000
1140.815 0.000
1141.127 0.000
1141.439 0.000
1141.751 0.000
1142.063 0.000
1142.375 0.000
1142.687 0.000
1142.999 0.000
1143.311 0.000
1143.623 0.000
1143.935 0.000
1144.247 0.000
1144.559 0.000
1144.871 0.000
1145.183 0.000
1145.495 0.000
1145.807 0.000
1146.119 0.000
1146.431 0.000
1146.743 0.000
1147.055 0.000
1147.367 0.000
1147.679 0.000
1147.991 0.000
1148.303 0.000
1148.615 0.000
1148.927 0.000
1149.239 0.000
1149.551 0.000
1149.863 0.000
1150.175 0.000
1150.487 0.000
1150.799 0.000
1151.111 0.000
1151.423 0.000
1151.735 0.000
1152.047 0.000
1152.359 0.000
1152.671 0.000
1152.983 0.000
1153.295 0.000
1153.607 0.000
1153.920 0.000
1154.232 0.000
1154.544 0.000
1154.856 0.000
1155.168 0.000
1155.480 0.000
1155.792 0.000
1156.104 0.000
1156.416 0.000
1156.728 0.000
1157.040 0.000
1157.352 0.000
1157.664 0.000
1157.976 0.000
1158.288 0.000
1158.600 0.000
1158.912 0.000
1159.224 0.000
1159.536 0.000
1159.848 0.000
1160.160 0.000
1160.472 0.000
1160.784 0.000
1161.096 0.000
1161.408 0.000
1161.720 0.000
1162.032 0.000
1162.344 0.000
1162.656 0.000
1162.968 0.000
1163.280 0.000
1163.592 0.000
1163.904 0.000
1164.216 0.000
1164.528 0.000
1164.840 0.000
1165.152 0.000
1165.464 0.000
1165.776 0.000
1166.088 0.000
1166.400 0.000
1166.712 0.000
1167.024 0.000
1167.336 0.000
1167.648 0.000
1167.960 0.000
1168.272 0.000
1168.584 0.000
1168.896 0.000
1169.208 0.000
1169.520 0.000
1169.832 0.000
1170.144 0.000
1170.456 0.000
1170.768 0.000
1171.080 0.000
1171.392 0.000
1171.705 0.000
1172.017 0.000
1172.329 0.000
1172.641 0.000
1172.953 0.000
1173.265 0.000
1173.577 0.000
1173.889 0.000
1174.201 0.000
1174.513 0.000
1174.825 0.000
1175.137 0.000
1175.449 0.000
1175.761 0.000
1176.073 0.000
1176.385 0.000
1176.697 0.000
1177.009 0.000
1177.321 0.000
1177.633 0.000
1177.945 0.000
1178.257 0.000
1178.569 0.000
1178.881 0.000
1179.193 0.000
1179.505 0.000
1179.817 0.000
1180.129 0.000
1180.441 0.000
1180.753 0.000
1181.065 0.000
1181.377 0.000
1181.689 0.000
1182.001 0.000
1182.313 0.000
1182.625 0.000
1182.937 0.000
1183.249 0.000
1183.561 0.000
1183.873 0.000
1184.185 0.000
1184.497 0.000
1184.809 0.000
1185.121 0.000
1185.433 0.000
1185.745 0.000
1186.057 0.000
1186.369 0.000
1186.681 0.000
1186.993 0.000
1187.305 0.000
1187.617 0.000
1187.929 0.000
1188.241 0.000
1188.553 0.000
1188.865 0.000
1189.178 0.000
1189.490 0.000
1189.802 0.000
1190.114 0.000
1190.426 0.000
1190.738 0.000
1191.050 0.000
1191.362 0.000
1191.674 0.000
1191.986 0.000
1192.298 0.000
1192.610 0.000
1192.922 0.000
1193.234 0.000
1193.546 0.000
1193.858 0.000
1194.170 0.000
1194.482 0.000
1194.794 0.000
1195.106 0.000
1195.418 0.000
1195.730 0.000
1196.042 0.000
1196.354 0.000
1196.666 0.000
1196.978 0.000
1197.290 0.000
1197.602 0.000
1197.914 0.000
1198.226 0.000
1198.538 0.000
1198.850 0.000
1199.162 0.000
1199.474 0.000
1199.786 0.000
1200.098 0.000
