177.811 0.000
178.065 0.000
178.318 0.000
178.572 0.000
178.826 0.000
179.079 0.000
179.333 0.000
179.587 0.000
179.840 0.000
180.094 0.000
180.347 0.000
180.601 0.000
180.855 0.000
181.108 0.000
181.362 0.000
181.616 0.000
181.869 0.000
182.123 0.000
182.377 0.000
182.630 0.000
182.884 0.000
183.137 0.000
183.391 0.000
183.645 0.000
183.898 0.000
184.152 0.000
184.406 0.000
184.659 0.000
184.913 0.000
185.167 0.000
185.420 0.000
185.674 0.000
185.928 0.000
186.181 0.000
186.435 0.000
186.688 0.000
186.942 0.000
187.196 0.000
187.449 0.000
187.703 0.000
187.957 0.000
188.210 0.000
188.464 0.000
188.718 0.000
188.971 0.000
189.225 0.000
189.479 0.000
189.732 0.000
189.986 0.000
190.239 0.000
190.493 0.000
190.747 0.000
191.000 0.000
191.254 0.000
191.508 0.000
191.761 0.000
192.015 0.000
192.269 0.000
192.522 0.000
192.776 0.000
193.030 0.000
193.283 0.000
193.537 0.000
193.790 0.000
194.044 0.000
194.298 0.000
194.551 0.000
194.805 0.000
195.059 0.000
195.312 0.000
195.566 0.000
195.820 0.000
196.073 0.000
196.327 0.000
196.581 0.000
196.834 0.000
197.088 0.000
197.341 0.000
197.595 0.000
197.849 0.000
198.102 0.000
198.356 0.000
198.610 0.000
198.863 0.000
199.117 0.000
199.371 0.000
199.624 0.000
199.878 0.000
200.132 0.000
200.385 0.000
200.639 0.000
200.892 0.000
201.146 0.000
201.400 0.000
201.653 0.000
201.907 0.000
202.161 0.000
202.414 0.000
202.668 0.000
202.922 0.000
203.175 0.000
203.429 0.000
203.683 0.000
203.936 0.000
204.190 0.000
204.443 0.000
204.697 0.000
204.951 0.000
205.204 0.000
205.458 0.000
205.712 0.000
205.965 0.000
206.219 0.000
206.473 0.000
206.726 0.000
206.980 0.000
207.233 0.000
207.487 0.000
207.741 0.000
207.994 0.000
208.248 0.000
208.502 0.000
208.755 0.000
209.009 0.000
209.263 0.000
209.516 0.000
209.770 0.000
210.024 0.000
210.277 0.000
210.531 0.000
210.784 0.000
211.038 0.000
211.292 0.000
211.545 0.000
211.799 0.000
212.053 0.000
212.306 0.000
212.560 0.000
212.814 0.000
213.067 0.000
213.321 0.000
213.575 0.000
213.828 0.000
214.082 0.000
214.335 0.000
214.589 0.000
214.843 0.000
215.096 0.000
215.350 0.000
215.604 0.000
215.857 0.000
216.111 0.000
216.365 0.000
216.618 0.000
216.872 0.000
217.126 0.000
217.379 0.000
217.633 0.000
217.886 0.000
218.140 0.000
218.394 0.000
218.647 0.000
218.901 0.000
219.155 0.000
219.408 0.000
219.662 0.000
219.916 0.000
220.169 0.000
220.423 0.000
220.677 0.000
220.930 0.000
221.184 0.000
221.437 0.000
221.691 0.000
221.945 0.000
222.198 0.000
222.452 0.000
222.706 0.000
222.959 0.000
223.213 0.000
223.467 0.000
223.720 0.000
223.974 0.000
224.228 0.000
224.481 0.000
224.735 0.000
224.988 0.000
225.242 0.000
225.496 0.000
225.749 0.000
226.003 0.000
226.257 0.000
226.510 0.000
226.764 0.000
227.018 0.000
227.271 0.000
227.525 0.000
227.779 0.000
228.032 0.000
228.286 0.000
228.539 0.000
228.793 0.000
229.047 0.000
229.300 0.000
229.554 0.000
229.808 0.000
230.061 0.000
230.315 0.000
230.569 0.000
230.822 0.000
231.076 0.000
231.330 0.000
231.583 0.000
231.837 0.000
232.090 0.000
232.344 0.000
232.598 0.000
232.851 0.000
233.105 0.000
233.359 0.000
233.612 0.000
233.866 0.000
234.120 0.000
234.373 0.000
234.627 0.000
234.880 0.000
235.134 0.000
235.388 0.000
235.641 0.000
235.895 0.000
236.149 0.000
236.402 0.000
236.656 0.000
236.910 0.000
237.163 0.000
237.417 0.000
237.671 0.000
237.924 0.000
238.178 0.000
238.431 0.000
238.685 0.000
238.939 0.000
239.192 0.000
239.446 0.000
239.700 0.000
239.953 0.000
240.207 0.000
240.461 0.000
240.714 0.000
240.968 0.000
241.222 0.000
241.475 0.000
241.729 0.000
241.982 0.000
242.236 0.000
242.490 0.000
242.743 0.000
242.997 0.000
243.251 0.000
243.504 0.000
243.758 0.000
244.012 0.000
244.265 0.000
244.519 0.000
244.773 0.000
245.026 0.000
245.280 0.000
245.533 0.000
245.787 0.000
246.041 0.000
246.294 0.000
246.548 0.000
246.802 0.000
247.055 0.000
247.309 0.000
247.563 0.000
247.816 0.000
248.070 0.000
248.324 0.000
248.577 0.000
248.831 0.000
249.084 0.000
249.338 0.000
249.592 0.000
249.845 0.000
250.099 0.000
250.353 0.000
250.606 0.000
250.860 0.000
251.114 0.000
251.367 0.000
251.621 0.000
251.875 0.000
252.128 0.000
252.382 0.000
252.635 0.000
252.889 0.000
253.143 0.000
253.396 0.000
253.650 0.000
253.904 0.000
254.159 0.000
254.413 0.000
254.667 0.000
254.922 0.000
255.176 0.000
255.431 0.000
255.685 0.000
255.939 0.000
256.194 0.000
256.448 0.000
256.702 0.000
256.957 0.000
257.211 0.000
257.465 0.000
257.720 0.000
257.974 0.000
258.228 0.000
258.483 0.000
258.737 0.000
258.992 0.000
259.246 0.000
259.500 0.000
259.755 0.000
260.009 0.000
260.263 0.000
260.518 0.000
260.772 0.000
261.026 0.000
261.281 0.000
261.535 0.000
261.789 0.000
262.044 0.000
262.298 0.000
262.553 0.000
262.807 0.000
263.061 0.000
263.316 0.000
263.570 0.000
263.824 0.000
264.079 0.000
264.333 0.000
264.587 0.000
264.842 0.000
265.096 0.000
265.351 0.000
265.605 0.000
265.859 0.000
266.114 0.000
266.368 0.000
266.622 0.000
266.877 0.000
267.131 0.000
267.385 0.000
267.640 0.000
267.894 0.000
268.148 0.000
268.403 0.000
268.657 0.000
268.912 0.000
269.166 0.000
269.420 0.000
269.675 0.000
269.929 0.000
270.183 0.000
270.438 0.000
270.692 0.000
270.946 0.000
271.201 0.000
271.455 0.000
271.709 0.000
271.964 0.000
272.218 0.000
272.473 0.000
272.727 0.000
272.981 0.000
273.236 0.000
273.490 0.000
273.744 0.000
273.999 0.000
274.253 0.000
274.507 0.000
274.762 0.000
275.016 0.000
275.271 0.000
275.525 0.000
275.779 0.000
276.034 0.000
276.288 0.000
276.542 0.000
276.797 0.000
277.051 0.000
277.305 0.000
277.560 0.000
277.814 0.000
278.068 0.000
278.323 0.000
278.577 0.000
278.832 0.000
279.086 0.000
279.340 0.000
279.595 0.000
279.849 0.000
280.103 0.000
280.358 0.000
280.612 0.000
280.866 0.000
281.121 0.000
281.375 0.000
281.629 0.000
281.884 0.000
282.138 0.000
282.393 0.000
282.647 0.000
282.901 0.000
283.156 0.000
283.410 0.000
283.664 0.000
283.919 0.000
284.173 0.000
284.427 0.000
284.682 0.000
284.936 0.000
285.191 0.000
285.445 0.000
285.699 0.000
285.954 0.000
286.208 0.000
286.462 0.000
286.717 0.000
286.971 0.000
287.225 0.000
287.480 0.000
287.734 0.000
287.988 0.000
288.243 0.000
288.497 0.000
288.752 0.000
289.006 0.000
289.260 0.000
289.515 0.000
289.769 0.000
290.023 0.000
290.278 0.000
290.532 0.000
290.786 0.000
291.041 0.000
291.295 0.000
291.549 0.000
291.804 0.000
292.058 0.000
292.313 0.000
292.567 0.000
292.821 0.000
293.076 0.000
293.330 0.000
293.584 0.000
293.839 0.000
294.093 0.000
294.347 0.000
294.602 0.000
294.856 0.000
295.111 0.000
295.365 0.000
295.619 0.000
295.874 0.000
296.128 0.000
296.382 0.000
296.637 0.000
296.891 0.000
297.145 0.000
297.400 0.000
297.654 0.000
297.908 0.000
298.163 0.000
298.417 0.000
298.672 0.000
298.926 0.000
299.180 0.000
299.435 0.000
299.689 0.000
299.943 0.000
300.198 0.000
300.452 75.000
300.706 150.000
300.961 285.000
301.215 226.000
301.469 364.000
301.724 432.000
301.978 408.000
302.233 417.000
302.487 609.000
302.741 658.000
302.996 717.000
303.250 849.000
303.504 899.000
303.759 1008.000
304.013 1048.000
304.267 1026.000
304.522 1035.000
304.776 1139.000
305.031 1122.000
305.285 1227.000
305.539 1330.000
305.794 1377.000
306.048 1522.000
306.302 1578.000
306.557 1494.000
306.811 1591.000
307.065 1710.000
307.320 1777.000
307.574 1816.000
307.828 1941.000
308.083 2128.000
308.337 2112.000
308.592 2209.000
308.846 2339.000
309.100 2434.000
309.355 2454.000
309.609 2541.000
309.863 2804.000
310.118 2671.000
310.372 2811.000
310.626 2944.000
310.881 3208.000
311.135 3250.000
311.389 3478.000
311.644 3458.000
311.898 3606.000
312.153 3613.000
312.407 3783.000
312.661 3791.000
312.916 3880.000
313.170 4130.000
313.429 4125.000
313.688 4252.000
313.947 4489.000
314.206 4523.000
314.465 4605.000
314.724 4732.000
314.983 4858.000
315.242 5060.000
315.501 5200.000
315.760 5183.000
316.019 5319.000
316.278 5456.000
316.536 5604.000
316.795 5807.000
317.054 5950.000
317.313 6164.000
317.572 6337.000
317.831 6410.000
318.090 6513.000
318.349 6689.000
318.608 6899.000
318.867 6856.000
319.126 6962.000
319.385 7160.000
319.644 7398.000
319.903 7680.000
320.162 7892.000
320.421 7924.000
320.680 8100.000
320.939 8111.000
321.198 8188.000
321.457 8443.000
321.716 8554.000
321.975 8782.000
322.234 8999.000
322.493 9199.000
322.752 9482.000
323.010 9641.000
323.269 9502.000
323.528 9635.000
323.787 9892.000
324.046 9853.000
324.305 10064.000
324.564 10511.000
324.823 10511.000
325.082 10482.000
325.341 10840.000
325.600 10980.000
325.859 11096.000
326.118 11155.000
326.377 11251.000
326.636 11550.000
326.895 11732.000
327.154 11795.000
327.413 12038.000
327.672 12082.000
327.931 12239.000
328.190 12544.000
328.449 12780.000
328.708 12904.000
328.967 12980.000
329.226 13011.000
329.485 13194.000
329.743 13362.000
330.002 13449.000
330.261 13643.000
330.520 13960.000
330.779 14056.000
331.038 14154.000
331.297 14152.000
331.556 14602.000
331.815 14745.000
332.074 14635.000
332.333 15059.000
332.592 15303.000
332.851 15339.000
333.110 15356.000
333.369 15418.000
333.628 15590.000
333.887 15825.000
334.146 16156.000
334.405 16322.000
334.664 16361.000
334.923 16386.000
335.182 16580.000
335.441 16817.000
335.700 16815.000
335.959 17041.000
336.217 17165.000
336.476 17176.000
336.735 17510.000
336.994 17777.000
337.253 18002.000
337.512 17968.000
337.771 18038.000
338.030 18142.000
338.289 18349.000
338.548 18294.000
338.807 18322.000
339.066 18718.000
339.325 18764.000
339.584 18826.000
339.843 18884.000
340.102 19133.000
340.361 19167.000
340.620 19478.000
340.879 19675.000
341.138 19695.000
341.397 19751.000
341.656 19903.000
341.915 20144.000
342.174 20225.000
342.433 20066.000
342.691 20096.000
342.950 20357.000
343.209 20576.000
343.468 20893.000
343.727 20997.000
343.986 20968.000
344.245 21214.000
344.504 21295.000
344.763 21323.000
345.022 21297.000
345.281 21483.000
345.540 21508.000
345.799 21663.000
346.058 22062.000
346.317 22119.000
346.576 21964.000
346.835 21929.000
347.094 22003.000
347.353 22222.000
347.612 22192.000
347.871 22413.000
348.130 22664.000
348.389 22690.000
348.648 22645.000
348.907 22811.000
349.166 22955.000
349.424 23079.000
349.683 22984.000
349.942 23180.000
350.201 23331.000
350.460 23380.000
350.719 23277.000
350.978 23189.000
351.237 23475.000
351.496 23906.000
351.755 23808.000
352.014 23834.000
352.273 23913.000
352.532 23984.000
352.791 24046.000
353.050 23945.000
353.309 24051.000
353.568 24196.000
353.827 24099.000
354.086 24177.000
354.345 24554.000
354.604 24488.000
354.863 24412.000
355.122 24560.000
355.381 24665.000
355.640 24674.000
355.898 24865.000
356.157 24779.000
356.416 24933.000
356.675 24877.000
356.934 24639.000
357.193 24901.000
357.452 24872.000
357.711 25015.000
357.970 25362.000
358.229 25313.000
358.488 25204.000
358.747 25012.000
359.006 25011.000
359.265 25090.000
359.524 25016.000
359.783 25096.000
360.042 25076.000
360.301 25097.000
360.560 25234.000
360.819 25215.000
361.078 25083.000
361.337 25088.000
361.596 25230.000
361.855 25582.000
362.114 25656.000
362.372 25610.000
362.631 25254.000
362.890 25426.000
363.149 25663.000
363.408 25865.000
363.667 25760.000
363.926 25638.000
364.185 25611.000
364.444 25593.000
364.703 25700.000
364.962 25769.000
365.221 25924.000
365.480 25954.000
365.739 25891.000
365.999 25795.000
366.258 25983.000
366.518 25946.000
366.777 25903.000
367.037 26017.000
367.296 26185.000
367.556 26215.000
367.815 26298.000
368.075 26266.000
368.334 26071.000
368.594 26384.000
368.853 26478.000
369.113 26531.000
369.372 26311.000
369.632 26108.000
369.891 26085.000
370.150 26256.000
370.410 26563.000
370.669 26395.000
370.929 26629.000
371.188 26875.000
371.448 26766.000
371.707 26706.000
371.967 26691.000
372.226 26704.000
372.486 26761.000
372.745 27015.000
373.005 26752.000
373.264 26751.000
373.524 26734.000
373.783 26732.000
374.043 26780.000
374.302 26594.000
374.561 26627.000
374.821 26685.000
375.080 26879.000
375.340 27059.000
375.599 27108.000
375.859 27048.000
376.118 26873.000
376.378 26766.000
376.637 26689.000
376.897 26998.000
377.156 26885.000
377.416 26932.000
377.675 26867.000
377.935 26705.000
378.194 27030.000
378.454 27094.000
378.713 27040.000
378.972 26899.000
379.232 26813.000
379.491 26781.000
379.751 26870.000
380.010 26923.000
380.270 26918.000
380.529 26626.000
380.789 26644.000
381.048 26693.000
381.308 26670.000
381.567 26609.000
381.827 26633.000
382.086 26348.000
382.346 26647.000
382.605 26394.000
382.865 26349.000
383.124 26547.000
383.383 26549.000
383.643 26616.000
383.902 26433.000
384.162 26459.000
384.421 26418.000
384.681 26611.000
384.940 26621.000
385.200 26353.000
385.459 26364.000
385.719 26277.000
385.978 26216.000
386.238 25915.000
386.497 25899.000
386.757 26111.000
387.016 26018.000
387.276 26022.000
387.535 26132.000
387.794 26244.000
388.054 26224.000
388.313 26314.000
388.573 25999.000
388.832 25796.000
389.092 25819.000
389.351 25714.000
389.611 25884.000
389.870 26265.000
390.130 25917.000
390.389 25713.000
390.649 25694.000
390.908 25409.000
391.168 25314.000
391.427 25390.000
391.686 25253.000
391.946 25268.000
392.205 25265.000
392.465 25134.000
392.724 25231.000
392.984 25203.000
393.243 25106.000
393.503 24922.000
393.762 24774.000
394.022 24817.000
394.281 24586.000
394.541 24355.000
394.800 24361.000
395.060 24370.000
395.319 24455.000
395.579 24228.000
395.838 23946.000
396.097 24109.000
396.357 24104.000
396.616 23980.000
396.876 23874.000
397.135 23706.000
397.395 23603.000
397.654 23490.000
397.914 23745.000
398.173 23547.000
398.433 23459.000
398.692 23314.000
398.952 23219.000
399.211 23133.000
399.471 23033.000
399.730 22717.000
399.990 22535.000
400.249 22632.000
400.508 22847.000
400.768 22438.000
401.027 22301.000
401.287 22336.000
401.546 22386.000
401.806 22360.000
402.065 22284.000
402.325 22386.000
402.584 22223.000
402.844 22187.000
403.103 21875.000
403.363 21700.000
403.622 21816.000
403.882 21814.000
404.141 21686.000
404.401 21574.000
404.660 21597.000
404.926 21331.000
405.193 21205.000
405.459 21171.000
405.726 21083.000
405.992 20869.000
406.259 20957.000
406.525 20823.000
406.792 20932.000
407.058 21033.000
407.325 20830.000
407.591 20592.000
407.858 20465.000
408.124 20414.000
408.391 20335.000
408.657 20307.000
408.924 20300.000
409.190 20140.000
409.457 20242.000
409.723 20127.000
409.990 19980.000
410.256 19880.000
410.523 19936.000
410.789 19797.000
411.056 19590.000
411.322 19636.000
411.589 19731.000
411.855 19471.000
412.122 19367.000
412.388 19286.000
412.655 19009.000
412.921 18895.000
413.188 19069.000
413.454 19121.000
413.721 18805.000
413.987 18759.000
414.254 18484.000
414.520 18462.000
414.787 18500.000
415.053 18401.000
415.320 18456.000
415.586 18556.000
415.853 18245.000
416.119 18183.000
416.386 18378.000
416.652 17954.000
416.919 17896.000
417.185 18028.000
417.452 17827.000
417.718 17824.000
417.985 17619.000
418.251 17430.000
418.518 17247.000
418.784 17193.000
419.051 17262.000
419.317 17228.000
419.584 16981.000
419.850 17084.000
420.117 17185.000
420.383 16933.000
420.650 16834.000
420.916 16657.000
421.183 16764.000
421.449 16861.000
421.716 16699.000
421.982 16512.000
422.249 16441.000
422.515 16215.000
422.782 16266.000
423.048 16040.000
423.315 16104.000
423.581 15983.000
423.848 15975.000
424.114 15899.000
424.381 15802.000
424.647 15682.000
424.914 15662.000
425.180 15468.000
425.447 15408.000
425.713 15292.000
425.980 15273.000
426.246 15302.000
426.513 15103.000
426.779 15207.000
427.046 15160.000
427.312 15062.000
427.579 15019.000
427.845 14892.000
428.112 14892.000
428.378 14838.000
428.645 14746.000
428.911 14730.000
429.178 14583.000
429.444 14530.000
429.711 14434.000
429.977 14308.000
430.244 14323.000
430.510 14386.000
430.777 14400.000
431.043 14490.000
431.310 14331.000
431.576 14325.000
431.843 14190.000
432.109 13815.000
432.376 13827.000
432.642 13707.000
432.909 13749.000
433.175 13853.000
433.442 13711.000
433.708 13604.000
433.975 13647.000
434.241 13467.000
434.508 13423.000
434.774 13392.000
435.041 13420.000
435.307 13290.000
435.574 13168.000
435.840 13210.000
436.110 13277.000
436.379 13096.000
436.649 13134.000
436.918 12986.000
437.188 13026.000
437.457 12769.000
437.727 12636.000
437.996 12674.000
438.266 12524.000
438.535 12525.000
438.805 12683.000
439.074 12553.000
439.344 12422.000
439.613 12470.000
439.883 12248.000
440.152 12200.000
440.422 12101.000
440.691 12046.000
440.961 12002.000
441.230 11955.000
441.500 11798.000
441.769 11676.000
442.039 11680.000
442.308 11654.000
442.578 11544.000
442.847 11600.000
443.117 11636.000
443.386 11594.000
443.656 11388.000
443.925 11272.000
444.195 11340.000
444.464 11224.000
444.734 11218.000
445.003 11081.000
445.273 11263.000
445.542 11202.000
445.812 10875.000
446.081 10812.000
446.351 10931.000
446.620 10766.000
446.890 10670.000
447.159 10733.000
447.429 10641.000
447.698 10406.000
447.968 10468.000
448.238 10638.000
448.507 10482.000
448.777 10420.000
449.046 10349.000
449.316 10409.000
449.585 10307.000
449.855 10165.000
450.124 10169.000
450.394 10202.000
450.663 10123.000
450.933 10235.000
451.202 10153.000
451.472 10061.000
451.741 9993.000
452.011 9803.000
452.280 9676.000
452.550 9632.000
452.819 9665.000
453.089 9828.000
453.358 9821.000
453.628 9491.000
453.897 9552.000
454.167 9595.000
454.436 9593.000
454.706 9558.000
454.975 9303.696
455.245 9141.858
455.514 9187.625
455.784 9162.675
456.053 9062.812
456.323 9086.740
456.592 9104.582
456.862 9073.705
457.131 8981.076
457.401 8969.124
457.670 8872.510
457.940 8738.048
458.209 8828.685
458.479 8731.076
458.748 8825.697
459.018 8700.199
459.287 8679.283
459.557 8683.267
459.826 8495.020
460.096 8579.681
460.366 8500.000
460.635 8562.313
460.905 8466.600
461.174 8256.487
461.444 8177.822
461.713 8263.736
461.983 8271.000
462.252 8101.101
462.522 8177.355
462.791 8162.487
463.061 8095.382
463.330 8213.065
463.600 8173.038
463.869 8051.360
464.139 8021.148
464.408 8041.331
464.678 7820.383
464.947 7789.102
465.217 7812.121
465.486 7668.352
465.756 7673.077
466.025 7714.286
466.295 7639.311
466.564 7625.761
466.834 7536.511
467.103 7514.721
467.373 7514.228
467.642 7414.039
467.912 7374.364
468.181 7443.992
468.451 7138.634
468.720 7201.835
468.990 7184.694
469.259 7197.959
469.529 7180.797
469.798 7233.912
470.068 7172.625
470.337 7027.579
470.607 6851.890
470.876 6872.319
471.146 6988.764
471.415 6995.918
471.685 6878.571
471.954 6813.265
472.224 6738.776
472.493 6701.020
472.763 6551.020
473.033 6590.816
473.302 6596.939
473.572 6579.592
473.841 6551.478
474.111 6457.696
474.380 6319.062
474.650 6138.634
474.919 6254.842
475.189 6082.485
475.458 6141.548
475.728 6273.931
475.997 6191.251
476.267 6121.058
476.536 6172.764
476.806 6030.457
477.075 6008.122
477.345 5967.546
477.614 5912.779
477.884 5979.737
478.153 6054.711
478.423 5854.103
478.692 5784.413
478.962 5707.490
479.231 5623.862
479.501 5637.007
479.770 5640.404
480.040 5555.556
480.309 5531.786
480.579 5611.895
480.848 5512.097
481.118 5404.834
481.387 5534.205
481.657 5528.643
481.926 5458.835
482.196 5450.803
482.465 5272.818
482.735 5275.827
483.004 5147.295
483.274 5214.429
483.543 5260.260
483.813 5092.000
484.082 4994.000
484.352 5077.922
484.621 5051.948
484.891 4994.012
485.161 4910.180
485.430 4939.182
485.700 4904.287
485.969 4836.653
486.239 4763.944
486.508 4824.701
486.778 4728.088
487.047 4743.028
487.317 4732.338
487.586 4676.617
487.856 4639.801
488.125 4647.761
488.395 4670.647
488.664 4730.348
488.934 4734.328
489.203 4659.363
489.473 4583.665
489.742 4468.127
490.012 4445.663
490.281 4401.795
490.551 4363.908
490.820 4441.118
491.090 4488.024
491.359 4497.502
491.629 4335.664
491.898 4416.583
492.168 4337.662
492.437 4098.000
492.707 4157.000
492.976 4203.203
493.246 4116.232
493.515 4164.493
493.785 4107.322
494.054 4070.281
494.324 4066.332
494.593 3994.975
494.863 3996.982
495.132 3899.295
495.402 3976.815
495.671 3931.452
495.941 3950.555
496.210 3939.394
496.480 3847.321
496.749 3967.644
497.019 3813.765
497.289 3701.417
497.558 3818.642
497.828 3844.828
498.097 3819.289
498.367 3825.203
498.636 3760.163
498.906 3756.867
499.175 3727.365
499.445 3605.906
499.714 3482.688
499.984 3555.556
500.253 3367.347
500.523 3416.327
500.792 3630.235
501.062 3551.583
501.331 3470.889
501.601 3352.761
501.870 3450.920
502.140 3488.753
502.409 3543.501
502.679 3415.558
502.948 3259.980
503.218 3132.172
503.487 3223.361
503.757 3301.538
504.026 3250.256
504.296 3262.564
504.565 3228.718
504.835 3304.615
505.104 3294.661
505.374 3248.460
505.643 3081.109
505.913 3023.638
506.182 3052.415
506.452 3070.915
506.721 3026.721
506.991 2971.193
507.260 2945.473
507.530 2973.251
507.799 2943.416
508.069 2856.996
508.338 2818.088
508.608 2819.302
508.877 2925.051
509.147 2878.974
509.416 2759.221
509.686 2823.108
509.956 2816.139
510.225 2766.327
510.495 2790.224
510.764 2618.515
511.034 2691.371
511.303 2743.668
511.573 2578.947
511.842 2505.051
512.112 2463.710
512.381 2545.272
512.651 2473.896
512.920 2459.920
513.190 2398.601
513.459 2302.094
513.729 2323.062
513.998 2379.960
514.268 2366.337
514.537 2506.417
514.807 2537.931
515.076 2346.116
515.346 2334.314
515.615 2267.840
515.885 2339.512
516.154 2395.326
516.424 2361.516
516.693 2343.356
516.963 2269.119
517.232 2149.758
517.502 2086.705
517.771 2066.346
518.041 2183.477
518.310 2180.249
518.580 2123.563
518.849 2127.151
519.119 2102.197
519.388 2085.878
519.658 2116.301
519.927 1965.714
520.197 1954.329
520.466 2089.354
520.736 2035.171
521.005 1943.970
521.275 1985.755
521.544 1927.825
521.814 1963.913
522.084 1989.554
522.353 1930.674
522.623 1982.906
522.892 1992.403
523.162 1899.335
523.431 1850.760
523.701 1846.008
523.970 1860.133
524.240 1756.422
524.509 1793.333
524.779 1747.619
525.048 1700.667
525.318 1816.969
525.587 1860.687
525.857 1808.978
526.126 1836.676
526.396 1714.149
526.665 1769.378
526.935 1660.920
527.204 1671.141
527.474 1668.906
527.743 1663.785
528.013 1603.846
528.282 1612.127
528.552 1550.096
528.821 1584.378
529.091 1650.579
529.360 1520.773
529.630 1432.302
529.899 1552.759
530.169 1624.395
530.438 1574.612
530.708 1613.967
530.977 1545.631
531.247 1531.068
531.516 1538.387
531.786 1571.012
532.055 1474.197
532.325 1356.725
532.594 1444.878
532.864 1471.680
533.133 1422.287
533.403 1347.358
533.672 1444.227
533.942 1507.843
534.212 1455.348
534.481 1437.132
534.751 1314.342
535.020 1408.063
535.290 1354.331
535.559 1251.969
535.829 1274.877
536.098 1424.063
536.368 1276.407
536.637 1166.831
536.907 1239.130
537.176 1221.344
537.446 1156.126
537.715 1166.172
537.985 1161.227
538.254 1187.129
538.524 1212.871
538.793 1324.752
539.063 1211.881
539.332 1212.091
539.602 1265.610
539.871 1253.717
540.141 1131.814
540.410 1133.796
540.680 1128.840
540.949 1164.519
541.219 1090.188
541.488 1097.126
541.758 1124.876
542.027 1056.492
542.297 1097.030
542.566 1002.970
542.836 972.277
543.105 1018.812
543.375 1083.168
543.644 995.050
543.914 888.229
544.183 909.001
544.453 1071.217
544.722 1000.000
544.992 934.718
545.261 879.447
545.531 868.577
545.800 947.628
546.070 912.142
546.346 863.905
546.622 920.197
546.897 902.559
547.173 910.521
547.449 798.427
547.725 845.776
548.001 829.244
548.276 900.980
548.552 817.647
548.828 809.990
549.104 836.435
549.380 763.209
549.655 754.403
549.931 900.293
550.207 846.680
550.483 702.148
550.759 762.927
551.034 767.057
551.310 746.589
551.586 733.204
551.862 744.888
552.138 719.844
552.413 708.171
552.689 693.878
552.965 653.061
553.241 567.541
553.517 646.602
553.793 711.650
554.068 698.058
554.344 720.388
554.620 764.306
554.896 632.396
555.172 515.034
555.447 576.140
555.723 565.470
555.999 575.170
556.275 547.042
556.551 562.561
556.826 476.237
557.102 519.884
557.378 598.448
557.654 592.233
557.930 527.184
558.205 433.981
558.481 562.136
558.757 584.062
559.033 541.302
559.309 599.611
559.584 551.992
559.860 468.872
560.136 476.654
560.412 487.354
560.688 439.143
560.963 456.670
561.239 590.643
561.515 520.468
561.791 435.673
562.067 491.228
562.342 460.488
562.618 426.341
562.894 378.906
563.170 462.891
563.446 413.086
563.721 323.558
563.997 312.805
564.273 518.591
564.549 468.168
564.825 330.069
565.100 414.300
565.376 331.373
565.652 322.549
565.928 289.500
566.204 239.450
566.479 259.332
566.755 256.385
567.031 233.038
567.307 297.935
567.583 298.228
567.858 370.079
568.134 317.913
568.410 164.532
568.686 246.305
568.962 260.355
569.237 325.444
569.513 236.920
569.789 295.163
570.065 312.253
570.341 120.553
570.617 135.375
570.892 148.368
571.168 159.406
571.444 166.337
571.720 167.327
571.996 220.792
572.271 250.743
572.547 187.314
572.823 182.540
573.099 132.937
573.375 215.278
573.650 188.492
573.926 84.409
574.202 89.374
574.478 140.020
574.754 99.305
575.029 105.368
575.305 157.058
575.581 105.368
575.857 123.260
576.133 91.451
576.408 91.451
576.684 55.666
576.960 49.702
577.239 66.600
577.517 0.000
577.796 11.928
578.075 82.505
578.354 23.833
578.632 115.194
578.911 58.590
579.190 9.930
579.469 0.000
579.747 0.000
580.026 0.000
580.305 0.000
580.584 0.000
580.862 63.429
581.141 23.786
581.420 0.000
581.699 0.000
581.977 0.000
582.256 0.000
582.535 0.000
582.814 0.000
583.092 0.000
583.371 0.000
583.650 0.000
583.929 0.000
584.207 0.000
584.486 0.000
584.765 0.000
585.043 0.000
585.322 0.000
585.601 0.000
585.880 0.000
586.158 0.000
586.437 0.000
586.716 0.000
586.995 0.000
587.273 0.000
587.552 0.000
587.831 0.000
588.110 0.000
588.388 0.000
588.667 0.000
588.946 0.000
589.225 0.000
589.503 0.000
589.782 0.000
590.061 0.000
590.340 0.000
590.618 0.000
590.897 0.000
591.176 0.000
591.455 0.000
591.733 0.000
592.012 0.000
592.291 0.000
592.570 0.000
592.848 0.000
593.127 0.000
593.406 0.000
593.684 0.000
593.963 0.000
594.242 0.000
594.521 0.000
594.799 0.000
595.078 0.000
595.357 0.000
595.636 0.000
595.914 0.000
596.193 0.000
596.472 0.000
596.751 0.000
597.029 0.000
597.308 0.000
597.587 0.000
597.866 0.000
598.144 0.000
598.423 0.000
598.702 0.000
598.981 0.000
599.259 0.000
599.538 0.000
599.817 0.000
600.096 0.000
600.374 0.000
600.653 0.000
600.932 0.000
601.210 0.000
601.489 0.000
601.768 0.000
602.047 0.000
602.325 0.000
602.604 0.000
602.883 0.000
603.162 0.000
603.440 0.000
603.719 0.000
603.998 0.000
604.277 0.000
604.555 0.000
604.834 0.000
605.113 0.000
605.392 0.000
605.670 0.000
605.949 0.000
606.228 0.000
606.507 0.000
606.785 0.000
607.064 0.000
607.343 0.000
607.622 0.000
607.900 0.000
608.179 0.000
608.458 0.000
608.736 0.000
609.015 0.000
609.294 0.000
609.573 0.000
609.851 0.000
610.130 0.000
610.409 0.000
610.688 0.000
610.966 0.000
611.245 0.000
611.524 0.000
611.803 0.000
612.081 0.000
612.360 0.000
612.639 0.000
612.918 0.000
613.196 0.000
613.475 0.000
613.754 0.000
614.033 0.000
614.311 0.000
614.590 0.000
614.869 0.000
615.148 0.000
615.426 0.000
615.705 0.000
615.984 0.000
616.263 0.000
616.541 0.000
616.820 0.000
617.099 0.000
617.377 0.000
617.656 0.000
617.935 0.000
618.214 0.000
618.492 0.000
618.771 0.000
619.050 0.000
619.329 0.000
619.607 0.000
619.886 0.000
620.165 0.000
620.444 0.000
620.722 0.000
621.001 0.000
621.280 0.000
621.559 0.000
621.837 0.000
622.116 0.000
622.395 0.000
622.674 0.000
622.952 0.000
623.231 0.000
623.510 0.000
623.789 0.000
624.067 0.000
624.346 0.000
624.625 0.000
624.904 0.000
625.182 0.000
625.461 0.000
625.740 0.000
626.018 0.000
626.297 0.000
626.576 0.000
626.855 0.000
627.133 0.000
627.412 0.000
627.691 0.000
627.970 0.000
628.248 0.000
628.527 0.000
628.806 0.000
629.085 0.000
629.363 0.000
629.642 0.000
629.921 0.000
630.200 0.000
630.478 0.000
630.757 0.000
631.036 0.000
631.315 0.000
631.593 0.000
631.872 0.000
632.151 0.000
632.430 0.000
632.708 0.000
632.987 0.000
633.266 0.000
633.544 0.000
633.823 0.000
634.102 0.000
634.381 0.000
634.659 0.000
634.938 0.000
635.217 0.000
635.496 0.000
635.774 0.000
636.053 0.000
636.332 0.000
636.611 0.000
636.889 0.000
637.168 0.000
637.447 0.000
637.726 0.000
638.004 0.000
638.283 0.000
638.562 0.000
638.841 0.000
639.119 0.000
639.398 0.000
639.677 0.000
639.956 0.000
640.234 0.000
640.513 0.000
640.792 0.000
641.070 0.000
641.349 0.000
641.628 0.000
641.907 0.000
642.185 0.000
642.464 0.000
642.743 0.000
643.022 0.000
643.300 0.000
643.579 0.000
643.858 0.000
644.137 0.000
644.415 0.000
644.694 0.000
644.973 0.000
645.252 0.000
645.530 0.000
645.809 0.000
646.088 0.000
646.367 0.000
646.645 0.000
646.924 0.000
647.203 0.000
647.482 0.000
647.760 0.000
648.039 0.000
648.318 0.000
648.596 0.000
648.875 0.000
649.154 0.000
649.433 0.000
649.711 0.000
649.990 0.000
650.269 0.000
650.548 0.000
650.826 0.000
651.105 0.000
651.384 0.000
651.663 0.000
651.941 0.000
652.220 0.000
652.499 0.000
652.778 0.000
653.056 0.000
653.335 0.000
653.614 0.000
653.893 0.000
654.171 0.000
654.450 0.000
654.729 0.000
655.008 0.000
655.286 0.000
655.565 0.000
655.844 0.000
656.123 0.000
656.401 0.000
656.680 0.000
656.959 0.000
657.237 0.000
657.516 0.000
657.795 0.000
658.074 0.000
658.352 0.000
658.631 0.000
658.910 0.000
659.189 0.000
659.467 0.000
659.746 0.000
660.025 0.000
660.304 0.000
660.582 0.000
660.861 0.000
661.140 0.000
661.419 0.000
661.697 0.000
661.976 0.000
662.255 0.000
662.534 0.000
662.812 0.000
663.091 0.000
663.370 0.000
663.649 0.000
663.927 0.000
664.206 0.000
664.485 0.000
664.764 0.000
665.042 0.000
665.321 0.000
665.600 0.000
665.878 0.000
666.157 0.000
666.436 0.000
666.715 0.000
666.993 0.000
667.272 0.000
667.551 0.000
667.830 0.000
668.108 0.000
668.387 0.000
668.666 0.000
668.945 0.000
669.223 0.000
669.502 0.000
669.781 0.000
670.060 0.000
670.338 0.000
670.617 0.000
670.896 0.000
671.175 0.000
671.453 0.000
671.732 0.000
672.011 0.000
672.290 0.000
672.568 0.000
672.847 0.000
673.126 0.000
673.404 0.000
673.683 0.000
673.962 0.000
674.241 0.000
674.519 0.000
674.798 0.000
675.077 0.000
675.356 0.000
675.634 0.000
675.913 0.000
676.192 0.000
676.471 0.000
676.749 0.000
677.028 0.000
677.307 0.000
677.586 0.000
677.864 0.000
678.143 0.000
678.422 0.000
678.701 0.000
678.979 0.000
679.258 0.000
679.537 0.000
679.816 0.000
680.094 0.000
680.373 0.000
680.652 0.000
680.930 0.000
681.209 0.000
681.488 0.000
681.767 0.000
682.045 0.000
682.324 0.000
682.603 0.000
682.882 0.000
683.160 0.000
683.439 0.000
683.718 0.000
683.997 0.000
684.275 0.000
684.554 0.000
684.833 0.000
685.112 0.000
685.390 0.000
685.669 0.000
685.948 0.000
686.227 0.000
686.505 0.000
686.784 0.000
687.063 0.000
687.342 0.000
687.620 0.000
687.899 0.000
688.178 0.000
688.457 0.000
688.735 0.000
689.014 0.000
689.293 0.000
689.571 0.000
689.850 0.000
690.129 0.000
690.408 0.000
690.686 0.000
690.965 0.000
691.244 0.000
691.523 0.000
691.801 0.000
692.080 0.000
692.359 0.000
692.638 0.000
692.916 0.000
693.195 0.000
693.474 0.000
693.753 0.000
694.031 0.000
694.310 0.000
694.589 0.000
694.868 0.000
695.146 0.000
695.425 0.000
695.704 0.000
695.983 0.000
696.261 0.000
696.540 0.000
696.825 0.000
697.110 0.000
697.395 0.000
697.680 0.000
697.965 0.000
698.250 0.000
698.535 0.000
698.819 0.000
699.104 0.000
699.389 0.000
699.674 0.000
699.959 0.000
700.244 0.000
700.529 0.000
700.814 0.000
701.099 0.000
701.384 0.000
701.669 0.000
701.954 0.000
702.239 0.000
702.524 0.000
702.809 0.000
703.094 0.000
703.378 0.000
703.663 0.000
703.948 0.000
704.233 0.000
704.518 0.000
704.803 0.000
705.088 0.000
705.373 0.000
705.658 0.000
705.943 0.000
706.228 0.000
706.513 0.000
706.798 0.000
707.083 0.000
707.368 0.000
707.653 0.000
707.937 0.000
708.222 0.000
708.507 0.000
708.792 0.000
709.077 0.000
709.362 0.000
709.647 0.000
709.932 0.000
710.217 0.000
710.502 0.000
710.787 0.000
711.072 0.000
711.357 0.000
711.642 0.000
711.927 0.000
712.211 0.000
712.496 0.000
712.781 0.000
713.066 0.000
713.351 0.000
713.636 0.000
713.921 0.000
714.206 0.000
714.491 0.000
714.776 0.000
715.061 0.000
715.346 0.000
715.631 0.000
715.916 0.000
716.201 0.000
716.486 0.000
716.770 0.000
717.055 0.000
717.340 0.000
717.625 0.000
717.910 0.000
718.195 0.000
718.480 0.000
718.765 0.000
719.050 0.000
719.335 0.000
719.620 0.000
719.905 0.000
720.190 0.000
720.475 0.000
720.760 0.000
721.045 0.000
721.329 0.000
721.614 0.000
721.899 0.000
722.184 0.000
722.469 0.000
722.754 0.000
723.039 0.000
723.324 0.000
723.609 0.000
723.894 0.000
724.179 0.000
724.464 0.000
724.749 0.000
725.034 0.000
725.319 0.000
725.603 0.000
725.888 0.000
726.173 0.000
726.458 0.000
726.743 0.000
727.028 0.000
727.313 0.000
727.598 0.000
727.883 0.000
728.168 0.000
728.453 0.000
728.738 0.000
729.023 0.000
729.308 0.000
729.593 0.000
729.878 0.000
730.162 0.000
730.447 0.000
730.732 0.000
731.017 0.000
731.302 0.000
731.587 0.000
731.872 0.000
732.157 0.000
732.442 0.000
732.727 0.000
733.012 0.000
733.297 0.000
733.582 0.000
733.867 0.000
734.152 0.000
734.437 0.000
734.721 0.000
735.006 0.000
735.291 0.000
735.576 0.000
735.861 0.000
736.146 0.000
736.431 0.000
736.716 0.000
737.001 0.000
737.286 0.000
737.571 0.000
737.856 0.000
738.141 0.000
738.426 0.000
738.711 0.000
738.995 0.000
739.280 0.000
739.565 0.000
739.850 0.000
740.135 0.000
740.420 0.000
740.705 0.000
740.990 0.000
741.275 0.000
741.560 0.000
741.845 0.000
742.130 0.000
742.415 0.000
742.700 0.000
742.985 0.000
743.270 0.000
743.554 0.000
743.839 0.000
744.124 0.000
744.409 0.000
744.694 0.000
744.979 0.000
745.264 0.000
745.549 0.000
745.834 0.000
746.119 0.000
746.404 0.000
746.689 0.000
746.974 0.000
747.259 0.000
747.544 0.000
747.829 0.000
748.113 0.000
748.398 0.000
748.683 0.000
748.968 0.000
749.253 0.000
749.538 0.000
749.823 0.000
750.108 0.000
750.393 0.000
750.678 0.000
750.963 0.000
751.248 0.000
751.533 0.000
751.818 0.000
752.103 0.000
752.387 0.000
752.672 0.000
752.957 0.000
753.242 0.000
753.527 0.000
753.812 0.000
754.097 0.000
754.382 0.000
754.667 0.000
754.952 0.000
755.237 0.000
755.522 0.000
755.807 0.000
756.092 0.000
756.377 0.000
756.662 0.000
756.946 0.000
757.231 0.000
757.516 0.000
757.801 0.000
758.086 0.000
758.371 0.000
758.656 0.000
758.941 0.000
759.226 0.000
759.511 0.000
759.796 0.000
760.081 0.000
760.366 0.000
760.651 0.000
760.936 0.000
761.221 0.000
761.505 0.000
761.790 0.000
762.075 0.000
762.360 0.000
762.645 0.000
762.930 0.000
763.215 0.000
763.500 0.000
763.791 0.000
764.082 0.000
764.373 0.000
764.664 0.000
764.955 0.000
765.247 0.000
765.538 0.000
765.829 0.000
766.120 0.000
766.411 0.000
766.702 0.000
766.993 0.000
767.284 0.000
767.575 0.000
767.866 0.000
768.157 0.000
768.449 0.000
768.740 0.000
769.031 0.000
769.322 0.000
769.613 0.000
769.904 0.000
770.195 0.000
770.486 0.000
770.777 0.000
771.068 0.000
771.359 0.000
771.651 0.000
771.942 0.000
772.233 0.000
772.524 0.000
772.815 0.000
773.106 0.000
773.397 0.000
773.688 0.000
773.979 0.000
774.270 0.000
774.561 0.000
774.853 0.000
775.144 0.000
775.435 0.000
775.726 0.000
776.017 0.000
776.308 0.000
776.599 0.000
776.890 0.000
777.181 0.000
777.472 0.000
777.763 0.000
778.055 0.000
778.346 0.000
778.637 0.000
778.928 0.000
779.219 0.000
779.510 0.000
779.801 0.000
780.092 0.000
780.383 0.000
780.674 0.000
780.965 0.000
781.257 0.000
781.548 0.000
781.839 0.000
782.130 0.000
782.421 0.000
782.712 0.000
783.003 0.000
783.294 0.000
783.585 0.000
783.876 0.000
784.167 0.000
784.459 0.000
784.750 0.000
785.041 0.000
785.332 0.000
785.623 0.000
785.914 0.000
786.205 0.000
786.496 0.000
786.787 0.000
787.078 0.000
787.369 0.000
787.661 0.000
787.952 0.000
788.243 0.000
788.534 0.000
788.825 0.000
789.116 0.000
789.407 0.000
789.698 0.000
789.989 0.000
790.280 0.000
790.571 0.000
790.863 0.000
791.154 0.000
791.445 0.000
791.736 0.000
792.027 0.000
792.318 0.000
792.609 0.000
792.900 0.000
793.191 0.000
793.482 0.000
793.773 0.000
794.065 0.000
794.356 0.000
794.647 0.000
794.938 0.000
795.229 0.000
795.520 0.000
795.811 0.000
796.102 0.000
796.393 0.000
796.684 0.000
796.975 0.000
797.267 0.000
797.558 0.000
797.849 0.000
798.140 0.000
798.431 0.000
798.722 0.000
799.013 0.000
799.304 0.000
799.595 0.000
799.886 0.000
800.177 0.000
800.469 0.000
800.760 0.000
801.051 0.000
801.342 0.000
801.633 0.000
801.924 0.000
802.215 0.000
802.506 0.000
802.797 0.000
803.088 0.000
803.379 0.000
803.671 0.000
803.962 0.000
804.253 0.000
804.544 0.000
804.835 0.000
805.126 0.000
805.417 0.000
805.708 0.000
805.999 0.000
806.290 0.000
806.581 0.000
806.873 0.000
807.164 0.000
807.455 0.000
807.746 0.000
808.037 0.000
808.328 0.000
808.619 0.000
808.910 0.000
809.201 0.000
809.492 0.000
809.783 0.000
810.075 0.000
810.366 0.000
810.657 0.000
810.948 0.000
811.239 0.000
811.530 0.000
811.821 0.000
812.112 0.000
812.404 0.000
812.695 0.000
812.986 0.000
813.277 0.000
813.569 0.000
813.860 0.000
814.151 0.000
814.442 0.000
814.734 0.000
815.025 0.000
815.316 0.000
815.607 0.000
815.899 0.000
816.190 0.000
816.481 0.000
816.772 0.000
817.064 0.000
817.355 0.000
817.646 0.000
817.937 0.000
818.229 0.000
818.520 0.000
818.811 0.000
819.102 0.000
819.394 0.000
819.685 0.000
819.976 0.000
820.267 0.000
820.559 0.000
820.850 0.000
821.141 0.000
821.432 0.000
821.723 0.000
822.015 0.000
822.306 0.000
822.597 0.000
822.888 0.000
823.180 0.000
823.471 0.000
823.762 0.000
824.053 0.000
824.345 0.000
824.636 0.000
824.927 0.000
825.218 0.000
825.510 0.000
825.801 0.000
826.092 0.000
826.383 0.000
826.675 0.000
826.966 0.000
827.257 0.000
827.548 0.000
827.840 0.000
828.131 0.000
828.422 0.000
828.713 0.000
829.005 0.000
829.296 0.000
829.587 0.000
829.878 0.000
830.170 0.000
830.461 0.000
830.752 0.000
831.043 0.000
831.335 0.000
831.626 0.000
831.917 0.000
832.208 0.000
832.499 0.000
832.791 0.000
833.082 0.000
833.373 0.000
833.664 0.000
833.956 0.000
834.247 0.000
834.538 0.000
834.829 0.000
835.121 0.000
835.412 0.000
835.703 0.000
835.994 0.000
836.286 0.000
836.577 0.000
836.868 0.000
837.159 0.000
837.451 0.000
837.742 0.000
838.033 0.000
838.324 0.000
838.616 0.000
838.907 0.000
839.198 0.000
839.489 0.000
839.781 0.000
840.072 0.000
840.363 0.000
840.654 0.000
840.946 0.000
841.237 0.000
841.528 0.000
841.819 0.000
842.110 0.000
842.402 0.000
842.693 0.000
842.984 0.000
843.275 0.000
843.567 0.000
843.858 0.000
844.149 0.000
844.440 0.000
844.732 0.000
845.023 0.000
845.314 0.000
845.605 0.000
845.897 0.000
846.188 0.000
846.479 0.000
846.770 0.000
847.062 0.000
847.353 0.000
847.644 0.000
847.935 0.000
848.227 0.000
848.518 0.000
848.809 0.000
849.100 0.000
849.392 0.000
849.683 0.000
849.974 0.000
850.265 0.000
850.557 0.000
850.848 0.000
851.139 0.000
851.430 0.000
851.721 0.000
852.013 0.000
852.304 0.000
852.595 0.000
852.886 0.000
853.178 0.000
853.469 0.000
853.760 0.000
854.051 0.000
854.343 0.000
854.634 0.000
854.925 0.000
855.216 0.000
855.508 0.000
855.799 0.000
856.090 0.000
856.381 0.000
856.673 0.000
856.964 0.000
857.255 0.000
857.546 0.000
857.838 0.000
858.129 0.000
858.420 0.000
858.711 0.000
859.003 0.000
859.294 0.000
859.585 0.000
859.876 0.000
860.168 0.000
860.459 0.000
860.750 0.000
861.041 0.000
861.333 0.000
861.624 0.000
861.915 0.000
862.206 0.000
862.497 0.000
862.789 0.000
863.080 0.000
863.371 0.000
863.662 0.000
863.954 0.000
864.245 0.000
864.536 0.000
864.827 0.000
865.119 0.000
865.410 0.000
865.701 0.000
865.992 0.000
866.284 0.000
866.575 0.000
866.866 0.000
867.157 0.000
867.449 0.000
867.740 0.000
868.031 0.000
868.322 0.000
868.614 0.000
868.905 0.000
869.196 0.000
869.487 0.000
869.779 0.000
870.070 0.000
870.361 0.000
870.652 0.000
870.944 0.000
871.235 0.000
871.526 0.000
871.817 0.000
872.109 0.000
872.400 0.000
872.691 0.000
872.982 0.000
873.273 0.000
873.565 0.000
873.856 0.000
874.147 0.000
874.438 0.000
874.730 0.000
875.021 0.000
875.312 0.000
875.603 0.000
875.895 0.000
876.186 0.000
876.477 0.000
876.768 0.000
877.060 0.000
877.351 0.000
877.642 0.000
877.933 0.000
878.225 0.000
878.516 0.000
878.807 0.000
879.098 0.000
879.390 0.000
879.681 0.000
879.972 0.000
880.263 0.000
880.555 0.000
880.846 0.000
881.137 0.000
881.428 0.000
881.720 0.000
882.011 0.000
882.302 0.000
882.593 0.000
882.884 0.000
883.176 0.000
883.467 0.000
883.758 0.000
884.049 0.000
884.341 0.000
884.632 0.000
884.923 0.000
885.214 0.000
885.506 0.000
885.797 0.000
886.088 0.000
886.379 0.000
886.671 0.000
886.962 0.000
887.253 0.000
887.544 0.000
887.836 0.000
888.127 0.000
888.418 0.000
888.709 0.000
889.001 0.000
889.292 0.000
889.583 0.000
889.874 0.000
890.166 0.000
890.457 0.000
890.748 0.000
891.039 0.000
891.331 0.000
891.622 0.000
891.913 0.000
892.204 0.000
892.495 0.000
892.787 0.000
893.078 0.000
893.369 0.000
893.660 0.000
893.952 0.000
894.243 0.000
894.534 0.000
894.825 0.000
895.117 0.000
895.408 0.000
895.699 0.000
895.990 0.000
896.282 0.000
896.573 0.000
896.864 0.000
897.155 0.000
897.447 0.000
897.738 0.000
898.029 0.000
898.320 0.000
898.612 0.000
898.903 0.000
899.194 0.000
899.485 0.000
899.777 0.000
900.068 0.000
900.359 0.000
900.650 0.000
900.942 0.000
901.233 0.000
901.524 0.000
901.815 0.000
902.106 0.000
902.398 0.000
902.689 0.000
902.980 0.000
903.271 0.000
903.563 0.000
903.854 0.000
904.145 0.000
904.436 0.000
904.728 0.000
905.019 0.000
905.310 0.000
905.601 0.000
905.893 0.000
906.184 0.000
906.475 0.000
906.766 0.000
907.058 0.000
907.349 0.000
907.640 0.000
907.931 0.000
908.223 0.000
908.514 0.000
908.805 0.000
909.096 0.000
909.388 0.000
909.679 0.000
909.970 0.000
910.261 0.000
910.553 0.000
910.844 0.000
911.135 0.000
911.426 0.000
911.718 0.000
912.009 0.000
912.300 0.000
912.599 0.000
912.898 0.000
913.196 0.000
913.495 0.000
913.794 0.000
914.093 0.000
914.391 0.000
914.690 0.000
914.989 0.000
915.288 0.000
915.586 0.000
915.885 0.000
916.184 0.000
916.483 0.000
916.782 0.000
917.080 0.000
917.379 0.000
917.678 0.000
917.977 0.000
918.275 0.000
918.574 0.000
918.873 0.000
919.172 0.000
919.471 0.000
919.769 0.000
920.068 0.000
920.367 0.000
920.666 0.000
920.964 0.000
921.263 0.000
921.562 0.000
921.861 0.000
922.159 0.000
922.458 0.000
922.757 0.000
923.056 0.000
923.355 0.000
923.653 0.000
923.952 0.000
924.251 0.000
924.550 0.000
924.848 0.000
925.147 0.000
925.446 0.000
925.745 0.000
926.043 0.000
926.342 0.000
926.641 0.000
926.940 0.000
927.239 0.000
927.537 0.000
927.836 0.000
928.135 0.000
928.434 0.000
928.732 0.000
929.031 0.000
929.330 0.000
929.629 0.000
929.927 0.000
930.226 0.000
930.525 0.000
930.824 0.000
931.123 0.000
931.421 0.000
931.720 0.000
932.019 0.000
932.318 0.000
932.616 0.000
932.915 0.000
933.214 0.000
933.513 0.000
933.812 0.000
934.110 0.000
934.409 0.000
934.708 0.000
935.007 0.000
935.305 0.000
935.604 0.000
935.903 0.000
936.202 0.000
936.500 0.000
936.799 0.000
937.098 0.000
937.397 0.000
937.696 0.000
937.994 0.000
938.293 0.000
938.592 0.000
938.891 0.000
939.189 0.000
939.488 0.000
939.787 0.000
940.086 0.000
940.384 0.000
940.683 0.000
940.982 0.000
941.281 0.000
941.580 0.000
941.878 0.000
942.177 0.000
942.476 0.000
942.775 0.000
943.073 0.000
943.372 0.000
943.671 0.000
943.970 0.000
944.268 0.000
944.567 0.000
944.866 0.000
945.165 0.000
945.464 0.000
945.762 0.000
946.061 0.000
946.360 0.000
946.659 0.000
946.957 0.000
947.256 0.000
947.555 0.000
947.854 0.000
948.153 0.000
948.451 0.000
948.750 0.000
949.049 0.000
949.348 0.000
949.646 0.000
949.945 0.000
950.244 0.000
950.543 0.000
950.841 0.000
951.140 0.000
951.439 0.000
951.738 0.000
952.037 0.000
952.335 0.000
952.634 0.000
952.933 0.000
953.232 0.000
953.530 0.000
953.829 0.000
954.128 0.000
954.427 0.000
954.725 0.000
955.024 0.000
955.323 0.000
955.622 0.000
955.921 0.000
956.219 0.000
956.518 0.000
956.817 0.000
957.116 0.000
957.414 0.000
957.713 0.000
958.012 0.000
958.311 0.000
958.610 0.000
958.908 0.000
959.207 0.000
959.506 0.000
959.805 0.000
960.103 0.000
960.402 0.000
960.701 0.000
961.000 0.000
961.298 0.000
961.597 0.000
961.896 0.000
962.195 0.000
962.494 0.000
962.792 0.000
963.091 0.000
963.390 0.000
963.689 0.000
963.987 0.000
964.286 0.000
964.585 0.000
964.884 0.000
965.182 0.000
965.481 0.000
965.780 0.000
966.075 0.000
966.370 0.000
966.666 0.000
966.961 0.000
967.256 0.000
967.551 0.000
967.847 0.000
968.142 0.000
968.437 0.000
968.732 0.000
969.028 0.000
969.323 0.000
969.618 0.000
969.913 0.000
970.208 0.000
970.504 0.000
970.799 0.000
971.094 0.000
971.389 0.000
971.685 0.000
971.980 0.000
972.275 0.000
972.570 0.000
972.866 0.000
973.161 0.000
973.456 0.000
973.751 0.000
974.047 0.000
974.342 0.000
974.637 0.000
974.932 0.000
975.227 0.000
975.523 0.000
975.818 0.000
976.113 0.000
976.408 0.000
976.704 0.000
976.999 0.000
977.294 0.000
977.589 0.000
977.885 0.000
978.180 0.000
978.475 0.000
978.770 0.000
979.066 0.000
979.361 0.000
979.656 0.000
979.951 0.000
980.246 0.000
980.542 0.000
980.837 0.000
981.132 0.000
981.427 0.000
981.723 0.000
982.018 0.000
982.313 0.000
982.608 0.000
982.904 0.000
983.199 0.000
983.494 0.000
983.789 0.000
984.084 0.000
984.380 0.000
984.675 0.000
984.970 0.000
985.265 0.000
985.561 0.000
985.856 0.000
986.151 0.000
986.446 0.000
986.742 0.000
987.037 0.000
987.332 0.000
987.627 0.000
987.923 0.000
988.218 0.000
988.513 0.000
988.808 0.000
989.103 0.000
989.399 0.000
989.694 0.000
989.989 0.000
990.284 0.000
990.580 0.000
990.875 0.000
991.170 0.000
991.465 0.000
991.761 0.000
992.056 0.000
992.351 0.000
992.646 0.000
992.942 0.000
993.237 0.000
993.532 0.000
993.827 0.000
994.122 0.000
994.418 0.000
994.713 0.000
995.008 0.000
995.303 0.000
995.599 0.000
995.894 0.000
996.189 0.000
996.484 0.000
996.780 0.000
997.075 0.000
997.370 0.000
997.665 0.000
997.960 0.000
998.256 0.000
998.551 0.000
998.846 0.000
999.141 0.000
999.437 0.000
999.732 0.000
1000.027 0.000
1000.322 0.000
1000.618 0.000
1000.913 0.000
1001.208 0.000
1001.503 0.000
1001.799 0.000
1002.094 0.000
1002.389 0.000
1002.684 0.000
1002.979 0.000
1003.275 0.000
1003.570 0.000
1003.865 0.000
1004.160 0.000
1004.456 0.000
1004.751 0.000
1005.046 0.000
1005.341 0.000
1005.637 0.000
1005.932 0.000
1006.227 0.000
1006.522 0.000
1006.817 0.000
1007.113 0.000
1007.408 0.000
1007.703 0.000
1007.998 0.000
1008.294 0.000
1008.589 0.000
1008.884 0.000
1009.179 0.000
1009.475 0.000
1009.770 0.000
1010.065 0.000
1010.360 0.000
1010.656 0.000
1010.951 0.000
1011.246 0.000
1011.541 0.000
1011.836 0.000
1012.132 0.000
1012.427 0.000
1012.722 0.000
1013.017 0.000
1013.313 0.000
1013.608 0.000
1013.903 0.000
1014.198 0.000
1014.494 0.000
1014.789 0.000
1015.084 0.000
1015.379 0.000
1015.674 0.000
1015.970 0.000
1016.265 0.000
1016.560 0.000
1016.855 0.000
1017.151 0.000
1017.446 0.000
1017.741 0.000
1018.036 0.000
1018.332 0.000
1018.627 0.000
1018.922 0.000
1019.217 0.000
1019.513 0.000
1019.808 0.000
1020.103 0.000
1020.398 0.000
1020.693 0.000
1020.989 0.000
1021.284 0.000
1021.579 0.000
1021.874 0.000
1022.170 0.000
1022.465 0.000
1022.760 0.000
1023.055 0.000
1023.351 0.000
1023.646 0.000
1023.941 0.000
1024.236 0.000
1024.532 0.000
1024.827 0.000
1025.122 0.000
1025.417 0.000
1025.712 0.000
1026.008 0.000
1026.303 0.000
1026.598 0.000
1026.893 0.000
1027.189 0.000
1027.484 0.000
1027.779 0.000
1028.074 0.000
1028.370 0.000
1028.665 0.000
1028.960 0.000
1029.255 0.000
1029.550 0.000
1029.846 0.000
1030.141 0.000
1030.436 0.000
1030.731 0.000
1031.027 0.000
1031.322 0.000
1031.617 0.000
1031.912 0.000
1032.208 0.000
1032.503 0.000
1032.798 0.000
1033.093 0.000
1033.389 0.000
1033.684 0.000
1033.979 0.000
1034.274 0.000
1034.569 0.000
1034.865 0.000
1035.160 0.000
1035.455 0.000
1035.750 0.000
1036.046 0.000
1036.341 0.000
1036.636 0.000
1036.931 0.000
1037.227 0.000
1037.522 0.000
1037.817 0.000
1038.112 0.000
1038.407 0.000
1038.703 0.000
1038.998 0.000
1039.293 0.000
1039.588 0.000
1039.884 0.000
1040.179 0.000
1040.474 0.000
1040.769 0.000
1041.065 0.000
1041.360 0.000
1041.655 0.000
1041.950 0.000
1042.246 0.000
1042.541 0.000
1042.836 0.000
1043.131 0.000
1043.426 0.000
1043.722 0.000
1044.017 0.000
1044.312 0.000
1044.607 0.000
1044.903 0.000
1045.198 0.000
1045.493 0.000
1045.788 0.000
1046.084 0.000
1046.379 0.000
1046.674 0.000
1046.969 0.000
1047.264 0.000
1047.560 0.000
1047.855 0.000
1048.150 0.000
1048.445 0.000
1048.741 0.000
1049.036 0.000
1049.331 0.000
1049.626 0.000
1049.922 0.000
1050.217 0.000
1050.512 0.000
1050.807 0.000
1051.103 0.000
1051.398 0.000
1051.693 0.000
1051.988 0.000
1052.283 0.000
1052.579 0.000
1052.874 0.000
1053.169 0.000
1053.464 0.000
1053.760 0.000
1054.055 0.000
1054.350 0.000
1054.645 0.000
1054.941 0.000
1055.236 0.000
1055.531 0.000
1055.826 0.000
1056.122 0.000
1056.417 0.000
1056.712 0.000
1057.007 0.000
1057.302 0.000
1057.598 0.000
1057.893 0.000
1058.188 0.000
1058.483 0.000
1058.779 0.000
1059.074 0.000
1059.369 0.000
1059.664 0.000
1059.960 0.000
1060.255 0.000
1060.550 0.000
1060.845 0.000
1061.140 0.000
1061.436 0.000
1061.731 0.000
1062.026 0.000
1062.321 0.000
1062.617 0.000
1062.912 0.000
1063.207 0.000
1063.502 0.000
1063.798 0.000
1064.093 0.000
1064.388 0.000
1064.683 0.000
1064.978 0.000
1065.274 0.000
1065.569 0.000
1065.864 0.000
1066.159 0.000
1066.455 0.000
1066.750 0.000
1067.045 0.000
1067.340 0.000
1067.636 0.000
1067.931 0.000
1068.226 0.000
1068.521 0.000
1068.817 0.000
1069.112 0.000
1069.407 0.000
1069.702 0.000
1069.997 0.000
1070.293 0.000
1070.588 0.000
1070.883 0.000
1071.178 0.000
1071.474 0.000
1071.769 0.000
1072.064 0.000
1072.359 0.000
1072.655 0.000
1072.950 0.000
1073.245 0.000
1073.540 0.000
1073.836 0.000
1074.131 0.000
1074.426 0.000
1074.721 0.000
1075.016 0.000
1075.312 0.000
1075.607 0.000
1075.902 0.000
1076.197 0.000
1076.493 0.000
1076.788 0.000
1077.083 0.000
1077.378 0.000
1077.674 0.000
1077.969 0.000
1078.264 0.000
1078.559 0.000
1078.854 0.000
1079.150 0.000
1079.445 0.000
1079.740 0.000
1080.035 0.000
1080.331 0.000
1080.626 0.000
1080.921 0.000
1081.216 0.000
1081.512 0.000
1081.807 0.000
1082.102 0.000
1082.397 0.000
1082.693 0.000
1082.988 0.000
1083.283 0.000
1083.578 0.000
1083.873 0.000
1084.169 0.000
1084.464 0.000
1084.759 0.000
1085.054 0.000
1085.350 0.000
1085.645 0.000
1085.940 0.000
1086.235 0.000
1086.531 0.000
1086.826 0.000
1087.121 0.000
1087.416 0.000
1087.711 0.000
1088.007 0.000
1088.302 0.000
1088.597 0.000
1088.892 0.000
1089.188 0.000
1089.483 0.000
1089.778 0.000
1090.073 0.000
1090.369 0.000
1090.664 0.000
1090.959 0.000
1091.254 0.000
1091.550 0.000
1091.845 0.000
1092.140 0.000
1092.452 0.000
1092.764 0.000
1093.076 0.000
1093.388 0.000
1093.700 0.000
1094.012 0.000
1094.324 0.000
1094.636 0.000
1094.948 0.000
1095.260 0.000
1095.572 0.000
1095.884 0.000
1096.196 0.000
1096.508 0.000
1096.820 0.000
1097.132 0.000
1097.444 0.000
1097.756 0.000
1098.068 0.000
1098.380 0.000
1098.692 0.000
1099.004 0.000
1099.316 0.000
1099.628 0.000
1099.940 0.000
1100.252 0.000
1100.564 0.000
1100.877 0.000
1101.189 0.000
1101.501 0.000
1101.813 0.000
1102.125 0.000
1102.437 0.000
1102.749 0.000
1103.061 0.000
1103.373 0.000
1103.685 0.000
1103.997 0.000
1104.309 0.000
1104.621 0.000
1104.933 0.000
1105.245 0.000
1105.557 0.000
1105.869 0.000
1106.181 0.000
1106.493 0.000
1106.805 0.000
1107.117 0.000
1107.429 0.000
1107.741 0.000
1108.053 0.000
1108.365 0.000
1108.677 0.000
1108.989 0.000
1109.301 0.000
1109.613 0.000
1109.925 0.000
1110.237 0.000
1110.549 0.000
1110.861 0.000
1111.173 0.000
1111.485 0.000
1111.797 0.000
1112.109 0.000
1112.421 0.000
1112.733 0.000
1113.045 0.000
1113.357 0.000
1113.669 0.000
1113.981 0.000
1114.293 0.000
1114.605 0.000
1114.917 0.000
1115.229 0.000
1115.541 0.000
1115.853 0.000
1116.165 0.000
1116.477 0.000
1116.789 0.000
1117.101 0.000
1117.413 0.000
1117.725 0.000
1118.037 0.000
1118.349 0.000
1118.662 0.000
1118.974 0.000
1119.286 0.000
1119.598 0.000
1119.910 0.000
1120.222 0.000
1120.534 0.000
1120.846 0.000
1121.158 0.000
1121.470 0.000
1121.782 0.000
1122.094 0.000
1122.406 0.000
1122.718 0.000
1123.030 0.000
1123.342 0.000
1123.654 0.000
1123.966 0.000
1124.278 0.000
1124.590 0.000
1124.902 0.000
1125.214 0.000
1125.526 0.000
1125.838 0.000
1126.150 0.000
1126.462 0.000
1126.774 0.000
1127.086 0.000
1127.398 0.000
1127.710 0.000
1128.022 0.000
1128.334 0.000
1128.646 0.000
1128.958 0.000
1129.270 0.000
1129.582 0.000
1129.894 0.000
1130.206 0.000
1130.518 0.000
1130.830 0.000
1131.142 0.000
1131.454 0.000
1131.766 0.000
1132.078 0.000
1132.390 0.000
1132.702 0.000
1133.014 0.000
1133.326 0.000
1133.638 0.000
1133.950 0.000
1134.262 0.000
1134.574 0.000
1134.886 0.000
1135.198 0.000
1135.510 0.000
1135.822 0.000
1136.134 0.000
1136.447 0.000
1136.759 0.000
1137.071 0.000
1137.383 0.000
1137.695 0.000
1138.007 0.000
1138.319 0.000
1138.631 0.000
1138.943 0.000
1139.255 0.000
1139.567 0.000
1139.879 0.000
1140.191 0.000
1140.503 0.000
1140.815 0.000
1141.127 0.000
1141.439 0.000
1141.751 0.000
1142.063 0.000
1142.375 0.000
1142.687 0.000
1142.999 0.000
1143.311 0.000
1143.623 0.000
1143.935 0.000
1144.247 0.000
1144.559 0.000
1144.871 0.000
1145.183 0.000
1145.495 0.000
1145.807 0.000
1146.119 0.000
1146.431 0.000
1146.743 0.000
1147.055 0.000
1147.367 0.000
1147.679 0.000
1147.991 0.000
1148.303 0.000
1148.615 0.000
1148.927 0.000
1149.239 0.000
1149.551 0.000
1149.863 0.000
1150.175 0.000
1150.487 0.000
1150.799 0.000
1151.111 0.000
1151.423 0.000
1151.735 0.000
1152.047 0.000
1152.359 0.000
1152.671 0.000
1152.983 0.000
1153.295 0.000
1153.607 0.000
1153.920 0.000
1154.232 0.000
1154.544 0.000
1154.856 0.000
1155.168 0.000
1155.480 0.000
1155.792 0.000
1156.104 0.000
1156.416 0.000
1156.728 0.000
1157.040 0.000
1157.352 0.000
1157.664 0.000
1157.976 0.000
1158.288 0.000
1158.600 0.000
1158.912 0.000
1159.224 0.000
1159.536 0.000
1159.848 0.000
1160.160 0.000
1160.472 0.000
1160.784 0.000
1161.096 0.000
1161.408 0.000
1161.720 0.000
1162.032 0.000
1162.344 0.000
1162.656 0.000
1162.968 0.000
1163.280 0.000
1163.592 0.000
1163.904 0.000
1164.216 0.000
1164.528 0.000
1164.840 0.000
1165.152 0.000
1165.464 0.000
1165.776 0.000
1166.088 0.000
1166.400 0.000
1166.712 0.000
1167.024 0.000
1167.336 0.000
1167.648 0.000
1167.960 0.000
1168.272 0.000
1168.584 0.000
1168.896 0.000
1169.208 0.000
1169.520 0.000
1169.832 0.000
1170.144 0.000
1170.456 0.000
1170.768 0.000
1171.080 0.000
1171.392 0.000
1171.705 0.000
1172.017 0.000
1172.329 0.000
1172.641 0.000
1172.953 0.000
1173.265 0.000
1173.577 0.000
1173.889 0.000
1174.201 0.000
1174.513 0.000
1174.825 0.000
1175.137 0.000
1175.449 0.000
1175.761 0.000
1176.073 0.000
1176.385 0.000
1176.697 0.000
1177.009 0.000
1177.321 0.000
1177.633 0.000
1177.945 0.000
1178.257 0.000
1178.569 0.000
1178.881 0.000
1179.193 0.000
1179.505 0.000
1179.817 0.000
1180.129 0.000
1180.441 0.000
1180.753 0.000
1181.065 0.000
1181.377 0.000
1181.689 0.000
1182.001 0.000
1182.313 0.000
1182.625 0.000
1182.937 0.000
1183.249 0.000
1183.561 0.000
1183.873 0.000
1184.185 0.000
1184.497 0.000
1184.809 0.000
1185.121 0.000
1185.433 0.000
1185.745 0.000
1186.057 0.000
1186.369 0.000
1186.681 0.000
1186.993 0.000
1187.305 0.000
1187.617 0.000
1187.929 0.000
1188.241 0.000
1188.553 0.000
1188.865 0.000
1189.178 0.000
1189.490 0.000
1189.802 0.000
1190.114 0.000
1190.426 0.000
1190.738 0.000
1191.050 0.000
1191.362 0.000
1191.674 0.000
1191.986 0.000
1192.298 0.000
1192.610 0.000
1192.922 0.000
1193.234 0.000
1193.546 0.000
1193.858 0.000
1194.170 0.000
1194.482 0.000
1194.794 0.000
1195.106 0.000
1195.418 0.000
1195.730 0.000
1196.042 0.000
1196.354 0.000
1196.666 0.000
1196.978 0.000
1197.290 0.000
1197.602 0.000
1197.914 0.000
1198.226 0.000
1198.538 0.000
1198.850 0.000
1199.162 0.000
1199.474 0.000
1199.786 0.000
1200.098 0.000
