177.811 0.000
178.065 0.000
178.318 0.000
178.572 0.000
178.826 0.000
179.079 0.000
179.333 0.000
179.587 0.000
179.840 0.000
180.094 0.000
180.347 0.000
180.601 0.000
180.855 0.000
181.108 0.000
181.362 0.000
181.616 0.000
181.869 0.000
182.123 0.000
182.377 0.000
182.630 0.000
182.884 0.000
183.137 0.000
183.391 0.000
183.645 0.000
183.898 0.000
184.152 0.000
184.406 0.000
184.659 0.000
184.913 0.000
185.167 0.000
185.420 0.000
185.674 0.000
185.928 0.000
186.181 0.000
186.435 0.000
186.688 0.000
186.942 0.000
187.196 0.000
187.449 0.000
187.703 0.000
187.957 0.000
188.210 0.000
188.464 0.000
188.718 0.000
188.971 0.000
189.225 0.000
189.479 0.000
189.732 0.000
189.986 0.000
190.239 0.000
190.493 0.000
190.747 0.000
191.000 0.000
191.254 0.000
191.508 0.000
191.761 0.000
192.015 0.000
192.269 0.000
192.522 0.000
192.776 0.000
193.030 0.000
193.283 0.000
193.537 0.000
193.790 0.000
194.044 0.000
194.298 0.000
194.551 0.000
194.805 0.000
195.059 0.000
195.312 0.000
195.566 0.000
195.820 0.000
196.073 0.000
196.327 0.000
196.581 0.000
196.834 0.000
197.088 0.000
197.341 0.000
197.595 0.000
197.849 0.000
198.102 0.000
198.356 0.000
198.610 0.000
198.863 0.000
199.117 0.000
199.371 0.000
199.624 0.000
199.878 0.000
200.132 0.000
200.385 0.000
200.639 0.000
200.892 0.000
201.146 0.000
201.400 0.000
201.653 0.000
201.907 0.000
202.161 0.000
202.414 0.000
202.668 0.000
202.922 0.000
203.175 0.000
203.429 0.000
203.683 0.000
203.936 0.000
204.190 0.000
204.443 0.000
204.697 0.000
204.951 0.000
205.204 0.000
205.458 0.000
205.712 0.000
205.965 0.000
206.219 0.000
206.473 0.000
206.726 0.000
206.980 0.000
207.233 0.000
207.487 0.000
207.741 0.000
207.994 0.000
208.248 0.000
208.502 0.000
208.755 0.000
209.009 0.000
209.263 0.000
209.516 0.000
209.770 0.000
210.024 0.000
210.277 0.000
210.531 0.000
210.784 0.000
211.038 0.000
211.292 0.000
211.545 0.000
211.799 0.000
212.053 0.000
212.306 0.000
212.560 0.000
212.814 0.000
213.067 0.000
213.321 0.000
213.575 0.000
213.828 0.000
214.082 0.000
214.335 0.000
214.589 0.000
214.843 0.000
215.096 0.000
215.350 0.000
215.604 0.000
215.857 0.000
216.111 0.000
216.365 0.000
216.618 0.000
216.872 0.000
217.126 0.000
217.379 0.000
217.633 0.000
217.886 0.000
218.140 0.000
218.394 0.000
218.647 0.000
218.901 0.000
219.155 0.000
219.408 0.000
219.662 0.000
219.916 0.000
220.169 0.000
220.423 0.000
220.677 0.000
220.930 0.000
221.184 0.000
221.437 0.000
221.691 0.000
221.945 0.000
222.198 0.000
222.452 0.000
222.706 0.000
222.959 0.000
223.213 0.000
223.467 0.000
223.720 0.000
223.974 0.000
224.228 0.000
224.481 0.000
224.735 0.000
224.988 0.000
225.242 0.000
225.496 0.000
225.749 0.000
226.003 0.000
226.257 0.000
226.510 0.000
226.764 0.000
227.018 0.000
227.271 0.000
227.525 0.000
227.779 0.000
228.032 0.000
228.286 0.000
228.539 0.000
228.793 0.000
229.047 0.000
229.300 0.000
229.554 0.000
229.808 0.000
230.061 0.000
230.315 0.000
230.569 0.000
230.822 0.000
231.076 0.000
231.330 0.000
231.583 0.000
231.837 0.000
232.090 0.000
232.344 0.000
232.598 0.000
232.851 0.000
233.105 0.000
233.359 0.000
233.612 0.000
233.866 0.000
234.120 0.000
234.373 0.000
234.627 0.000
234.880 0.000
235.134 0.000
235.388 0.000
235.641 0.000
235.895 0.000
236.149 0.000
236.402 0.000
236.656 0.000
236.910 0.000
237.163 0.000
237.417 0.000
237.671 0.000
237.924 0.000
238.178 0.000
238.431 0.000
238.685 0.000
238.939 0.000
239.192 0.000
239.446 0.000
239.700 0.000
239.953 0.000
240.207 0.000
240.461 0.000
240.714 0.000
240.968 0.000
241.222 0.000
241.475 0.000
241.729 0.000
241.982 0.000
242.236 0.000
242.490 0.000
242.743 0.000
242.997 0.000
243.251 0.000
243.504 0.000
243.758 0.000
244.012 0.000
244.265 0.000
244.519 0.000
244.773 0.000
245.026 0.000
245.280 0.000
245.533 0.000
245.787 0.000
246.041 0.000
246.294 0.000
246.548 0.000
246.802 0.000
247.055 0.000
247.309 0.000
247.563 0.000
247.816 0.000
248.070 0.000
248.324 0.000
248.577 0.000
248.831 0.000
249.084 0.000
249.338 0.000
249.592 0.000
249.845 0.000
250.099 0.000
250.353 0.000
250.606 0.000
250.860 0.000
251.114 0.000
251.367 0.000
251.621 0.000
251.875 0.000
252.128 0.000
252.382 0.000
252.635 0.000
252.889 0.000
253.143 0.000
253.396 0.000
253.650 0.000
253.904 0.000
254.159 0.000
254.413 0.000
254.667 0.000
254.922 0.000
255.176 0.000
255.431 0.000
255.685 0.000
255.939 0.000
256.194 0.000
256.448 0.000
256.702 0.000
256.957 0.000
257.211 0.000
257.465 0.000
257.720 0.000
257.974 0.000
258.228 0.000
258.483 0.000
258.737 0.000
258.992 0.000
259.246 0.000
259.500 0.000
259.755 0.000
260.009 0.000
260.263 0.000
260.518 0.000
260.772 0.000
261.026 0.000
261.281 0.000
261.535 0.000
261.789 0.000
262.044 0.000
262.298 0.000
262.553 0.000
262.807 0.000
263.061 0.000
263.316 0.000
263.570 0.000
263.824 0.000
264.079 0.000
264.333 0.000
264.587 0.000
264.842 0.000
265.096 0.000
265.351 0.000
265.605 0.000
265.859 0.000
266.114 0.000
266.368 0.000
266.622 0.000
266.877 0.000
267.131 0.000
267.385 0.000
267.640 0.000
267.894 0.000
268.148 0.000
268.403 0.000
268.657 0.000
268.912 0.000
269.166 0.000
269.420 0.000
269.675 0.000
269.929 0.000
270.183 0.000
270.438 0.000
270.692 0.000
270.946 0.000
271.201 0.000
271.455 0.000
271.709 0.000
271.964 0.000
272.218 0.000
272.473 0.000
272.727 0.000
272.981 0.000
273.236 0.000
273.490 0.000
273.744 0.000
273.999 0.000
274.253 0.000
274.507 0.000
274.762 0.000
275.016 0.000
275.271 0.000
275.525 0.000
275.779 0.000
276.034 0.000
276.288 0.000
276.542 0.000
276.797 0.000
277.051 0.000
277.305 0.000
277.560 0.000
277.814 0.000
278.068 0.000
278.323 0.000
278.577 0.000
278.832 0.000
279.086 0.000
279.340 0.000
279.595 0.000
279.849 0.000
280.103 0.000
280.358 0.000
280.612 0.000
280.866 0.000
281.121 0.000
281.375 0.000
281.629 0.000
281.884 0.000
282.138 0.000
282.393 0.000
282.647 0.000
282.901 0.000
283.156 0.000
283.410 0.000
283.664 0.000
283.919 0.000
284.173 0.000
284.427 0.000
284.682 0.000
284.936 0.000
285.191 0.000
285.445 0.000
285.699 0.000
285.954 0.000
286.208 0.000
286.462 0.000
286.717 0.000
286.971 0.000
287.225 0.000
287.480 0.000
287.734 0.000
287.988 0.000
288.243 0.000
288.497 0.000
288.752 0.000
289.006 0.000
289.260 0.000
289.515 0.000
289.769 0.000
290.023 0.000
290.278 0.000
290.532 0.000
290.786 0.000
291.041 0.000
291.295 0.000
291.549 0.000
291.804 0.000
292.058 0.000
292.313 0.000
292.567 0.000
292.821 0.000
293.076 0.000
293.330 0.000
293.584 0.000
293.839 0.000
294.093 0.000
294.347 0.000
294.602 0.000
294.856 0.000
295.111 0.000
295.365 0.000
295.619 0.000
295.874 0.000
296.128 0.000
296.382 0.000
296.637 0.000
296.891 24.000
297.145 50.000
297.400 186.000
297.654 211.000
297.908 148.000
298.163 198.000
298.417 329.000
298.672 330.000
298.926 319.000
299.180 381.000
299.435 420.000
299.689 508.000
299.943 519.000
300.198 542.000
300.452 664.000
300.706 793.000
300.961 881.000
301.215 867.000
301.469 972.000
301.724 998.000
301.978 972.000
302.233 1144.000
302.487 1299.000
302.741 1345.000
302.996 1501.000
303.250 1605.000
303.504 1598.000
303.759 1691.000
304.013 1822.000
304.267 1888.000
304.522 1891.000
304.776 2090.000
305.031 2127.000
305.285 2259.000
305.539 2297.000
305.794 2467.000
306.048 2780.000
306.302 2818.000
306.557 2807.000
306.811 2926.000
307.065 3104.000
307.320 3181.000
307.574 3303.000
307.828 3446.000
308.083 3703.000
308.337 3789.000
308.592 3918.000
308.846 3972.000
309.100 4077.000
309.355 4319.000
309.609 4562.000
309.863 4748.000
310.118 4747.000
310.372 5013.000
310.626 5246.000
310.881 5583.000
311.135 5616.000
311.389 5838.000
311.644 5974.000
311.898 6136.000
312.153 6320.000
312.407 6593.000
312.661 6797.000
312.916 6913.000
313.170 7260.000
313.429 7366.000
313.688 7486.000
313.947 7707.000
314.206 7842.000
314.465 8226.000
314.724 8403.000
314.983 8519.000
315.242 8896.000
315.501 8984.000
315.760 9142.000
316.019 9364.000
316.278 9698.000
316.536 10022.000
316.795 10092.000
317.054 10331.000
317.313 10544.000
317.572 10804.000
317.831 11229.000
318.090 11508.000
318.349 11789.000
318.608 11835.000
318.867 12108.000
319.126 12433.000
319.385 12712.000
319.644 12670.000
319.903 13082.000
320.162 13590.000
320.421 13710.000
320.680 13872.000
320.939 14148.000
321.198 14403.000
321.457 14811.000
321.716 15044.000
321.975 15192.000
322.234 15350.000
322.493 15713.000
322.752 16155.000
323.010 16326.000
323.269 16703.000
323.528 17083.000
323.787 17381.000
324.046 17513.000
324.305 17585.000
324.564 18051.000
324.823 18350.000
325.082 18507.000
325.341 19033.000
325.600 19323.000
325.859 19340.000
326.118 19470.000
326.377 19585.000
326.636 19872.000
326.895 20540.000
327.154 20695.000
327.413 20834.000
327.672 21069.000
327.931 21337.000
328.190 21495.000
328.449 21802.000
328.708 22347.000
328.967 22416.000
329.226 22405.000
329.485 22699.000
329.743 23141.000
330.002 23284.000
330.261 23605.000
330.520 23972.000
330.779 24262.000
331.038 24414.000
331.297 24571.000
331.556 24783.000
331.815 24997.000
332.074 25339.000
332.333 25834.000
332.592 25890.000
332.851 26083.000
333.110 26333.000
333.369 26446.000
333.628 26687.000
333.887 27087.000
334.146 27152.000
334.405 27570.000
334.664 27613.000
334.923 27756.000
335.182 28144.000
335.441 28302.000
335.700 28656.000
335.959 29046.000
336.217 29132.000
336.476 29204.000
336.735 29503.000
336.994 29912.000
337.253 29857.000
337.512 30137.000
337.771 30352.000
338.030 30591.000
338.289 30734.000
338.548 30975.000
338.807 31023.000
339.066 31497.000
339.325 31508.000
339.584 31756.000
339.843 31860.000
340.102 32182.000
340.361 32293.000
340.620 32418.000
340.879 32530.000
341.138 32744.000
341.397 32771.000
341.656 32771.000
341.915 33091.000
342.174 33437.000
342.433 33501.000
342.691 33670.000
342.950 34105.000
343.209 34294.000
343.468 34236.000
343.727 34151.000
343.986 34362.000
344.245 34473.000
344.504 34673.000
344.763 34678.000
345.022 35010.000
345.281 35133.000
345.540 35243.000
345.799 35436.000
346.058 35804.000
346.317 35861.000
346.576 35836.000
346.835 35965.000
347.094 35922.000
347.353 36083.000
347.612 36346.000
347.871 36498.000
348.130 36755.000
348.389 36674.000
348.648 36694.000
348.907 36795.000
349.166 36920.000
349.424 36865.000
349.683 36988.000
349.942 37119.000
350.201 37380.000
350.460 37423.000
350.719 37327.000
350.978 37748.000
351.237 37614.000
351.496 37812.000
351.755 37690.000
352.014 37963.000
352.273 38264.000
352.532 38074.000
352.791 38126.000
353.050 37963.000
353.309 38162.000
353.568 38319.000
353.827 38390.000
354.086 38275.000
354.345 38540.000
354.604 38518.000
354.863 38549.000
355.122 39010.000
355.381 38751.000
355.640 38623.000
355.898 38740.000
356.157 38868.000
356.416 38787.000
356.675 38826.000
356.934 39000.000
357.193 38864.000
357.452 38986.000
357.711 38773.000
357.970 38767.000
358.229 38747.000
358.488 38801.000
358.747 38837.000
359.006 38671.000
359.265 38623.000
359.524 38791.000
359.783 38706.000
360.042 38669.000
360.301 38542.000
360.560 38689.000
360.819 38959.000
361.078 38633.000
361.337 38830.000
361.596 38985.000
361.855 38775.000
362.114 38608.000
362.372 38672.000
362.631 38739.000
362.890 38628.000
363.149 38471.000
363.408 38655.000
363.667 38341.000
363.926 38333.000
364.185 38608.000
364.444 38407.000
364.703 38268.000
364.962 38414.000
365.221 38823.000
365.480 38684.000
365.739 38734.000
365.999 38511.000
366.258 38534.000
366.518 38496.000
366.777 38593.000
367.037 38547.000
367.296 38670.000
367.556 38747.000
367.815 38766.000
368.075 38902.000
368.334 38812.000
368.594 38753.000
368.853 38638.000
369.113 38728.000
369.372 38543.000
369.632 38603.000
369.891 38863.000
370.150 38928.000
370.410 38564.000
370.669 38725.000
370.929 38795.000
371.188 38775.000
371.448 38682.000
371.707 38696.000
371.967 38748.000
372.226 38918.000
372.486 39004.000
372.745 39152.000
373.005 38900.000
373.264 38604.000
373.524 38666.000
373.783 38539.000
374.043 38743.000
374.302 38553.000
374.561 38361.000
374.821 38447.000
375.080 38575.000
375.340 38707.000
375.599 38498.000
375.859 38343.000
376.118 38369.000
376.378 38411.000
376.637 38323.000
376.897 37842.000
377.156 38041.000
377.416 38065.000
377.675 38010.000
377.935 37971.000
378.194 38028.000
378.454 38232.000
378.713 38246.000
378.972 38142.000
379.232 37798.000
379.491 37715.000
379.751 37518.000
380.010 37650.000
380.270 37568.000
380.529 37432.000
380.789 37337.000
381.048 37244.000
381.308 37319.000
381.567 37409.000
381.827 37297.000
382.086 37185.000
382.346 37267.000
382.605 37096.000
382.865 36969.000
383.124 36874.000
383.383 37008.000
383.643 36730.000
383.902 36874.000
384.162 37034.000
384.421 36897.000
384.681 36684.000
384.940 36757.000
385.200 36527.000
385.459 36512.000
385.719 36438.000
385.978 36277.000
386.238 36267.000
386.497 36210.000
386.757 35848.000
387.016 35819.000
387.276 35895.000
387.535 35836.000
387.794 35961.000
388.054 35923.000
388.313 35816.000
388.573 35571.000
388.832 35525.000
389.092 35577.000
389.351 35486.000
389.611 35461.000
389.870 35985.000
390.130 35397.000
390.389 35272.000
390.649 34918.000
390.908 34802.000
391.168 34855.000
391.427 34970.000
391.686 34851.000
391.946 34739.000
392.205 34540.000
392.465 34313.000
392.724 34166.000
392.984 34479.000
393.243 34460.000
393.503 34328.000
393.762 34256.000
394.022 33857.000
394.281 33454.000
394.541 33293.000
394.800 33600.000
395.060 33550.000
395.319 33357.000
395.579 33152.000
395.838 33075.000
396.097 33153.000
396.357 33007.000
396.616 32867.000
396.876 32587.000
397.135 32685.000
397.395 32632.000
397.654 32512.000
397.914 32788.000
398.173 32611.000
398.433 32315.000
398.692 32012.000
398.952 32048.000
399.211 31826.000
399.471 31749.000
399.730 31958.000
399.990 31832.000
400.249 31736.000
400.508 31617.000
400.768 31604.000
401.027 31467.000
401.287 31266.000
401.546 31224.000
401.806 31203.000
402.065 31114.000
402.325 30958.000
402.584 30814.000
402.844 30850.000
403.103 30569.000
403.363 30861.000
403.622 30666.000
403.882 30450.000
404.141 30747.000
404.401 30503.000
404.660 30248.000
404.926 30189.000
405.193 30170.000
405.459 29982.000
405.726 30023.000
405.992 29865.000
406.259 29754.000
406.525 29831.000
406.792 29774.000
407.058 29891.000
407.325 29763.000
407.591 29692.000
407.858 29349.000
408.124 29334.000
408.391 29429.000
408.657 29372.000
408.924 29402.000
409.190 29174.000
409.457 29127.000
409.723 29169.000
409.990 29082.000
410.256 29072.000
410.523 28906.000
410.789 28821.000
411.056 28623.000
411.322 28480.000
411.589 28490.000
411.855 28436.000
412.122 28311.000
412.388 28343.000
412.655 28087.000
412.921 28064.000
413.188 28302.000
413.454 28058.000
413.721 27915.000
413.987 27896.000
414.254 27671.000
414.520 27412.000
414.787 27649.000
415.053 27672.000
415.320 27806.000
415.586 27484.000
415.853 27101.000
416.119 27216.000
416.386 27260.000
416.652 26913.000
416.919 26635.000
417.185 26776.000
417.452 26671.000
417.718 26762.000
417.985 26470.000
418.251 26420.000
418.518 26350.000
418.784 26047.000
419.051 25992.000
419.317 26020.000
419.584 26100.000
419.850 26106.000
420.117 25566.000
420.383 25375.000
420.650 25360.000
420.916 25224.000
421.183 25515.000
421.449 25451.000
421.716 25399.000
421.982 25085.000
422.249 25043.000
422.515 24995.000
422.782 24783.000
423.048 24835.000
423.315 24876.000
423.581 24706.000
423.848 24820.000
424.114 24665.000
424.381 24348.000
424.647 24175.000
424.914 24447.000
425.180 24249.000
425.447 24180.000
425.713 24061.000
425.980 24035.000
426.246 23791.000
426.513 23633.000
426.779 23792.000
427.046 23603.000
427.312 23408.000
427.579 23479.000
427.845 23337.000
428.112 23375.000
428.378 23456.000
428.645 23602.000
428.911 23458.000
429.178 23317.000
429.444 23131.000
429.711 22881.000
429.977 22639.000
430.244 22967.000
430.510 23002.000
430.777 22895.000
431.043 22650.000
431.310 22593.000
431.576 22502.000
431.843 22518.000
432.109 22429.000
432.376 22453.000
432.642 22268.000
432.909 22101.000
433.175 22165.000
433.442 22077.000
433.708 21939.000
433.975 21929.000
434.241 21614.000
434.508 21923.000
434.774 21801.000
435.041 21711.000
435.307 21759.000
435.574 21558.000
435.840 21424.000
436.110 21311.000
436.379 21325.000
436.649 21112.000
436.918 21140.000
437.188 21014.000
437.457 20947.000
437.727 20759.000
437.996 20593.000
438.266 20662.000
438.535 20649.000
438.805 20556.000
439.074 20485.000
439.344 20444.000
439.613 20261.000
439.883 20246.000
440.152 20118.000
440.422 20174.000
440.691 20065.000
440.961 20021.000
441.230 19655.000
441.500 19561.000
441.769 19512.000
442.039 19557.000
442.308 19316.000
442.578 19230.000
442.847 19031.000
443.117 19232.000
443.386 18911.000
443.656 18891.000
443.925 18842.000
444.195 18887.000
444.464 18826.000
444.734 18816.000
445.003 18643.000
445.273 18634.000
445.542 18653.000
445.812 18445.000
446.081 18214.000
446.351 18293.000
446.620 18197.000
446.890 18008.000
447.159 18129.000
447.429 17876.000
447.698 17645.000
447.968 17874.000
448.238 17704.000
448.507 17545.000
448.777 17686.000
449.046 17580.000
449.316 17584.000
449.585 17340.000
449.855 17355.000
450.124 17310.000
450.394 17075.000
450.663 16977.000
450.933 17051.000
451.202 17177.000
451.472 17151.000
451.741 16846.000
452.011 16757.000
452.280 16705.000
452.550 16589.000
452.819 16518.000
453.089 16606.000
453.358 16726.000
453.628 16554.000
453.897 16355.000
454.167 16138.000
454.436 16237.000
454.706 15971.000
454.975 16038.961
455.245 16034.965
455.514 16002.994
455.784 15956.088
456.053 15901.296
456.323 15763.709
456.592 15753.984
456.862 15776.892
457.131 15700.199
457.401 15556.773
457.670 15490.040
457.940 15510.956
458.209 15459.163
458.479 15445.219
458.748 15505.976
459.018 15156.375
459.287 15034.861
459.557 15113.546
459.826 15049.801
460.096 14914.343
460.366 14793.825
460.635 14581.256
460.905 14689.930
461.174 14648.703
461.444 14649.351
461.713 14577.423
461.983 14560.000
462.252 14438.438
462.522 14426.854
462.791 14241.725
463.061 14178.715
463.330 14307.538
463.600 14257.545
463.869 14182.276
464.139 14184.290
464.408 14097.782
464.678 13973.764
464.947 13957.619
465.217 13879.798
465.486 13722.952
465.756 13631.579
466.025 13683.891
466.295 13576.494
466.564 13221.095
466.834 13479.716
467.103 13368.528
467.373 13377.033
467.642 13187.182
467.912 13219.736
468.181 13404.277
468.451 13162.080
468.720 12966.361
468.990 12854.082
469.259 12991.837
469.529 12860.061
469.798 12772.217
470.068 12700.715
470.337 12448.417
470.607 12323.800
470.876 12322.778
471.146 12592.441
471.415 12525.510
471.685 12265.306
471.954 12266.327
472.224 12128.571
472.493 12040.816
472.763 12098.980
473.033 11937.755
473.302 11877.551
473.572 11804.082
473.841 11796.126
474.111 11726.809
474.380 11558.614
474.650 11403.670
474.919 11419.980
475.189 11384.929
475.458 11479.633
475.728 11213.849
475.997 11305.188
476.267 11214.649
476.536 11158.537
476.806 10954.315
477.075 11064.975
477.345 11012.170
477.614 10833.671
477.884 10820.669
478.153 10741.641
478.423 10703.141
478.692 10689.271
478.962 10632.591
479.231 10340.748
479.501 10445.905
479.770 10533.333
480.040 10415.152
480.309 10287.588
480.579 10347.782
480.848 10225.806
481.118 9998.993
481.387 10114.688
481.657 10055.276
481.926 9944.779
482.196 9922.691
482.465 9797.392
482.735 9770.311
483.004 9625.251
483.274 9632.265
483.543 9674.675
483.813 9545.000
484.082 9370.000
484.352 9476.523
484.621 9503.497
484.891 9386.228
485.161 9417.166
485.430 9391.825
485.700 9215.354
485.969 9121.514
486.239 9053.785
486.508 9103.586
486.778 8875.498
487.047 8796.813
487.317 8959.204
487.586 8958.209
487.856 8899.502
488.125 8881.592
488.395 8813.930
488.664 8719.403
488.934 8737.313
489.203 8838.645
489.473 8619.522
489.742 8392.430
490.012 8393.819
490.281 8373.878
490.551 8436.690
490.820 8325.349
491.090 8412.176
491.359 8536.464
491.629 8406.593
491.898 8406.593
492.168 8275.724
492.437 8109.000
492.707 8095.000
492.976 8161.161
493.246 8105.210
493.515 7957.874
493.785 7782.347
494.054 7742.972
494.324 7805.025
494.593 7737.688
494.863 7749.497
495.132 7743.202
495.402 7741.935
495.671 7613.911
495.941 7623.613
496.210 7645.455
496.480 7534.884
496.749 7501.517
497.019 7383.603
497.289 7358.300
497.558 7312.057
497.828 7331.643
498.097 7318.782
498.367 7366.870
498.636 7171.748
498.906 7123.093
499.175 7214.649
499.445 7112.016
499.714 7012.220
499.984 6888.889
500.253 6969.388
500.523 6918.367
500.792 7000.000
501.062 6831.461
501.331 6843.718
501.601 6774.029
501.870 6702.454
502.140 6692.229
502.409 6589.560
502.679 6510.747
502.948 6466.735
503.218 6372.951
503.487 6534.836
503.757 6611.282
504.026 6481.026
504.296 6315.897
504.565 6266.667
504.835 6287.179
505.104 6194.045
505.374 6247.433
505.643 6239.220
505.913 6287.770
506.182 6127.441
506.452 5929.085
506.721 5919.836
506.991 5920.782
507.260 5836.420
507.530 5932.099
507.799 5878.601
508.069 5823.045
508.338 5885.920
508.608 5720.739
508.877 5760.780
509.147 5732.308
509.416 5608.607
509.686 5581.800
509.956 5684.372
510.225 5667.347
510.495 5507.128
510.764 5419.125
511.034 5440.609
511.303 5485.309
511.573 5351.215
511.842 5085.859
512.112 5152.218
512.381 5199.195
512.651 5087.349
512.920 5059.118
513.190 5036.963
513.459 4994.018
513.729 4923.459
513.998 4911.706
514.268 4934.653
514.537 4986.180
514.807 4968.473
515.076 4904.621
515.346 4802.941
515.615 4720.430
515.885 4694.634
516.154 4650.438
516.424 4675.413
516.693 4755.577
516.963 4632.139
517.232 4578.744
517.502 4512.524
517.771 4366.346
518.041 4503.362
518.310 4519.655
518.580 4437.739
518.849 4371.893
519.119 4393.505
519.388 4388.359
519.658 4315.539
519.927 4274.286
520.197 4223.597
520.466 4283.270
520.736 4186.312
521.005 4102.564
521.275 4156.695
521.544 4096.866
521.814 4105.413
522.084 4129.155
522.353 4047.483
522.623 3905.033
522.892 4051.282
523.162 3892.688
523.431 3928.707
523.701 3851.711
523.970 3843.958
524.240 3814.462
524.509 3820.000
524.779 3698.095
525.048 3530.982
525.318 3706.387
525.587 3706.107
525.857 3692.455
526.126 3751.671
526.396 3718.929
526.665 3714.833
526.935 3670.498
527.204 3595.398
527.474 3574.856
527.743 3570.605
528.013 3469.231
528.282 3449.471
528.552 3491.329
528.821 3550.627
529.091 3473.938
529.360 3470.531
529.630 3396.518
529.899 3398.838
530.169 3440.465
530.438 3371.124
530.708 3294.859
530.977 3335.922
531.247 3296.117
531.516 3331.390
531.786 3292.802
532.055 3223.953
532.325 3050.682
532.594 3140.488
532.864 3211.914
533.133 3259.042
533.403 3136.008
533.672 3048.924
533.942 3142.157
534.212 3126.595
534.481 3006.876
534.751 2967.583
535.020 2888.889
535.290 2890.748
535.559 2946.850
535.829 2961.576
536.098 2923.077
536.368 2843.040
536.637 2784.798
536.907 2796.443
537.176 2783.597
537.446 2788.538
537.715 2760.633
537.985 2724.036
538.254 2688.119
538.524 2717.822
538.793 2847.525
539.063 2732.673
539.332 2660.059
539.602 2720.515
539.871 2573.835
540.141 2473.736
540.410 2507.433
540.680 2572.844
540.949 2605.550
541.219 2523.290
541.488 2514.371
541.758 2417.245
542.027 2453.915
542.297 2499.010
542.566 2421.782
542.836 2348.515
543.105 2390.099
543.375 2363.366
543.644 2365.347
543.914 2231.454
544.183 2100.890
544.453 2269.041
544.722 2151.335
544.992 2156.281
545.261 2175.889
545.531 2202.569
545.800 2166.008
546.070 2132.280
546.346 2140.039
546.622 2128.079
546.897 2068.898
547.173 2032.448
547.449 1948.869
547.725 1973.477
548.001 2010.795
548.276 2056.863
548.552 1966.667
548.828 1912.831
549.104 1993.144
549.380 1894.325
549.655 1890.411
549.931 1928.641
550.207 1833.984
550.483 1742.188
550.759 1768.780
551.034 1807.018
551.310 1844.055
551.586 1822.785
551.862 1769.231
552.138 1700.389
552.413 1764.591
552.689 1739.553
552.965 1724.004
553.241 1620.019
553.517 1695.146
553.793 1787.379
554.068 1717.476
554.344 1706.796
554.620 1732.299
554.896 1529.583
555.172 1440.349
555.447 1564.500
555.723 1553.831
555.999 1477.207
556.275 1434.530
556.551 1467.507
556.826 1416.101
557.102 1515.034
557.378 1516.974
557.654 1459.223
557.930 1462.136
558.205 1343.689
558.481 1422.330
558.757 1433.431
559.033 1386.783
559.309 1455.782
559.584 1410.107
559.860 1301.556
560.136 1333.658
560.412 1396.887
560.688 1364.167
560.963 1324.245
561.239 1402.534
561.515 1376.218
561.791 1305.068
562.067 1344.055
562.342 1308.293
562.618 1259.512
562.894 1242.188
563.170 1284.180
563.446 1202.148
563.721 1105.572
563.997 1136.852
564.273 1264.188
564.549 1192.948
564.825 1133.203
565.100 1188.051
565.376 1119.608
565.652 1082.353
565.928 1099.117
566.204 1101.079
566.479 1041.257
566.755 1057.957
567.031 1078.663
567.307 1132.743
567.583 1072.835
567.858 1068.898
568.134 1025.591
568.410 907.389
568.686 932.020
568.962 975.345
569.237 1081.854
569.513 933.860
569.789 1011.846
570.065 992.095
570.341 889.328
570.617 890.316
570.892 812.067
571.168 858.416
571.444 877.228
571.720 862.376
571.996 881.188
572.271 939.544
572.547 882.061
572.823 837.302
573.099 790.675
573.375 784.722
573.650 799.603
573.926 767.627
574.202 804.369
574.478 755.710
574.754 704.071
575.029 701.789
575.305 769.384
575.581 692.843
575.857 723.658
576.133 672.962
576.408 694.831
576.684 731.610
576.960 736.581
577.239 672.962
577.517 625.249
577.796 719.682
578.075 749.503
578.354 684.211
578.632 706.058
578.911 649.454
579.190 614.697
579.469 560.516
579.747 575.397
580.026 570.437
580.305 476.190
580.584 524.281
580.862 593.657
581.141 593.657
581.420 524.752
581.699 467.327
581.977 613.254
582.256 565.776
582.535 546.443
582.814 615.613
583.092 492.596
583.371 416.584
583.650 518.738
583.929 520.710
584.207 466.010
584.486 461.084
584.765 417.323
585.043 411.996
585.322 489.676
585.601 456.778
585.880 450.884
586.158 452.404
586.437 479.882
586.716 409.804
586.995 370.225
587.273 360.078
587.552 336.266
587.831 311.523
588.110 351.220
588.388 292.398
588.667 280.428
588.946 304.475
589.225 233.010
589.503 247.333
589.782 223.837
590.061 210.068
590.340 249.516
590.618 292.754
590.897 401.544
591.176 349.084
591.455 424.855
591.733 370.549
592.012 239.423
592.291 194.044
592.570 147.793
592.848 209.971
593.127 169.540
593.406 176.077
593.684 175.908
593.963 263.610
594.242 275.763
594.521 161.106
594.799 120.952
595.078 136.061
595.357 146.388
595.636 98.859
595.914 144.349
596.193 142.315
596.472 112.903
596.751 100.474
597.029 66.351
597.308 94.787
597.587 83.412
597.866 0.000
598.144 8.539
598.423 0.000
598.702 0.000
598.981 0.000
599.259 15.238
599.538 0.000
599.817 0.000
600.096 0.000
600.374 45.106
600.653 28.846
600.932 13.500
601.210 0.000
601.489 0.000
601.768 7.775
602.047 14.620
602.325 0.000
602.604 0.000
602.883 0.000
603.162 0.000
603.440 0.000
603.719 0.000
603.998 0.000
604.277 0.000
604.555 0.000
604.834 0.000
605.113 0.000
605.392 0.000
605.670 0.000
605.949 0.000
606.228 0.000
606.507 0.000
606.785 0.000
607.064 0.000
607.343 0.000
607.622 0.000
607.900 0.000
608.179 0.000
608.458 0.000
608.736 0.000
609.015 0.000
609.294 0.000
609.573 0.000
609.851 0.000
610.130 0.000
610.409 0.000
610.688 0.000
610.966 0.000
611.245 0.000
611.524 0.000
611.803 0.000
612.081 0.000
612.360 0.000
612.639 0.000
612.918 0.000
613.196 0.000
613.475 0.000
613.754 0.000
614.033 0.000
614.311 0.000
614.590 0.000
614.869 0.000
615.148 0.000
615.426 0.000
615.705 0.000
615.984 0.000
616.263 0.000
616.541 0.000
616.820 0.000
617.099 0.000
617.377 0.000
617.656 0.000
617.935 0.000
618.214 0.000
618.492 0.000
618.771 0.000
619.050 0.000
619.329 0.000
619.607 0.000
619.886 0.000
620.165 0.000
620.444 0.000
620.722 0.000
621.001 0.000
621.280 0.000
621.559 0.000
621.837 0.000
622.116 0.000
622.395 0.000
622.674 0.000
622.952 0.000
623.231 0.000
623.510 0.000
623.789 0.000
624.067 0.000
624.346 0.000
624.625 0.000
624.904 0.000
625.182 0.000
625.461 0.000
625.740 0.000
626.018 0.000
626.297 0.000
626.576 0.000
626.855 0.000
627.133 0.000
627.412 0.000
627.691 0.000
627.970 0.000
628.248 0.000
628.527 0.000
628.806 0.000
629.085 0.000
629.363 0.000
629.642 0.000
629.921 0.000
630.200 0.000
630.478 0.000
630.757 0.000
631.036 0.000
631.315 0.000
631.593 0.000
631.872 0.000
632.151 0.000
632.430 0.000
632.708 0.000
632.987 0.000
633.266 0.000
633.544 0.000
633.823 0.000
634.102 0.000
634.381 0.000
634.659 0.000
634.938 0.000
635.217 0.000
635.496 0.000
635.774 0.000
636.053 0.000
636.332 0.000
636.611 0.000
636.889 0.000
637.168 0.000
637.447 0.000
637.726 0.000
638.004 0.000
638.283 0.000
638.562 0.000
638.841 0.000
639.119 0.000
639.398 0.000
639.677 0.000
639.956 0.000
640.234 0.000
640.513 0.000
640.792 0.000
641.070 0.000
641.349 0.000
641.628 0.000
641.907 0.000
642.185 0.000
642.464 0.000
642.743 0.000
643.022 0.000
643.300 0.000
643.579 0.000
643.858 0.000
644.137 0.000
644.415 0.000
644.694 0.000
644.973 0.000
645.252 0.000
645.530 0.000
645.809 0.000
646.088 0.000
646.367 0.000
646.645 0.000
646.924 0.000
647.203 0.000
647.482 0.000
647.760 0.000
648.039 0.000
648.318 0.000
648.596 0.000
648.875 0.000
649.154 0.000
649.433 0.000
649.711 0.000
649.990 0.000
650.269 0.000
650.548 0.000
650.826 0.000
651.105 0.000
651.384 0.000
651.663 0.000
651.941 0.000
652.220 0.000
652.499 0.000
652.778 0.000
653.056 0.000
653.335 0.000
653.614 0.000
653.893 0.000
654.171 0.000
654.450 0.000
654.729 0.000
655.008 0.000
655.286 0.000
655.565 0.000
655.844 0.000
656.123 0.000
656.401 0.000
656.680 0.000
656.959 0.000
657.237 0.000
657.516 0.000
657.795 0.000
658.074 0.000
658.352 0.000
658.631 0.000
658.910 0.000
659.189 0.000
659.467 0.000
659.746 0.000
660.025 0.000
660.304 0.000
660.582 0.000
660.861 0.000
661.140 0.000
661.419 0.000
661.697 0.000
661.976 0.000
662.255 0.000
662.534 0.000
662.812 0.000
663.091 0.000
663.370 0.000
663.649 0.000
663.927 0.000
664.206 0.000
664.485 0.000
664.764 0.000
665.042 0.000
665.321 0.000
665.600 0.000
665.878 0.000
666.157 0.000
666.436 0.000
666.715 0.000
666.993 0.000
667.272 0.000
667.551 0.000
667.830 0.000
668.108 0.000
668.387 0.000
668.666 0.000
668.945 0.000
669.223 0.000
669.502 0.000
669.781 0.000
670.060 0.000
670.338 0.000
670.617 0.000
670.896 0.000
671.175 0.000
671.453 0.000
671.732 0.000
672.011 0.000
672.290 0.000
672.568 0.000
672.847 0.000
673.126 0.000
673.404 0.000
673.683 0.000
673.962 0.000
674.241 0.000
674.519 0.000
674.798 0.000
675.077 0.000
675.356 0.000
675.634 0.000
675.913 0.000
676.192 0.000
676.471 0.000
676.749 0.000
677.028 0.000
677.307 0.000
677.586 0.000
677.864 0.000
678.143 0.000
678.422 0.000
678.701 0.000
678.979 0.000
679.258 0.000
679.537 0.000
679.816 0.000
680.094 0.000
680.373 0.000
680.652 0.000
680.930 0.000
681.209 0.000
681.488 0.000
681.767 0.000
682.045 0.000
682.324 0.000
682.603 0.000
682.882 0.000
683.160 0.000
683.439 0.000
683.718 0.000
683.997 0.000
684.275 0.000
684.554 0.000
684.833 0.000
685.112 0.000
685.390 0.000
685.669 0.000
685.948 0.000
686.227 0.000
686.505 0.000
686.784 0.000
687.063 0.000
687.342 0.000
687.620 0.000
687.899 0.000
688.178 0.000
688.457 0.000
688.735 0.000
689.014 0.000
689.293 0.000
689.571 0.000
689.850 0.000
690.129 0.000
690.408 0.000
690.686 0.000
690.965 0.000
691.244 0.000
691.523 0.000
691.801 0.000
692.080 0.000
692.359 0.000
692.638 0.000
692.916 0.000
693.195 0.000
693.474 0.000
693.753 0.000
694.031 0.000
694.310 0.000
694.589 0.000
694.868 0.000
695.146 0.000
695.425 0.000
695.704 0.000
695.983 0.000
696.261 0.000
696.540 0.000
696.825 0.000
697.110 0.000
697.395 0.000
697.680 0.000
697.965 0.000
698.250 0.000
698.535 0.000
698.819 0.000
699.104 0.000
699.389 0.000
699.674 0.000
699.959 0.000
700.244 0.000
700.529 0.000
700.814 0.000
701.099 0.000
701.384 0.000
701.669 0.000
701.954 0.000
702.239 0.000
702.524 0.000
702.809 0.000
703.094 0.000
703.378 0.000
703.663 0.000
703.948 0.000
704.233 0.000
704.518 0.000
704.803 0.000
705.088 0.000
705.373 0.000
705.658 0.000
705.943 0.000
706.228 0.000
706.513 0.000
706.798 0.000
707.083 0.000
707.368 0.000
707.653 0.000
707.937 0.000
708.222 0.000
708.507 0.000
708.792 0.000
709.077 0.000
709.362 0.000
709.647 0.000
709.932 0.000
710.217 0.000
710.502 0.000
710.787 0.000
711.072 0.000
711.357 0.000
711.642 0.000
711.927 0.000
712.211 0.000
712.496 0.000
712.781 0.000
713.066 0.000
713.351 0.000
713.636 0.000
713.921 0.000
714.206 0.000
714.491 0.000
714.776 0.000
715.061 0.000
715.346 0.000
715.631 0.000
715.916 0.000
716.201 0.000
716.486 0.000
716.770 0.000
717.055 0.000
717.340 0.000
717.625 0.000
717.910 0.000
718.195 0.000
718.480 0.000
718.765 0.000
719.050 0.000
719.335 0.000
719.620 0.000
719.905 0.000
720.190 0.000
720.475 0.000
720.760 0.000
721.045 0.000
721.329 0.000
721.614 0.000
721.899 0.000
722.184 0.000
722.469 0.000
722.754 0.000
723.039 0.000
723.324 0.000
723.609 0.000
723.894 0.000
724.179 0.000
724.464 0.000
724.749 0.000
725.034 0.000
725.319 0.000
725.603 0.000
725.888 0.000
726.173 0.000
726.458 0.000
726.743 0.000
727.028 0.000
727.313 0.000
727.598 0.000
727.883 0.000
728.168 0.000
728.453 0.000
728.738 0.000
729.023 0.000
729.308 0.000
729.593 0.000
729.878 0.000
730.162 0.000
730.447 0.000
730.732 0.000
731.017 0.000
731.302 0.000
731.587 0.000
731.872 0.000
732.157 0.000
732.442 0.000
732.727 0.000
733.012 0.000
733.297 0.000
733.582 0.000
733.867 0.000
734.152 0.000
734.437 0.000
734.721 0.000
735.006 0.000
735.291 0.000
735.576 0.000
735.861 0.000
736.146 0.000
736.431 0.000
736.716 0.000
737.001 0.000
737.286 0.000
737.571 0.000
737.856 0.000
738.141 0.000
738.426 0.000
738.711 0.000
738.995 0.000
739.280 0.000
739.565 0.000
739.850 0.000
740.135 0.000
740.420 0.000
740.705 0.000
740.990 0.000
741.275 0.000
741.560 0.000
741.845 0.000
742.130 0.000
742.415 0.000
742.700 0.000
742.985 0.000
743.270 0.000
743.554 0.000
743.839 0.000
744.124 0.000
744.409 0.000
744.694 0.000
744.979 0.000
745.264 0.000
745.549 0.000
745.834 0.000
746.119 0.000
746.404 0.000
746.689 0.000
746.974 0.000
747.259 0.000
747.544 0.000
747.829 0.000
748.113 0.000
748.398 0.000
748.683 0.000
748.968 0.000
749.253 0.000
749.538 0.000
749.823 0.000
750.108 0.000
750.393 0.000
750.678 0.000
750.963 0.000
751.248 0.000
751.533 0.000
751.818 0.000
752.103 0.000
752.387 0.000
752.672 0.000
752.957 0.000
753.242 0.000
753.527 0.000
753.812 0.000
754.097 0.000
754.382 0.000
754.667 0.000
754.952 0.000
755.237 0.000
755.522 0.000
755.807 0.000
756.092 0.000
756.377 0.000
756.662 0.000
756.946 0.000
757.231 0.000
757.516 0.000
757.801 0.000
758.086 0.000
758.371 0.000
758.656 0.000
758.941 0.000
759.226 0.000
759.511 0.000
759.796 0.000
760.081 0.000
760.366 0.000
760.651 0.000
760.936 0.000
761.221 0.000
761.505 0.000
761.790 0.000
762.075 0.000
762.360 0.000
762.645 0.000
762.930 0.000
763.215 0.000
763.500 0.000
763.791 0.000
764.082 0.000
764.373 0.000
764.664 0.000
764.955 0.000
765.247 0.000
765.538 0.000
765.829 0.000
766.120 0.000
766.411 0.000
766.702 0.000
766.993 0.000
767.284 0.000
767.575 0.000
767.866 0.000
768.157 0.000
768.449 0.000
768.740 0.000
769.031 0.000
769.322 0.000
769.613 0.000
769.904 0.000
770.195 0.000
770.486 0.000
770.777 0.000
771.068 0.000
771.359 0.000
771.651 0.000
771.942 0.000
772.233 0.000
772.524 0.000
772.815 0.000
773.106 0.000
773.397 0.000
773.688 0.000
773.979 0.000
774.270 0.000
774.561 0.000
774.853 0.000
775.144 0.000
775.435 0.000
775.726 0.000
776.017 0.000
776.308 0.000
776.599 0.000
776.890 0.000
777.181 0.000
777.472 0.000
777.763 0.000
778.055 0.000
778.346 0.000
778.637 0.000
778.928 0.000
779.219 0.000
779.510 0.000
779.801 0.000
780.092 0.000
780.383 0.000
780.674 0.000
780.965 0.000
781.257 0.000
781.548 0.000
781.839 0.000
782.130 0.000
782.421 0.000
782.712 0.000
783.003 0.000
783.294 0.000
783.585 0.000
783.876 0.000
784.167 0.000
784.459 0.000
784.750 0.000
785.041 0.000
785.332 0.000
785.623 0.000
785.914 0.000
786.205 0.000
786.496 0.000
786.787 0.000
787.078 0.000
787.369 0.000
787.661 0.000
787.952 0.000
788.243 0.000
788.534 0.000
788.825 0.000
789.116 0.000
789.407 0.000
789.698 0.000
789.989 0.000
790.280 0.000
790.571 0.000
790.863 0.000
791.154 0.000
791.445 0.000
791.736 0.000
792.027 0.000
792.318 0.000
792.609 0.000
792.900 0.000
793.191 0.000
793.482 0.000
793.773 0.000
794.065 0.000
794.356 0.000
794.647 0.000
794.938 0.000
795.229 0.000
795.520 0.000
795.811 0.000
796.102 0.000
796.393 0.000
796.684 0.000
796.975 0.000
797.267 0.000
797.558 0.000
797.849 0.000
798.140 0.000
798.431 0.000
798.722 0.000
799.013 0.000
799.304 0.000
799.595 0.000
799.886 0.000
800.177 0.000
800.469 0.000
800.760 0.000
801.051 0.000
801.342 0.000
801.633 0.000
801.924 0.000
802.215 0.000
802.506 0.000
802.797 0.000
803.088 0.000
803.379 0.000
803.671 0.000
803.962 0.000
804.253 0.000
804.544 0.000
804.835 0.000
805.126 0.000
805.417 0.000
805.708 0.000
805.999 0.000
806.290 0.000
806.581 0.000
806.873 0.000
807.164 0.000
807.455 0.000
807.746 0.000
808.037 0.000
808.328 0.000
808.619 0.000
808.910 0.000
809.201 0.000
809.492 0.000
809.783 0.000
810.075 0.000
810.366 0.000
810.657 0.000
810.948 0.000
811.239 0.000
811.530 0.000
811.821 0.000
812.112 0.000
812.404 0.000
812.695 0.000
812.986 0.000
813.277 0.000
813.569 0.000
813.860 0.000
814.151 0.000
814.442 0.000
814.734 0.000
815.025 0.000
815.316 0.000
815.607 0.000
815.899 0.000
816.190 0.000
816.481 0.000
816.772 0.000
817.064 0.000
817.355 0.000
817.646 0.000
817.937 0.000
818.229 0.000
818.520 0.000
818.811 0.000
819.102 0.000
819.394 0.000
819.685 0.000
819.976 0.000
820.267 0.000
820.559 0.000
820.850 0.000
821.141 0.000
821.432 0.000
821.723 0.000
822.015 0.000
822.306 0.000
822.597 0.000
822.888 0.000
823.180 0.000
823.471 0.000
823.762 0.000
824.053 0.000
824.345 0.000
824.636 0.000
824.927 0.000
825.218 0.000
825.510 0.000
825.801 0.000
826.092 0.000
826.383 0.000
826.675 0.000
826.966 0.000
827.257 0.000
827.548 0.000
827.840 0.000
828.131 0.000
828.422 0.000
828.713 0.000
829.005 0.000
829.296 0.000
829.587 0.000
829.878 0.000
830.170 0.000
830.461 0.000
830.752 0.000
831.043 0.000
831.335 0.000
831.626 0.000
831.917 0.000
832.208 0.000
832.499 0.000
832.791 0.000
833.082 0.000
833.373 0.000
833.664 0.000
833.956 0.000
834.247 0.000
834.538 0.000
834.829 0.000
835.121 0.000
835.412 0.000
835.703 0.000
835.994 0.000
836.286 0.000
836.577 0.000
836.868 0.000
837.159 0.000
837.451 0.000
837.742 0.000
838.033 0.000
838.324 0.000
838.616 0.000
838.907 0.000
839.198 0.000
839.489 0.000
839.781 0.000
840.072 0.000
840.363 0.000
840.654 0.000
840.946 0.000
841.237 0.000
841.528 0.000
841.819 0.000
842.110 0.000
842.402 0.000
842.693 0.000
842.984 0.000
843.275 0.000
843.567 0.000
843.858 0.000
844.149 0.000
844.440 0.000
844.732 0.000
845.023 0.000
845.314 0.000
845.605 0.000
845.897 0.000
846.188 0.000
846.479 0.000
846.770 0.000
847.062 0.000
847.353 0.000
847.644 0.000
847.935 0.000
848.227 0.000
848.518 0.000
848.809 0.000
849.100 0.000
849.392 0.000
849.683 0.000
849.974 0.000
850.265 0.000
850.557 0.000
850.848 0.000
851.139 0.000
851.430 0.000
851.721 0.000
852.013 0.000
852.304 0.000
852.595 0.000
852.886 0.000
853.178 0.000
853.469 0.000
853.760 0.000
854.051 0.000
854.343 0.000
854.634 0.000
854.925 0.000
855.216 0.000
855.508 0.000
855.799 0.000
856.090 0.000
856.381 0.000
856.673 0.000
856.964 0.000
857.255 0.000
857.546 0.000
857.838 0.000
858.129 0.000
858.420 0.000
858.711 0.000
859.003 0.000
859.294 0.000
859.585 0.000
859.876 0.000
860.168 0.000
860.459 0.000
860.750 0.000
861.041 0.000
861.333 0.000
861.624 0.000
861.915 0.000
862.206 0.000
862.497 0.000
862.789 0.000
863.080 0.000
863.371 0.000
863.662 0.000
863.954 0.000
864.245 0.000
864.536 0.000
864.827 0.000
865.119 0.000
865.410 0.000
865.701 0.000
865.992 0.000
866.284 0.000
866.575 0.000
866.866 0.000
867.157 0.000
867.449 0.000
867.740 0.000
868.031 0.000
868.322 0.000
868.614 0.000
868.905 0.000
869.196 0.000
869.487 0.000
869.779 0.000
870.070 0.000
870.361 0.000
870.652 0.000
870.944 0.000
871.235 0.000
871.526 0.000
871.817 0.000
872.109 0.000
872.400 0.000
872.691 0.000
872.982 0.000
873.273 0.000
873.565 0.000
873.856 0.000
874.147 0.000
874.438 0.000
874.730 0.000
875.021 0.000
875.312 0.000
875.603 0.000
875.895 0.000
876.186 0.000
876.477 0.000
876.768 0.000
877.060 0.000
877.351 0.000
877.642 0.000
877.933 0.000
878.225 0.000
878.516 0.000
878.807 0.000
879.098 0.000
879.390 0.000
879.681 0.000
879.972 0.000
880.263 0.000
880.555 0.000
880.846 0.000
881.137 0.000
881.428 0.000
881.720 0.000
882.011 0.000
882.302 0.000
882.593 0.000
882.884 0.000
883.176 0.000
883.467 0.000
883.758 0.000
884.049 0.000
884.341 0.000
884.632 0.000
884.923 0.000
885.214 0.000
885.506 0.000
885.797 0.000
886.088 0.000
886.379 0.000
886.671 0.000
886.962 0.000
887.253 0.000
887.544 0.000
887.836 0.000
888.127 0.000
888.418 0.000
888.709 0.000
889.001 0.000
889.292 0.000
889.583 0.000
889.874 0.000
890.166 0.000
890.457 0.000
890.748 0.000
891.039 0.000
891.331 0.000
891.622 0.000
891.913 0.000
892.204 0.000
892.495 0.000
892.787 0.000
893.078 0.000
893.369 0.000
893.660 0.000
893.952 0.000
894.243 0.000
894.534 0.000
894.825 0.000
895.117 0.000
895.408 0.000
895.699 0.000
895.990 0.000
896.282 0.000
896.573 0.000
896.864 0.000
897.155 0.000
897.447 0.000
897.738 0.000
898.029 0.000
898.320 0.000
898.612 0.000
898.903 0.000
899.194 0.000
899.485 0.000
899.777 0.000
900.068 0.000
900.359 0.000
900.650 0.000
900.942 0.000
901.233 0.000
901.524 0.000
901.815 0.000
902.106 0.000
902.398 0.000
902.689 0.000
902.980 0.000
903.271 0.000
903.563 0.000
903.854 0.000
904.145 0.000
904.436 0.000
904.728 0.000
905.019 0.000
905.310 0.000
905.601 0.000
905.893 0.000
906.184 0.000
906.475 0.000
906.766 0.000
907.058 0.000
907.349 0.000
907.640 0.000
907.931 0.000
908.223 0.000
908.514 0.000
908.805 0.000
909.096 0.000
909.388 0.000
909.679 0.000
909.970 0.000
910.261 0.000
910.553 0.000
910.844 0.000
911.135 0.000
911.426 0.000
911.718 0.000
912.009 0.000
912.300 0.000
912.599 0.000
912.898 0.000
913.196 0.000
913.495 0.000
913.794 0.000
914.093 0.000
914.391 0.000
914.690 0.000
914.989 0.000
915.288 0.000
915.586 0.000
915.885 0.000
916.184 0.000
916.483 0.000
916.782 0.000
917.080 0.000
917.379 0.000
917.678 0.000
917.977 0.000
918.275 0.000
918.574 0.000
918.873 0.000
919.172 0.000
919.471 0.000
919.769 0.000
920.068 0.000
920.367 0.000
920.666 0.000
920.964 0.000
921.263 0.000
921.562 0.000
921.861 0.000
922.159 0.000
922.458 0.000
922.757 0.000
923.056 0.000
923.355 0.000
923.653 0.000
923.952 0.000
924.251 0.000
924.550 0.000
924.848 0.000
925.147 0.000
925.446 0.000
925.745 0.000
926.043 0.000
926.342 0.000
926.641 0.000
926.940 0.000
927.239 0.000
927.537 0.000
927.836 0.000
928.135 0.000
928.434 0.000
928.732 0.000
929.031 0.000
929.330 0.000
929.629 0.000
929.927 0.000
930.226 0.000
930.525 0.000
930.824 0.000
931.123 0.000
931.421 0.000
931.720 0.000
932.019 0.000
932.318 0.000
932.616 0.000
932.915 0.000
933.214 0.000
933.513 0.000
933.812 0.000
934.110 0.000
934.409 0.000
934.708 0.000
935.007 0.000
935.305 0.000
935.604 0.000
935.903 0.000
936.202 0.000
936.500 0.000
936.799 0.000
937.098 0.000
937.397 0.000
937.696 0.000
937.994 0.000
938.293 0.000
938.592 0.000
938.891 0.000
939.189 0.000
939.488 0.000
939.787 0.000
940.086 0.000
940.384 0.000
940.683 0.000
940.982 0.000
941.281 0.000
941.580 0.000
941.878 0.000
942.177 0.000
942.476 0.000
942.775 0.000
943.073 0.000
943.372 0.000
943.671 0.000
943.970 0.000
944.268 0.000
944.567 0.000
944.866 0.000
945.165 0.000
945.464 0.000
945.762 0.000
946.061 0.000
946.360 0.000
946.659 0.000
946.957 0.000
947.256 0.000
947.555 0.000
947.854 0.000
948.153 0.000
948.451 0.000
948.750 0.000
949.049 0.000
949.348 0.000
949.646 0.000
949.945 0.000
950.244 0.000
950.543 0.000
950.841 0.000
951.140 0.000
951.439 0.000
951.738 0.000
952.037 0.000
952.335 0.000
952.634 0.000
952.933 0.000
953.232 0.000
953.530 0.000
953.829 0.000
954.128 0.000
954.427 0.000
954.725 0.000
955.024 0.000
955.323 0.000
955.622 0.000
955.921 0.000
956.219 0.000
956.518 0.000
956.817 0.000
957.116 0.000
957.414 0.000
957.713 0.000
958.012 0.000
958.311 0.000
958.610 0.000
958.908 0.000
959.207 0.000
959.506 0.000
959.805 0.000
960.103 0.000
960.402 0.000
960.701 0.000
961.000 0.000
961.298 0.000
961.597 0.000
961.896 0.000
962.195 0.000
962.494 0.000
962.792 0.000
963.091 0.000
963.390 0.000
963.689 0.000
963.987 0.000
964.286 0.000
964.585 0.000
964.884 0.000
965.182 0.000
965.481 0.000
965.780 0.000
966.075 0.000
966.370 0.000
966.666 0.000
966.961 0.000
967.256 0.000
967.551 0.000
967.847 0.000
968.142 0.000
968.437 0.000
968.732 0.000
969.028 0.000
969.323 0.000
969.618 0.000
969.913 0.000
970.208 0.000
970.504 0.000
970.799 0.000
971.094 0.000
971.389 0.000
971.685 0.000
971.980 0.000
972.275 0.000
972.570 0.000
972.866 0.000
973.161 0.000
973.456 0.000
973.751 0.000
974.047 0.000
974.342 0.000
974.637 0.000
974.932 0.000
975.227 0.000
975.523 0.000
975.818 0.000
976.113 0.000
976.408 0.000
976.704 0.000
976.999 0.000
977.294 0.000
977.589 0.000
977.885 0.000
978.180 0.000
978.475 0.000
978.770 0.000
979.066 0.000
979.361 0.000
979.656 0.000
979.951 0.000
980.246 0.000
980.542 0.000
980.837 0.000
981.132 0.000
981.427 0.000
981.723 0.000
982.018 0.000
982.313 0.000
982.608 0.000
982.904 0.000
983.199 0.000
983.494 0.000
983.789 0.000
984.084 0.000
984.380 0.000
984.675 0.000
984.970 0.000
985.265 0.000
985.561 0.000
985.856 0.000
986.151 0.000
986.446 0.000
986.742 0.000
987.037 0.000
987.332 0.000
987.627 0.000
987.923 0.000
988.218 0.000
988.513 0.000
988.808 0.000
989.103 0.000
989.399 0.000
989.694 0.000
989.989 0.000
990.284 0.000
990.580 0.000
990.875 0.000
991.170 0.000
991.465 0.000
991.761 0.000
992.056 0.000
992.351 0.000
992.646 0.000
992.942 0.000
993.237 0.000
993.532 0.000
993.827 0.000
994.122 0.000
994.418 0.000
994.713 0.000
995.008 0.000
995.303 0.000
995.599 0.000
995.894 0.000
996.189 0.000
996.484 0.000
996.780 0.000
997.075 0.000
997.370 0.000
997.665 0.000
997.960 0.000
998.256 0.000
998.551 0.000
998.846 0.000
999.141 0.000
999.437 0.000
999.732 0.000
1000.027 0.000
1000.322 0.000
1000.618 0.000
1000.913 0.000
1001.208 0.000
1001.503 0.000
1001.799 0.000
1002.094 0.000
1002.389 0.000
1002.684 0.000
1002.979 0.000
1003.275 0.000
1003.570 0.000
1003.865 0.000
1004.160 0.000
1004.456 0.000
1004.751 0.000
1005.046 0.000
1005.341 0.000
1005.637 0.000
1005.932 0.000
1006.227 0.000
1006.522 0.000
1006.817 0.000
1007.113 0.000
1007.408 0.000
1007.703 0.000
1007.998 0.000
1008.294 0.000
1008.589 0.000
1008.884 0.000
1009.179 0.000
1009.475 0.000
1009.770 0.000
1010.065 0.000
1010.360 0.000
1010.656 0.000
1010.951 0.000
1011.246 0.000
1011.541 0.000
1011.836 0.000
1012.132 0.000
1012.427 0.000
1012.722 0.000
1013.017 0.000
1013.313 0.000
1013.608 0.000
1013.903 0.000
1014.198 0.000
1014.494 0.000
1014.789 0.000
1015.084 0.000
1015.379 0.000
1015.674 0.000
1015.970 0.000
1016.265 0.000
1016.560 0.000
1016.855 0.000
1017.151 0.000
1017.446 0.000
1017.741 0.000
1018.036 0.000
1018.332 0.000
1018.627 0.000
1018.922 0.000
1019.217 0.000
1019.513 0.000
1019.808 0.000
1020.103 0.000
1020.398 0.000
1020.693 0.000
1020.989 0.000
1021.284 0.000
1021.579 0.000
1021.874 0.000
1022.170 0.000
1022.465 0.000
1022.760 0.000
1023.055 0.000
1023.351 0.000
1023.646 0.000
1023.941 0.000
1024.236 0.000
1024.532 0.000
1024.827 0.000
1025.122 0.000
1025.417 0.000
1025.712 0.000
1026.008 0.000
1026.303 0.000
1026.598 0.000
1026.893 0.000
1027.189 0.000
1027.484 0.000
1027.779 0.000
1028.074 0.000
1028.370 0.000
1028.665 0.000
1028.960 0.000
1029.255 0.000
1029.550 0.000
1029.846 0.000
1030.141 0.000
1030.436 0.000
1030.731 0.000
1031.027 0.000
1031.322 0.000
1031.617 0.000
1031.912 0.000
1032.208 0.000
1032.503 0.000
1032.798 0.000
1033.093 0.000
1033.389 0.000
1033.684 0.000
1033.979 0.000
1034.274 0.000
1034.569 0.000
1034.865 0.000
1035.160 0.000
1035.455 0.000
1035.750 0.000
1036.046 0.000
1036.341 0.000
1036.636 0.000
1036.931 0.000
1037.227 0.000
1037.522 0.000
1037.817 0.000
1038.112 0.000
1038.407 0.000
1038.703 0.000
1038.998 0.000
1039.293 0.000
1039.588 0.000
1039.884 0.000
1040.179 0.000
1040.474 0.000
1040.769 0.000
1041.065 0.000
1041.360 0.000
1041.655 0.000
1041.950 0.000
1042.246 0.000
1042.541 0.000
1042.836 0.000
1043.131 0.000
1043.426 0.000
1043.722 0.000
1044.017 0.000
1044.312 0.000
1044.607 0.000
1044.903 0.000
1045.198 0.000
1045.493 0.000
1045.788 0.000
1046.084 0.000
1046.379 0.000
1046.674 0.000
1046.969 0.000
1047.264 0.000
1047.560 0.000
1047.855 0.000
1048.150 0.000
1048.445 0.000
1048.741 0.000
1049.036 0.000
1049.331 0.000
1049.626 0.000
1049.922 0.000
1050.217 0.000
1050.512 0.000
1050.807 0.000
1051.103 0.000
1051.398 0.000
1051.693 0.000
1051.988 0.000
1052.283 0.000
1052.579 0.000
1052.874 0.000
1053.169 0.000
1053.464 0.000
1053.760 0.000
1054.055 0.000
1054.350 0.000
1054.645 0.000
1054.941 0.000
1055.236 0.000
1055.531 0.000
1055.826 0.000
1056.122 0.000
1056.417 0.000
1056.712 0.000
1057.007 0.000
1057.302 0.000
1057.598 0.000
1057.893 0.000
1058.188 0.000
1058.483 0.000
1058.779 0.000
1059.074 0.000
1059.369 0.000
1059.664 0.000
1059.960 0.000
1060.255 0.000
1060.550 0.000
1060.845 0.000
1061.140 0.000
1061.436 0.000
1061.731 0.000
1062.026 0.000
1062.321 0.000
1062.617 0.000
1062.912 0.000
1063.207 0.000
1063.502 0.000
1063.798 0.000
1064.093 0.000
1064.388 0.000
1064.683 0.000
1064.978 0.000
1065.274 0.000
1065.569 0.000
1065.864 0.000
1066.159 0.000
1066.455 0.000
1066.750 0.000
1067.045 0.000
1067.340 0.000
1067.636 0.000
1067.931 0.000
1068.226 0.000
1068.521 0.000
1068.817 0.000
1069.112 0.000
1069.407 0.000
1069.702 0.000
1069.997 0.000
1070.293 0.000
1070.588 0.000
1070.883 0.000
1071.178 0.000
1071.474 0.000
1071.769 0.000
1072.064 0.000
1072.359 0.000
1072.655 0.000
1072.950 0.000
1073.245 0.000
1073.540 0.000
1073.836 0.000
1074.131 0.000
1074.426 0.000
1074.721 0.000
1075.016 0.000
1075.312 0.000
1075.607 0.000
1075.902 0.000
1076.197 0.000
1076.493 0.000
1076.788 0.000
1077.083 0.000
1077.378 0.000
1077.674 0.000
1077.969 0.000
1078.264 0.000
1078.559 0.000
1078.854 0.000
1079.150 0.000
1079.445 0.000
1079.740 0.000
1080.035 0.000
1080.331 0.000
1080.626 0.000
1080.921 0.000
1081.216 0.000
1081.512 0.000
1081.807 0.000
1082.102 0.000
1082.397 0.000
1082.693 0.000
1082.988 0.000
1083.283 0.000
1083.578 0.000
1083.873 0.000
1084.169 0.000
1084.464 0.000
1084.759 0.000
1085.054 0.000
1085.350 0.000
1085.645 0.000
1085.940 0.000
1086.235 0.000
1086.531 0.000
1086.826 0.000
1087.121 0.000
1087.416 0.000
1087.711 0.000
1088.007 0.000
1088.302 0.000
1088.597 0.000
1088.892 0.000
1089.188 0.000
1089.483 0.000
1089.778 0.000
1090.073 0.000
1090.369 0.000
1090.664 0.000
1090.959 0.000
1091.254 0.000
1091.550 0.000
1091.845 0.000
1092.140 0.000
1092.452 0.000
1092.764 0.000
1093.076 0.000
1093.388 0.000
1093.700 0.000
1094.012 0.000
1094.324 0.000
1094.636 0.000
1094.948 0.000
1095.260 0.000
1095.572 0.000
1095.884 0.000
1096.196 0.000
1096.508 0.000
1096.820 0.000
1097.132 0.000
1097.444 0.000
1097.756 0.000
1098.068 0.000
1098.380 0.000
1098.692 0.000
1099.004 0.000
1099.316 0.000
1099.628 0.000
1099.940 0.000
1100.252 0.000
1100.564 0.000
1100.877 0.000
1101.189 0.000
1101.501 0.000
1101.813 0.000
1102.125 0.000
1102.437 0.000
1102.749 0.000
1103.061 0.000
1103.373 0.000
1103.685 0.000
1103.997 0.000
1104.309 0.000
1104.621 0.000
1104.933 0.000
1105.245 0.000
1105.557 0.000
1105.869 0.000
1106.181 0.000
1106.493 0.000
1106.805 0.000
1107.117 0.000
1107.429 0.000
1107.741 0.000
1108.053 0.000
1108.365 0.000
1108.677 0.000
1108.989 0.000
1109.301 0.000
1109.613 0.000
1109.925 0.000
1110.237 0.000
1110.549 0.000
1110.861 0.000
1111.173 0.000
1111.485 0.000
1111.797 0.000
1112.109 0.000
1112.421 0.000
1112.733 0.000
1113.045 0.000
1113.357 0.000
1113.669 0.000
1113.981 0.000
1114.293 0.000
1114.605 0.000
1114.917 0.000
1115.229 0.000
1115.541 0.000
1115.853 0.000
1116.165 0.000
1116.477 0.000
1116.789 0.000
1117.101 0.000
1117.413 0.000
1117.725 0.000
1118.037 0.000
1118.349 0.000
1118.662 0.000
1118.974 0.000
1119.286 0.000
1119.598 0.000
1119.910 0.000
1120.222 0.000
1120.534 0.000
1120.846 0.000
1121.158 0.000
1121.470 0.000
1121.782 0.000
1122.094 0.000
1122.406 0.000
1122.718 0.000
1123.030 0.000
1123.342 0.000
1123.654 0.000
1123.966 0.000
1124.278 0.000
1124.590 0.000
1124.902 0.000
1125.214 0.000
1125.526 0.000
1125.838 0.000
1126.150 0.000
1126.462 0.000
1126.774 0.000
1127.086 0.000
1127.398 0.000
1127.710 0.000
1128.022 0.000
1128.334 0.000
1128.646 0.000
1128.958 0.000
1129.270 0.000
1129.582 0.000
1129.894 0.000
1130.206 0.000
1130.518 0.000
1130.830 0.000
1131.142 0.000
1131.454 0.000
1131.766 0.000
1132.078 0.000
1132.390 0.000
1132.702 0.000
1133.014 0.000
1133.326 0.000
1133.638 0.000
1133.950 0.000
1134.262 0.000
1134.574 0.000
1134.886 0.000
1135.198 0.000
1135.510 0.000
1135.822 0.000
1136.134 0.000
1136.447 0.000
1136.759 0.000
1137.071 0.000
1137.383 0.000
1137.695 0.000
1138.007 0.000
1138.319 0.000
1138.631 0.000
1138.943 0.000
1139.255 0.000
1139.567 0.000
1139.879 0.000
1140.191 0.000
1140.503 0.000
1140.815 0.000
1141.127 0.000
1141.439 0.000
1141.751 0.000
1142.063 0.000
1142.375 0.000
1142.687 0.000
1142.999 0.000
1143.311 0.000
1143.623 0.000
1143.935 0.000
1144.247 0.000
1144.559 0.000
1144.871 0.000
1145.183 0.000
1145.495 0.000
1145.807 0.000
1146.119 0.000
1146.431 0.000
1146.743 0.000
1147.055 0.000
1147.367 0.000
1147.679 0.000
1147.991 0.000
1148.303 0.000
1148.615 0.000
1148.927 0.000
1149.239 0.000
1149.551 0.000
1149.863 0.000
1150.175 0.000
1150.487 0.000
1150.799 0.000
1151.111 0.000
1151.423 0.000
1151.735 0.000
1152.047 0.000
1152.359 0.000
1152.671 0.000
1152.983 0.000
1153.295 0.000
1153.607 0.000
1153.920 0.000
1154.232 0.000
1154.544 0.000
1154.856 0.000
1155.168 0.000
1155.480 0.000
1155.792 0.000
1156.104 0.000
1156.416 0.000
1156.728 0.000
1157.040 0.000
1157.352 0.000
1157.664 0.000
1157.976 0.000
1158.288 0.000
1158.600 0.000
1158.912 0.000
1159.224 0.000
1159.536 0.000
1159.848 0.000
1160.160 0.000
1160.472 0.000
1160.784 0.000
1161.096 0.000
1161.408 0.000
1161.720 0.000
1162.032 0.000
1162.344 0.000
1162.656 0.000
1162.968 0.000
1163.280 0.000
1163.592 0.000
1163.904 0.000
1164.216 0.000
1164.528 0.000
1164.840 0.000
1165.152 0.000
1165.464 0.000
1165.776 0.000
1166.088 0.000
1166.400 0.000
1166.712 0.000
1167.024 0.000
1167.336 0.000
1167.648 0.000
1167.960 0.000
1168.272 0.000
1168.584 0.000
1168.896 0.000
1169.208 0.000
1169.520 0.000
1169.832 0.000
1170.144 0.000
1170.456 0.000
1170.768 0.000
1171.080 0.000
1171.392 0.000
1171.705 0.000
1172.017 0.000
1172.329 0.000
1172.641 0.000
1172.953 0.000
1173.265 0.000
1173.577 0.000
1173.889 0.000
1174.201 0.000
1174.513 0.000
1174.825 0.000
1175.137 0.000
1175.449 0.000
1175.761 0.000
1176.073 0.000
1176.385 0.000
1176.697 0.000
1177.009 0.000
1177.321 0.000
1177.633 0.000
1177.945 0.000
1178.257 0.000
1178.569 0.000
1178.881 0.000
1179.193 0.000
1179.505 0.000
1179.817 0.000
1180.129 0.000
1180.441 0.000
1180.753 0.000
1181.065 0.000
1181.377 0.000
1181.689 0.000
1182.001 0.000
1182.313 0.000
1182.625 0.000
1182.937 0.000
1183.249 0.000
1183.561 0.000
1183.873 0.000
1184.185 0.000
1184.497 0.000
1184.809 0.000
1185.121 0.000
1185.433 0.000
1185.745 0.000
1186.057 0.000
1186.369 0.000
1186.681 0.000
1186.993 0.000
1187.305 0.000
1187.617 0.000
1187.929 0.000
1188.241 0.000
1188.553 0.000
1188.865 0.000
1189.178 0.000
1189.490 0.000
1189.802 0.000
1190.114 0.000
1190.426 0.000
1190.738 0.000
1191.050 0.000
1191.362 0.000
1191.674 0.000
1191.986 0.000
1192.298 0.000
1192.610 0.000
1192.922 0.000
1193.234 0.000
1193.546 0.000
1193.858 0.000
1194.170 0.000
1194.482 0.000
1194.794 0.000
1195.106 0.000
1195.418 0.000
1195.730 0.000
1196.042 0.000
1196.354 0.000
1196.666 0.000
1196.978 0.000
1197.290 0.000
1197.602 0.000
1197.914 0.000
1198.226 0.000
1198.538 0.000
1198.850 0.000
1199.162 0.000
1199.474 0.000
1199.786 0.000
1200.098 0.000
