177.811 0.000
178.065 0.000
178.318 0.000
178.572 0.000
178.826 0.000
179.079 0.000
179.333 0.000
179.587 0.000
179.840 0.000
180.094 0.000
180.347 0.000
180.601 0.000
180.855 0.000
181.108 0.000
181.362 0.000
181.616 0.000
181.869 0.000
182.123 0.000
182.377 0.000
182.630 0.000
182.884 0.000
183.137 0.000
183.391 0.000
183.645 0.000
183.898 0.000
184.152 0.000
184.406 0.000
184.659 0.000
184.913 0.000
185.167 0.000
185.420 0.000
185.674 0.000
185.928 0.000
186.181 0.000
186.435 0.000
186.688 0.000
186.942 0.000
187.196 0.000
187.449 0.000
187.703 0.000
187.957 0.000
188.210 0.000
188.464 0.000
188.718 0.000
188.971 0.000
189.225 0.000
189.479 0.000
189.732 0.000
189.986 0.000
190.239 0.000
190.493 0.000
190.747 0.000
191.000 0.000
191.254 0.000
191.508 0.000
191.761 0.000
192.015 0.000
192.269 0.000
192.522 0.000
192.776 0.000
193.030 0.000
193.283 0.000
193.537 0.000
193.790 0.000
194.044 0.000
194.298 0.000
194.551 0.000
194.805 0.000
195.059 0.000
195.312 0.000
195.566 0.000
195.820 0.000
196.073 0.000
196.327 0.000
196.581 0.000
196.834 0.000
197.088 0.000
197.341 0.000
197.595 0.000
197.849 0.000
198.102 0.000
198.356 0.000
198.610 0.000
198.863 0.000
199.117 0.000
199.371 0.000
199.624 0.000
199.878 0.000
200.132 0.000
200.385 0.000
200.639 0.000
200.892 0.000
201.146 0.000
201.400 0.000
201.653 0.000
201.907 0.000
202.161 0.000
202.414 0.000
202.668 0.000
202.922 0.000
203.175 0.000
203.429 0.000
203.683 0.000
203.936 0.000
204.190 0.000
204.443 0.000
204.697 0.000
204.951 0.000
205.204 0.000
205.458 0.000
205.712 0.000
205.965 0.000
206.219 0.000
206.473 0.000
206.726 0.000
206.980 0.000
207.233 0.000
207.487 0.000
207.741 0.000
207.994 0.000
208.248 0.000
208.502 0.000
208.755 0.000
209.009 0.000
209.263 0.000
209.516 0.000
209.770 0.000
210.024 0.000
210.277 0.000
210.531 0.000
210.784 0.000
211.038 0.000
211.292 0.000
211.545 0.000
211.799 0.000
212.053 0.000
212.306 0.000
212.560 0.000
212.814 0.000
213.067 0.000
213.321 0.000
213.575 0.000
213.828 0.000
214.082 0.000
214.335 0.000
214.589 0.000
214.843 0.000
215.096 0.000
215.350 0.000
215.604 0.000
215.857 0.000
216.111 0.000
216.365 0.000
216.618 0.000
216.872 0.000
217.126 0.000
217.379 0.000
217.633 0.000
217.886 0.000
218.140 0.000
218.394 0.000
218.647 0.000
218.901 0.000
219.155 0.000
219.408 0.000
219.662 0.000
219.916 0.000
220.169 0.000
220.423 0.000
220.677 0.000
220.930 0.000
221.184 0.000
221.437 0.000
221.691 0.000
221.945 0.000
222.198 0.000
222.452 0.000
222.706 0.000
222.959 0.000
223.213 0.000
223.467 0.000
223.720 0.000
223.974 0.000
224.228 0.000
224.481 0.000
224.735 0.000
224.988 0.000
225.242 0.000
225.496 0.000
225.749 0.000
226.003 0.000
226.257 0.000
226.510 0.000
226.764 0.000
227.018 0.000
227.271 0.000
227.525 0.000
227.779 0.000
228.032 0.000
228.286 0.000
228.539 0.000
228.793 0.000
229.047 0.000
229.300 0.000
229.554 0.000
229.808 0.000
230.061 0.000
230.315 0.000
230.569 0.000
230.822 0.000
231.076 0.000
231.330 0.000
231.583 0.000
231.837 0.000
232.090 0.000
232.344 0.000
232.598 0.000
232.851 0.000
233.105 0.000
233.359 0.000
233.612 0.000
233.866 0.000
234.120 0.000
234.373 0.000
234.627 0.000
234.880 0.000
235.134 0.000
235.388 0.000
235.641 0.000
235.895 0.000
236.149 0.000
236.402 0.000
236.656 0.000
236.910 0.000
237.163 0.000
237.417 0.000
237.671 0.000
237.924 0.000
238.178 0.000
238.431 0.000
238.685 0.000
238.939 0.000
239.192 0.000
239.446 0.000
239.700 0.000
239.953 0.000
240.207 0.000
240.461 0.000
240.714 0.000
240.968 0.000
241.222 0.000
241.475 0.000
241.729 0.000
241.982 0.000
242.236 0.000
242.490 0.000
242.743 0.000
242.997 0.000
243.251 0.000
243.504 0.000
243.758 0.000
244.012 0.000
244.265 0.000
244.519 0.000
244.773 0.000
245.026 0.000
245.280 0.000
245.533 0.000
245.787 0.000
246.041 0.000
246.294 0.000
246.548 0.000
246.802 0.000
247.055 0.000
247.309 0.000
247.563 0.000
247.816 0.000
248.070 0.000
248.324 0.000
248.577 0.000
248.831 0.000
249.084 0.000
249.338 0.000
249.592 0.000
249.845 0.000
250.099 0.000
250.353 0.000
250.606 0.000
250.860 0.000
251.114 0.000
251.367 0.000
251.621 0.000
251.875 0.000
252.128 0.000
252.382 0.000
252.635 0.000
252.889 0.000
253.143 0.000
253.396 0.000
253.650 0.000
253.904 0.000
254.159 0.000
254.413 0.000
254.667 0.000
254.922 0.000
255.176 0.000
255.431 0.000
255.685 0.000
255.939 0.000
256.194 0.000
256.448 0.000
256.702 0.000
256.957 0.000
257.211 0.000
257.465 0.000
257.720 0.000
257.974 0.000
258.228 0.000
258.483 0.000
258.737 0.000
258.992 0.000
259.246 0.000
259.500 0.000
259.755 0.000
260.009 0.000
260.263 0.000
260.518 0.000
260.772 0.000
261.026 0.000
261.281 0.000
261.535 0.000
261.789 0.000
262.044 0.000
262.298 0.000
262.553 0.000
262.807 0.000
263.061 0.000
263.316 0.000
263.570 0.000
263.824 0.000
264.079 0.000
264.333 0.000
264.587 0.000
264.842 0.000
265.096 0.000
265.351 0.000
265.605 0.000
265.859 0.000
266.114 0.000
266.368 0.000
266.622 0.000
266.877 0.000
267.131 0.000
267.385 0.000
267.640 0.000
267.894 0.000
268.148 0.000
268.403 0.000
268.657 0.000
268.912 0.000
269.166 0.000
269.420 0.000
269.675 0.000
269.929 0.000
270.183 0.000
270.438 0.000
270.692 0.000
270.946 0.000
271.201 0.000
271.455 0.000
271.709 0.000
271.964 0.000
272.218 0.000
272.473 0.000
272.727 0.000
272.981 0.000
273.236 0.000
273.490 0.000
273.744 0.000
273.999 0.000
274.253 0.000
274.507 0.000
274.762 0.000
275.016 0.000
275.271 0.000
275.525 0.000
275.779 0.000
276.034 0.000
276.288 0.000
276.542 0.000
276.797 0.000
277.051 0.000
277.305 0.000
277.560 0.000
277.814 0.000
278.068 0.000
278.323 0.000
278.577 0.000
278.832 0.000
279.086 0.000
279.340 0.000
279.595 0.000
279.849 0.000
280.103 0.000
280.358 0.000
280.612 0.000
280.866 0.000
281.121 0.000
281.375 0.000
281.629 0.000
281.884 0.000
282.138 0.000
282.393 0.000
282.647 0.000
282.901 0.000
283.156 0.000
283.410 0.000
283.664 0.000
283.919 0.000
284.173 0.000
284.427 0.000
284.682 0.000
284.936 0.000
285.191 0.000
285.445 0.000
285.699 0.000
285.954 0.000
286.208 0.000
286.462 0.000
286.717 0.000
286.971 0.000
287.225 0.000
287.480 0.000
287.734 0.000
287.988 0.000
288.243 0.000
288.497 0.000
288.752 0.000
289.006 0.000
289.260 0.000
289.515 0.000
289.769 0.000
290.023 0.000
290.278 0.000
290.532 0.000
290.786 0.000
291.041 0.000
291.295 0.000
291.549 0.000
291.804 0.000
292.058 0.000
292.313 0.000
292.567 0.000
292.821 0.000
293.076 0.000
293.330 0.000
293.584 0.000
293.839 0.000
294.093 0.000
294.347 0.000
294.602 0.000
294.856 0.000
295.111 0.000
295.365 0.000
295.619 0.000
295.874 0.000
296.128 0.000
296.382 0.000
296.637 0.000
296.891 0.000
297.145 0.000
297.400 0.000
297.654 0.000
297.908 0.000
298.163 0.000
298.417 31.000
298.672 84.000
298.926 180.000
299.180 272.000
299.435 313.000
299.689 300.000
299.943 260.000
300.198 434.000
300.452 530.000
300.706 633.000
300.961 722.000
301.215 769.000
301.469 810.000
301.724 857.000
301.978 870.000
302.233 931.000
302.487 1083.000
302.741 1148.000
302.996 1242.000
303.250 1401.000
303.504 1450.000
303.759 1494.000
304.013 1636.000
304.267 1666.000
304.522 1649.000
304.776 1866.000
305.031 1883.000
305.285 1924.000
305.539 2173.000
305.794 2243.000
306.048 2451.000
306.302 2638.000
306.557 2647.000
306.811 2746.000
307.065 2873.000
307.320 2967.000
307.574 3102.000
307.828 3233.000
308.083 3454.000
308.337 3572.000
308.592 3669.000
308.846 3857.000
309.100 3945.000
309.355 4102.000
309.609 4337.000
309.863 4521.000
310.118 4574.000
310.372 4761.000
310.626 4930.000
310.881 5304.000
311.135 5465.000
311.389 5588.000
311.644 5672.000
311.898 5782.000
312.153 5975.000
312.407 6354.000
312.661 6446.000
312.916 6519.000
313.170 6803.000
313.429 7008.000
313.688 7214.000
313.947 7458.000
314.206 7663.000
314.465 7906.000
314.724 8052.000
314.983 8357.000
315.242 8613.000
315.501 8726.000
315.760 8882.000
316.019 9256.000
316.278 9494.000
316.536 9710.000
316.795 9988.000
317.054 10101.000
317.313 10468.000
317.572 10649.000
317.831 10830.000
318.090 11236.000
318.349 11393.000
318.608 11827.000
318.867 12020.000
319.126 12127.000
319.385 12394.000
319.644 12667.000
319.903 12843.000
320.162 13371.000
320.421 13620.000
320.680 13864.000
320.939 13924.000
321.198 14190.000
321.457 14509.000
321.716 14756.000
321.975 15235.000
322.234 15389.000
322.493 15673.000
322.752 15832.000
323.010 16066.000
323.269 16466.000
323.528 16732.000
323.787 17030.000
324.046 17002.000
324.305 17164.000
324.564 17809.000
324.823 17938.000
325.082 17991.000
325.341 18463.000
325.600 18739.000
325.859 19208.000
326.118 19381.000
326.377 19522.000
326.636 19668.000
326.895 20037.000
327.154 20463.000
327.413 20793.000
327.672 20960.000
327.931 21301.000
328.190 21581.000
328.449 21786.000
328.708 21962.000
328.967 22371.000
329.226 22617.000
329.485 22606.000
329.743 22932.000
330.002 23227.000
330.261 23435.000
330.520 23846.000
330.779 23862.000
331.038 24465.000
331.297 24511.000
331.556 24605.000
331.815 25039.000
332.074 25180.000
332.333 25576.000
332.592 25823.000
332.851 26061.000
333.110 26322.000
333.369 26690.000
333.628 26764.000
333.887 27079.000
334.146 27414.000
334.405 27524.000
334.664 27671.000
334.923 27902.000
335.182 28096.000
335.441 28250.000
335.700 28632.000
335.959 28859.000
336.217 29002.000
336.476 29346.000
336.735 29613.000
336.994 29904.000
337.253 30275.000
337.512 30334.000
337.771 30483.000
338.030 30684.000
338.289 31100.000
338.548 31258.000
338.807 31182.000
339.066 31520.000
339.325 31691.000
339.584 31968.000
339.843 32267.000
340.102 32390.000
340.361 32766.000
340.620 32828.000
340.879 32872.000
341.138 33183.000
341.397 33400.000
341.656 33635.000
341.915 33718.000
342.174 33938.000
342.433 34021.000
342.691 34238.000
342.950 34458.000
343.209 34632.000
343.468 34757.000
343.727 34963.000
343.986 35355.000
344.245 35020.000
344.504 35127.000
344.763 35413.000
345.022 35677.000
345.281 35848.000
345.540 35949.000
345.799 36044.000
346.058 36083.000
346.317 36395.000
346.576 36642.000
346.835 36592.000
347.094 36894.000
347.353 36903.000
347.612 36742.000
347.871 36927.000
348.130 37286.000
348.389 37654.000
348.648 37773.000
348.907 37655.000
349.166 38009.000
349.424 38058.000
349.683 37944.000
349.942 38143.000
350.201 38367.000
350.460 38405.000
350.719 38445.000
350.978 38669.000
351.237 38631.000
351.496 38577.000
351.755 38932.000
352.014 39050.000
352.273 39155.000
352.532 39412.000
352.791 39459.000
353.050 39248.000
353.309 39480.000
353.568 39466.000
353.827 39370.000
354.086 39301.000
354.345 39643.000
354.604 39623.000
354.863 39871.000
355.122 39809.000
355.381 39727.000
355.640 39936.000
355.898 40234.000
356.157 40319.000
356.416 40249.000
356.675 40103.000
356.934 40106.000
357.193 39931.000
357.452 40008.000
357.711 40107.000
357.970 40336.000
358.229 40193.000
358.488 40149.000
358.747 40122.000
359.006 40281.000
359.265 40327.000
359.524 40193.000
359.783 40120.000
360.042 40034.000
360.301 40075.000
360.560 40486.000
360.819 40853.000
361.078 40739.000
361.337 40539.000
361.596 40509.000
361.855 40570.000
362.114 40322.000
362.372 40251.000
362.631 40207.000
362.890 40551.000
363.149 40431.000
363.408 40520.000
363.667 40695.000
363.926 40731.000
364.185 40694.000
364.444 40640.000
364.703 40580.000
364.962 40632.000
365.221 40864.000
365.480 40605.000
365.739 40764.000
365.999 40728.000
366.258 40497.000
366.518 40740.000
366.777 40685.000
367.037 40606.000
367.296 40887.000
367.556 40855.000
367.815 40989.000
368.075 40933.000
368.334 40806.000
368.594 40990.000
368.853 40854.000
369.113 40821.000
369.372 40870.000
369.632 40858.000
369.891 41064.000
370.150 41129.000
370.410 41236.000
370.669 40954.000
370.929 40914.000
371.188 41100.000
371.448 41292.000
371.707 41377.000
371.967 41170.000
372.226 40913.000
372.486 40860.000
372.745 41032.000
373.005 40912.000
373.264 40854.000
373.524 41186.000
373.783 41042.000
374.043 41035.000
374.302 41167.000
374.561 40881.000
374.821 41011.000
375.080 41034.000
375.340 40965.000
375.599 41093.000
375.859 41139.000
376.118 40977.000
376.378 40997.000
376.637 40842.000
376.897 40774.000
377.156 40563.000
377.416 40545.000
377.675 40675.000
377.935 40470.000
378.194 40406.000
378.454 40212.000
378.713 40372.000
378.972 40547.000
379.232 40512.000
379.491 40393.000
379.751 40341.000
380.010 40547.000
380.270 40349.000
380.529 40171.000
380.789 40194.000
381.048 40041.000
381.308 40047.000
381.567 39818.000
381.827 39854.000
382.086 39925.000
382.346 39662.000
382.605 39646.000
382.865 39591.000
383.124 39492.000
383.383 39410.000
383.643 39451.000
383.902 39116.000
384.162 39108.000
384.421 39017.000
384.681 38965.000
384.940 38773.000
385.200 39078.000
385.459 39046.000
385.719 38950.000
385.978 38787.000
386.238 38729.000
386.497 38754.000
386.757 38380.000
387.016 38327.000
387.276 38368.000
387.535 38380.000
387.794 38404.000
388.054 38056.000
388.313 38197.000
388.573 37866.000
388.832 37966.000
389.092 37913.000
389.351 37627.000
389.611 37524.000
389.870 37997.000
390.130 37883.000
390.389 37713.000
390.649 37279.000
390.908 37031.000
391.168 37132.000
391.427 37024.000
391.686 36793.000
391.946 36806.000
392.205 36776.000
392.465 36452.000
392.724 36055.000
392.984 36083.000
393.243 36014.000
393.503 35864.000
393.762 35944.000
394.022 35830.000
394.281 35547.000
394.541 35370.000
394.800 35194.000
395.060 35206.000
395.319 35230.000
395.579 34989.000
395.838 34915.000
396.097 34862.000
396.357 34659.000
396.616 34460.000
396.876 34096.000
397.135 34241.000
397.395 34237.000
397.654 34085.000
397.914 34088.000
398.173 33885.000
398.433 33686.000
398.692 33509.000
398.952 33422.000
399.211 33370.000
399.471 33037.000
399.730 32660.000
399.990 32903.000
400.249 32935.000
400.508 32602.000
400.768 32242.000
401.027 32320.000
401.287 32113.000
401.546 32184.000
401.806 32136.000
402.065 31784.000
402.325 31840.000
402.584 31841.000
402.844 31867.000
403.103 31471.000
403.363 31175.000
403.622 31269.000
403.882 31138.000
404.141 31006.000
404.401 31156.000
404.660 30889.000
404.926 30581.000
405.193 30448.000
405.459 30371.000
405.726 30229.000
405.992 29920.000
406.259 29748.000
406.525 29768.000
406.792 29582.000
407.058 29755.000
407.325 29670.000
407.591 29370.000
407.858 29110.000
408.124 29266.000
408.391 29156.000
408.657 28852.000
408.924 28891.000
409.190 28857.000
409.457 28621.000
409.723 28647.000
409.990 28353.000
410.256 28219.000
410.523 28219.000
410.789 27983.000
411.056 27774.000
411.322 27749.000
411.589 27677.000
411.855 27439.000
412.122 27398.000
412.388 27555.000
412.655 27340.000
412.921 26873.000
413.188 26868.000
413.454 26828.000
413.721 26879.000
413.987 26794.000
414.254 26605.000
414.520 26346.000
414.787 26332.000
415.053 26227.000
415.320 26071.000
415.586 25967.000
415.853 25725.000
416.119 25614.000
416.386 25546.000
416.652 25311.000
416.919 25255.000
417.185 25054.000
417.452 25088.000
417.718 25174.000
417.985 24986.000
418.251 24773.000
418.518 24493.000
418.784 24192.000
419.051 24109.000
419.317 24098.000
419.584 23885.000
419.850 23983.000
420.117 23742.000
420.383 23726.000
420.650 23331.000
420.916 23305.000
421.183 23465.000
421.449 23295.000
421.716 23276.000
421.982 22999.000
422.249 22852.000
422.515 22908.000
422.782 22638.000
423.048 22463.000
423.315 22529.000
423.581 22442.000
423.848 22382.000
424.114 22247.000
424.381 21940.000
424.647 22042.000
424.914 22071.000
425.180 21781.000
425.447 21535.000
425.713 21499.000
425.980 21551.000
426.246 21407.000
426.513 21193.000
426.779 21252.000
427.046 20934.000
427.312 20913.000
427.579 20681.000
427.845 20779.000
428.112 20642.000
428.378 20584.000
428.645 20441.000
428.911 20195.000
429.178 20173.000
429.444 20051.000
429.711 19955.000
429.977 19828.000
430.244 19879.000
430.510 19943.000
430.777 19700.000
431.043 19492.000
431.310 19481.000
431.576 19425.000
431.843 19257.000
432.109 19115.000
432.376 18995.000
432.642 19095.000
432.909 18986.000
433.175 18885.000
433.442 18886.000
433.708 18867.000
433.975 18838.000
434.241 18778.000
434.508 18645.000
434.774 18432.000
435.041 18327.000
435.307 18255.000
435.574 17932.000
435.840 17945.000
436.110 17932.000
436.379 17889.000
436.649 17944.000
436.918 17731.000
437.188 17605.000
437.457 17527.000
437.727 17290.000
437.996 17084.000
438.266 17066.000
438.535 17132.000
438.805 17104.000
439.074 16885.000
439.344 17000.000
439.613 16902.000
439.883 16925.000
440.152 16662.000
440.422 16473.000
440.691 16405.000
440.961 16305.000
441.230 16066.000
441.500 15889.000
441.769 15912.000
442.039 15878.000
442.308 15824.000
442.578 15812.000
442.847 15442.000
443.117 15535.000
443.386 15435.000
443.656 15289.000
443.925 15189.000
444.195 15131.000
444.464 14974.000
444.734 15019.000
445.003 14844.000
445.273 14970.000
445.542 14900.000
445.812 14764.000
446.081 14740.000
446.351 14527.000
446.620 14371.000
446.890 14332.000
447.159 14412.000
447.429 14190.000
447.698 14099.000
447.968 14167.000
448.238 13895.000
448.507 13926.000
448.777 14137.000
449.046 13829.000
449.316 13649.000
449.585 13591.000
449.855 13720.000
450.124 13497.000
450.394 13201.000
450.663 13277.000
450.933 13309.000
451.202 13194.000
451.472 13221.000
451.741 13072.000
452.011 12942.000
452.280 12917.000
452.550 12737.000
452.819 12676.000
453.089 12761.000
453.358 12859.000
453.628 12710.000
453.897 12665.000
454.167 12535.000
454.436 12390.000
454.706 12173.000
454.975 12291.708
455.245 12293.706
455.514 12207.585
455.784 12023.952
456.053 11999.003
456.323 12085.743
456.592 11925.299
456.862 11808.765
457.131 11790.837
457.401 11759.960
457.670 11731.076
457.940 11529.880
458.209 11522.908
458.479 11457.171
458.748 11430.279
459.018 11341.633
459.287 11266.932
459.557 11287.849
459.826 11248.008
460.096 11316.733
460.366 11074.701
460.635 10890.329
460.905 11108.674
461.174 10927.146
461.444 10850.150
461.713 10896.104
461.983 10731.000
462.252 10683.684
462.522 10757.515
462.791 10600.802
463.061 10594.378
463.330 10555.779
463.600 10416.499
463.869 10357.503
464.139 10211.480
464.408 10331.653
464.678 10065.590
464.947 10091.826
465.217 10143.434
465.486 10027.300
465.756 9891.700
466.025 9911.854
466.295 10020.263
466.564 9880.325
466.834 9787.018
467.103 9814.213
467.373 9708.333
467.642 9587.996
467.912 9522.889
468.181 9528.513
468.451 9284.404
468.720 9274.210
468.990 9323.469
469.259 9426.531
469.529 9390.194
469.798 9293.156
470.068 9078.652
470.337 8935.649
470.607 8907.048
470.876 8870.276
471.146 8906.027
471.415 8770.408
471.685 8618.367
471.954 8572.449
472.224 8509.184
472.493 8491.837
472.763 8424.490
473.033 8553.061
473.302 8510.204
473.572 8337.755
473.841 8314.985
474.111 8161.060
474.380 8116.208
474.650 7989.806
474.919 8036.697
475.189 7911.405
475.458 7843.177
475.728 7959.267
475.997 7929.807
476.267 7672.431
476.536 7784.553
476.806 7807.107
477.075 7777.665
477.345 7557.809
477.614 7479.716
477.884 7497.467
478.153 7587.639
478.423 7388.045
478.692 7429.150
478.962 7282.389
479.231 7165.824
479.501 7196.158
479.770 7070.707
480.040 6972.727
480.309 7021.191
480.579 7038.306
480.848 7022.177
481.118 6969.789
481.387 6942.656
481.657 6851.256
481.926 6807.229
482.196 6835.341
482.465 6715.145
482.735 6690.070
483.004 6555.110
483.274 6526.052
483.543 6551.552
483.813 6526.000
484.082 6490.000
484.352 6428.571
484.621 6411.588
484.891 6326.347
485.161 6403.194
485.430 6334.995
485.700 6251.246
485.969 6165.339
486.239 6133.466
486.508 6194.223
486.778 6123.506
487.047 6016.932
487.317 5959.204
487.586 5959.204
487.856 5689.552
488.125 5695.522
488.395 5863.682
488.664 5857.711
488.934 5836.816
489.203 5776.892
489.473 5735.060
489.742 5693.227
490.012 5632.104
490.281 5639.083
490.551 5644.068
490.820 5602.794
491.090 5630.739
491.359 5557.443
491.629 5461.538
491.898 5452.547
492.168 5382.617
492.437 5284.000
492.707 5304.000
492.976 5361.361
493.246 5276.553
493.515 5337.011
493.785 5163.490
494.054 5200.803
494.324 5117.588
494.593 5108.543
494.863 5033.199
495.132 5000.000
495.402 5026.210
495.671 4825.605
495.941 4959.637
496.210 4961.616
496.480 4826.087
496.749 4952.477
497.019 4954.453
497.289 4925.101
497.558 4783.181
497.828 4732.252
498.097 4769.543
498.367 4863.821
498.636 4691.057
498.906 4589.013
499.175 4720.244
499.445 4580.448
499.714 4353.360
499.984 4424.057
500.253 4438.776
500.523 4401.020
500.792 4526.047
501.062 4423.902
501.331 4406.537
501.601 4343.558
501.870 4521.472
502.140 4485.685
502.409 4318.321
502.679 4283.521
502.948 4170.931
503.218 4143.443
503.487 4173.156
503.757 4252.308
504.026 4249.231
504.296 4129.231
504.565 4063.590
504.835 4038.974
505.104 4007.187
505.374 4028.747
505.643 3900.411
505.913 3850.976
506.182 3706.064
506.452 3773.895
506.721 3868.448
506.991 3831.276
507.260 3713.992
507.530 3806.584
507.799 3680.041
508.069 3675.926
508.338 3696.814
508.608 3639.630
508.877 3603.696
509.147 3621.538
509.416 3609.631
509.686 3574.642
509.956 3546.476
510.225 3523.469
510.495 3471.487
510.764 3448.627
511.034 3449.746
511.303 3464.032
511.573 3414.980
511.842 3300.000
512.112 3299.395
512.381 3261.569
512.651 3206.827
512.920 3241.483
513.190 3062.937
513.459 3004.985
513.729 3037.773
513.998 3180.556
514.268 3135.644
514.537 3205.331
514.807 3224.631
515.076 3148.476
515.346 3051.961
515.615 2964.809
515.885 3018.537
516.154 2981.500
516.424 3010.690
516.693 2995.150
516.963 2913.843
517.232 2811.594
517.502 2707.129
517.771 2747.115
518.041 2838.617
518.310 2841.802
518.580 2781.609
518.849 2748.566
519.119 2683.859
519.388 2699.427
519.658 2693.041
519.927 2526.667
520.197 2564.225
520.466 2673.954
520.736 2566.540
521.005 2544.160
521.275 2545.109
521.544 2524.217
521.814 2574.549
522.084 2534.663
522.353 2528.965
522.623 2379.867
522.892 2444.444
523.162 2521.368
523.431 2582.700
523.701 2373.574
523.970 2392.959
524.240 2368.221
524.509 2328.571
524.779 2203.810
525.048 2148.713
525.318 2303.146
525.587 2216.603
525.857 2231.137
526.126 2329.513
526.396 2219.885
526.665 2290.909
526.935 2247.126
527.204 2116.970
527.474 2112.284
527.743 2132.565
528.013 2052.885
528.282 2150.144
528.552 2093.449
528.821 2043.394
529.091 2111.004
529.360 2038.647
529.630 2011.605
529.899 2050.339
530.169 2029.042
530.438 1987.403
530.708 1916.586
530.977 1937.864
531.247 1933.981
531.516 2050.534
531.786 2124.514
532.055 1918.208
532.325 1785.575
532.594 1790.244
532.864 1935.547
533.133 1915.934
533.403 1908.023
533.672 1910.959
533.942 1887.255
534.212 1838.077
534.481 1807.466
534.751 1709.234
535.020 1713.864
535.290 1811.024
535.559 1725.394
535.829 1738.916
536.098 1742.604
536.368 1669.299
536.637 1604.146
536.907 1636.364
537.176 1667.984
537.446 1608.696
537.715 1546.983
537.985 1522.255
538.254 1532.673
538.524 1568.317
538.793 1703.960
539.063 1553.465
539.332 1473.736
539.602 1571.853
539.871 1516.353
540.141 1457.879
540.410 1438.057
540.680 1395.441
540.949 1554.014
541.219 1497.522
541.488 1467.790
541.758 1470.763
542.027 1339.941
542.297 1330.693
542.566 1278.218
542.836 1320.792
543.105 1378.218
543.375 1418.812
543.644 1291.089
543.914 1184.965
544.183 1202.770
544.453 1251.236
544.722 1196.835
544.992 1251.236
545.261 1209.486
545.531 1155.138
545.800 1116.601
546.070 1162.883
546.346 1160.750
546.622 1134.975
546.897 1092.520
547.173 1165.192
547.449 1130.777
547.725 1192.534
548.001 1175.662
548.276 1175.490
548.552 1083.333
548.828 1047.013
549.104 1136.141
549.380 1090.998
549.655 1071.429
549.931 1067.449
550.207 976.563
550.483 955.078
550.759 981.463
551.034 961.014
551.310 1005.848
551.586 962.025
551.862 1011.685
552.138 986.381
552.413 957.198
552.689 990.282
552.965 934.888
553.241 797.862
553.517 869.903
553.793 935.922
554.068 904.854
554.344 937.864
554.620 980.601
554.896 843.841
555.172 731.329
555.447 862.270
555.723 888.458
555.999 789.525
556.275 730.359
556.551 685.742
556.826 687.682
557.102 768.186
557.378 804.074
557.654 800.971
557.930 725.243
558.205 654.369
558.481 742.718
558.757 781.341
559.033 798.834
559.309 827.988
559.584 782.313
559.860 715.953
560.136 736.381
560.412 782.101
560.688 709.834
560.963 645.570
561.239 765.107
561.515 737.817
561.791 668.616
562.067 721.248
562.342 692.683
562.618 628.293
562.894 531.250
563.170 604.492
563.446 522.461
563.721 478.006
563.997 510.264
564.273 613.503
564.549 574.927
564.825 509.305
565.100 536.729
565.376 501.961
565.652 521.569
565.928 521.099
566.204 473.013
566.479 459.725
566.755 401.768
567.031 405.113
567.307 501.475
567.583 466.535
567.858 509.843
568.134 450.787
568.410 338.916
568.686 438.424
568.962 444.773
569.237 475.345
569.513 388.944
569.789 480.750
570.065 432.806
570.341 314.229
570.617 335.968
570.892 341.246
571.168 348.515
571.444 320.792
571.720 356.436
571.996 374.257
572.271 449.950
572.547 405.352
572.823 347.222
573.099 261.905
573.375 345.238
573.650 322.421
573.926 255.214
574.202 269.116
574.478 295.929
574.754 284.012
575.029 246.521
575.305 274.354
575.581 173.956
575.857 163.022
576.133 195.825
576.408 237.575
576.684 254.473
576.960 281.312
577.239 263.419
577.517 135.189
577.796 213.718
578.075 237.575
578.354 169.811
578.632 254.220
578.911 278.054
579.190 195.631
579.469 140.873
579.747 56.548
580.026 26.786
580.305 16.865
580.584 93.162
580.862 182.359
581.141 128.840
581.420 84.158
581.699 32.673
581.977 79.130
582.256 83.086
582.535 13.834
582.814 106.719
583.092 0.000
583.371 0.000
583.650 0.000
583.929 31.558
584.207 0.000
584.486 15.764
584.765 55.118
585.043 0.000
585.322 0.000
585.601 8.841
585.880 13.752
586.158 52.993
586.437 7.851
586.716 0.000
586.995 0.000
587.273 0.000
587.552 0.000
587.831 0.000
588.110 0.000
588.388 0.000
588.667 0.000
588.946 0.000
589.225 0.000
589.503 0.000
589.782 0.000
590.061 0.000
590.340 0.000
590.618 0.000
590.897 0.000
591.176 0.000
591.455 0.000
591.733 0.000
592.012 0.000
592.291 0.000
592.570 0.000
592.848 0.000
593.127 0.000
593.406 0.000
593.684 0.000
593.963 0.000
594.242 0.000
594.521 0.000
594.799 0.000
595.078 0.000
595.357 0.000
595.636 0.000
595.914 0.000
596.193 0.000
596.472 0.000
596.751 0.000
597.029 0.000
597.308 0.000
597.587 0.000
597.866 0.000
598.144 0.000
598.423 0.000
598.702 0.000
598.981 0.000
599.259 0.000
599.538 0.000
599.817 0.000
600.096 0.000
600.374 0.000
600.653 0.000
600.932 0.000
601.210 0.000
601.489 0.000
601.768 0.000
602.047 0.000
602.325 0.000
602.604 0.000
602.883 0.000
603.162 0.000
603.440 0.000
603.719 0.000
603.998 0.000
604.277 0.000
604.555 0.000
604.834 0.000
605.113 0.000
605.392 0.000
605.670 0.000
605.949 0.000
606.228 0.000
606.507 0.000
606.785 0.000
607.064 0.000
607.343 0.000
607.622 0.000
607.900 0.000
608.179 0.000
608.458 0.000
608.736 0.000
609.015 0.000
609.294 0.000
609.573 0.000
609.851 0.000
610.130 0.000
610.409 0.000
610.688 0.000
610.966 0.000
611.245 0.000
611.524 0.000
611.803 0.000
612.081 0.000
612.360 0.000
612.639 0.000
612.918 0.000
613.196 0.000
613.475 0.000
613.754 0.000
614.033 0.000
614.311 0.000
614.590 0.000
614.869 0.000
615.148 0.000
615.426 0.000
615.705 0.000
615.984 0.000
616.263 0.000
616.541 0.000
616.820 0.000
617.099 0.000
617.377 0.000
617.656 0.000
617.935 0.000
618.214 0.000
618.492 0.000
618.771 0.000
619.050 0.000
619.329 0.000
619.607 0.000
619.886 0.000
620.165 0.000
620.444 0.000
620.722 0.000
621.001 0.000
621.280 0.000
621.559 0.000
621.837 0.000
622.116 0.000
622.395 0.000
622.674 0.000
622.952 0.000
623.231 0.000
623.510 0.000
623.789 0.000
624.067 0.000
624.346 0.000
624.625 0.000
624.904 0.000
625.182 0.000
625.461 0.000
625.740 0.000
626.018 0.000
626.297 0.000
626.576 0.000
626.855 0.000
627.133 0.000
627.412 0.000
627.691 0.000
627.970 0.000
628.248 0.000
628.527 0.000
628.806 0.000
629.085 0.000
629.363 0.000
629.642 0.000
629.921 0.000
630.200 0.000
630.478 0.000
630.757 0.000
631.036 0.000
631.315 0.000
631.593 0.000
631.872 0.000
632.151 0.000
632.430 0.000
632.708 0.000
632.987 0.000
633.266 0.000
633.544 0.000
633.823 0.000
634.102 0.000
634.381 0.000
634.659 0.000
634.938 0.000
635.217 0.000
635.496 0.000
635.774 0.000
636.053 0.000
636.332 0.000
636.611 0.000
636.889 0.000
637.168 0.000
637.447 0.000
637.726 0.000
638.004 0.000
638.283 0.000
638.562 0.000
638.841 0.000
639.119 0.000
639.398 0.000
639.677 0.000
639.956 0.000
640.234 0.000
640.513 0.000
640.792 0.000
641.070 0.000
641.349 0.000
641.628 0.000
641.907 0.000
642.185 0.000
642.464 0.000
642.743 0.000
643.022 0.000
643.300 0.000
643.579 0.000
643.858 0.000
644.137 0.000
644.415 0.000
644.694 0.000
644.973 0.000
645.252 0.000
645.530 0.000
645.809 0.000
646.088 0.000
646.367 0.000
646.645 0.000
646.924 0.000
647.203 0.000
647.482 0.000
647.760 0.000
648.039 0.000
648.318 0.000
648.596 0.000
648.875 0.000
649.154 0.000
649.433 0.000
649.711 0.000
649.990 0.000
650.269 0.000
650.548 0.000
650.826 0.000
651.105 0.000
651.384 0.000
651.663 0.000
651.941 0.000
652.220 0.000
652.499 0.000
652.778 0.000
653.056 0.000
653.335 0.000
653.614 0.000
653.893 0.000
654.171 0.000
654.450 0.000
654.729 0.000
655.008 0.000
655.286 0.000
655.565 0.000
655.844 0.000
656.123 0.000
656.401 0.000
656.680 0.000
656.959 0.000
657.237 0.000
657.516 0.000
657.795 0.000
658.074 0.000
658.352 0.000
658.631 0.000
658.910 0.000
659.189 0.000
659.467 0.000
659.746 0.000
660.025 0.000
660.304 0.000
660.582 0.000
660.861 0.000
661.140 0.000
661.419 0.000
661.697 0.000
661.976 0.000
662.255 0.000
662.534 0.000
662.812 0.000
663.091 0.000
663.370 0.000
663.649 0.000
663.927 0.000
664.206 0.000
664.485 0.000
664.764 0.000
665.042 0.000
665.321 0.000
665.600 0.000
665.878 0.000
666.157 0.000
666.436 0.000
666.715 0.000
666.993 0.000
667.272 0.000
667.551 0.000
667.830 0.000
668.108 0.000
668.387 0.000
668.666 0.000
668.945 0.000
669.223 0.000
669.502 0.000
669.781 0.000
670.060 0.000
670.338 0.000
670.617 0.000
670.896 0.000
671.175 0.000
671.453 0.000
671.732 0.000
672.011 0.000
672.290 0.000
672.568 0.000
672.847 0.000
673.126 0.000
673.404 0.000
673.683 0.000
673.962 0.000
674.241 0.000
674.519 0.000
674.798 0.000
675.077 0.000
675.356 0.000
675.634 0.000
675.913 0.000
676.192 0.000
676.471 0.000
676.749 0.000
677.028 0.000
677.307 0.000
677.586 0.000
677.864 0.000
678.143 0.000
678.422 0.000
678.701 0.000
678.979 0.000
679.258 0.000
679.537 0.000
679.816 0.000
680.094 0.000
680.373 0.000
680.652 0.000
680.930 0.000
681.209 0.000
681.488 0.000
681.767 0.000
682.045 0.000
682.324 0.000
682.603 0.000
682.882 0.000
683.160 0.000
683.439 0.000
683.718 0.000
683.997 0.000
684.275 0.000
684.554 0.000
684.833 0.000
685.112 0.000
685.390 0.000
685.669 0.000
685.948 0.000
686.227 0.000
686.505 0.000
686.784 0.000
687.063 0.000
687.342 0.000
687.620 0.000
687.899 0.000
688.178 0.000
688.457 0.000
688.735 0.000
689.014 0.000
689.293 0.000
689.571 0.000
689.850 0.000
690.129 0.000
690.408 0.000
690.686 0.000
690.965 0.000
691.244 0.000
691.523 0.000
691.801 0.000
692.080 0.000
692.359 0.000
692.638 0.000
692.916 0.000
693.195 0.000
693.474 0.000
693.753 0.000
694.031 0.000
694.310 0.000
694.589 0.000
694.868 0.000
695.146 0.000
695.425 0.000
695.704 0.000
695.983 0.000
696.261 0.000
696.540 0.000
696.825 0.000
697.110 0.000
697.395 0.000
697.680 0.000
697.965 0.000
698.250 0.000
698.535 0.000
698.819 0.000
699.104 0.000
699.389 0.000
699.674 0.000
699.959 0.000
700.244 0.000
700.529 0.000
700.814 0.000
701.099 0.000
701.384 0.000
701.669 0.000
701.954 0.000
702.239 0.000
702.524 0.000
702.809 0.000
703.094 0.000
703.378 0.000
703.663 0.000
703.948 0.000
704.233 0.000
704.518 0.000
704.803 0.000
705.088 0.000
705.373 0.000
705.658 0.000
705.943 0.000
706.228 0.000
706.513 0.000
706.798 0.000
707.083 0.000
707.368 0.000
707.653 0.000
707.937 0.000
708.222 0.000
708.507 0.000
708.792 0.000
709.077 0.000
709.362 0.000
709.647 0.000
709.932 0.000
710.217 0.000
710.502 0.000
710.787 0.000
711.072 0.000
711.357 0.000
711.642 0.000
711.927 0.000
712.211 0.000
712.496 0.000
712.781 0.000
713.066 0.000
713.351 0.000
713.636 0.000
713.921 0.000
714.206 0.000
714.491 0.000
714.776 0.000
715.061 0.000
715.346 0.000
715.631 0.000
715.916 0.000
716.201 0.000
716.486 0.000
716.770 0.000
717.055 0.000
717.340 0.000
717.625 0.000
717.910 0.000
718.195 0.000
718.480 0.000
718.765 0.000
719.050 0.000
719.335 0.000
719.620 0.000
719.905 0.000
720.190 0.000
720.475 0.000
720.760 0.000
721.045 0.000
721.329 0.000
721.614 0.000
721.899 0.000
722.184 0.000
722.469 0.000
722.754 0.000
723.039 0.000
723.324 0.000
723.609 0.000
723.894 0.000
724.179 0.000
724.464 0.000
724.749 0.000
725.034 0.000
725.319 0.000
725.603 0.000
725.888 0.000
726.173 0.000
726.458 0.000
726.743 0.000
727.028 0.000
727.313 0.000
727.598 0.000
727.883 0.000
728.168 0.000
728.453 0.000
728.738 0.000
729.023 0.000
729.308 0.000
729.593 0.000
729.878 0.000
730.162 0.000
730.447 0.000
730.732 0.000
731.017 0.000
731.302 0.000
731.587 0.000
731.872 0.000
732.157 0.000
732.442 0.000
732.727 0.000
733.012 0.000
733.297 0.000
733.582 0.000
733.867 0.000
734.152 0.000
734.437 0.000
734.721 0.000
735.006 0.000
735.291 0.000
735.576 0.000
735.861 0.000
736.146 0.000
736.431 0.000
736.716 0.000
737.001 0.000
737.286 0.000
737.571 0.000
737.856 0.000
738.141 0.000
738.426 0.000
738.711 0.000
738.995 0.000
739.280 0.000
739.565 0.000
739.850 0.000
740.135 0.000
740.420 0.000
740.705 0.000
740.990 0.000
741.275 0.000
741.560 0.000
741.845 0.000
742.130 0.000
742.415 0.000
742.700 0.000
742.985 0.000
743.270 0.000
743.554 0.000
743.839 0.000
744.124 0.000
744.409 0.000
744.694 0.000
744.979 0.000
745.264 0.000
745.549 0.000
745.834 0.000
746.119 0.000
746.404 0.000
746.689 0.000
746.974 0.000
747.259 0.000
747.544 0.000
747.829 0.000
748.113 0.000
748.398 0.000
748.683 0.000
748.968 0.000
749.253 0.000
749.538 0.000
749.823 0.000
750.108 0.000
750.393 0.000
750.678 0.000
750.963 0.000
751.248 0.000
751.533 0.000
751.818 0.000
752.103 0.000
752.387 0.000
752.672 0.000
752.957 0.000
753.242 0.000
753.527 0.000
753.812 0.000
754.097 0.000
754.382 0.000
754.667 0.000
754.952 0.000
755.237 0.000
755.522 0.000
755.807 0.000
756.092 0.000
756.377 0.000
756.662 0.000
756.946 0.000
757.231 0.000
757.516 0.000
757.801 0.000
758.086 0.000
758.371 0.000
758.656 0.000
758.941 0.000
759.226 0.000
759.511 0.000
759.796 0.000
760.081 0.000
760.366 0.000
760.651 0.000
760.936 0.000
761.221 0.000
761.505 0.000
761.790 0.000
762.075 0.000
762.360 0.000
762.645 0.000
762.930 0.000
763.215 0.000
763.500 0.000
763.791 0.000
764.082 0.000
764.373 0.000
764.664 0.000
764.955 0.000
765.247 0.000
765.538 0.000
765.829 0.000
766.120 0.000
766.411 0.000
766.702 0.000
766.993 0.000
767.284 0.000
767.575 0.000
767.866 0.000
768.157 0.000
768.449 0.000
768.740 0.000
769.031 0.000
769.322 0.000
769.613 0.000
769.904 0.000
770.195 0.000
770.486 0.000
770.777 0.000
771.068 0.000
771.359 0.000
771.651 0.000
771.942 0.000
772.233 0.000
772.524 0.000
772.815 0.000
773.106 0.000
773.397 0.000
773.688 0.000
773.979 0.000
774.270 0.000
774.561 0.000
774.853 0.000
775.144 0.000
775.435 0.000
775.726 0.000
776.017 0.000
776.308 0.000
776.599 0.000
776.890 0.000
777.181 0.000
777.472 0.000
777.763 0.000
778.055 0.000
778.346 0.000
778.637 0.000
778.928 0.000
779.219 0.000
779.510 0.000
779.801 0.000
780.092 0.000
780.383 0.000
780.674 0.000
780.965 0.000
781.257 0.000
781.548 0.000
781.839 0.000
782.130 0.000
782.421 0.000
782.712 0.000
783.003 0.000
783.294 0.000
783.585 0.000
783.876 0.000
784.167 0.000
784.459 0.000
784.750 0.000
785.041 0.000
785.332 0.000
785.623 0.000
785.914 0.000
786.205 0.000
786.496 0.000
786.787 0.000
787.078 0.000
787.369 0.000
787.661 0.000
787.952 0.000
788.243 0.000
788.534 0.000
788.825 0.000
789.116 0.000
789.407 0.000
789.698 0.000
789.989 0.000
790.280 0.000
790.571 0.000
790.863 0.000
791.154 0.000
791.445 0.000
791.736 0.000
792.027 0.000
792.318 0.000
792.609 0.000
792.900 0.000
793.191 0.000
793.482 0.000
793.773 0.000
794.065 0.000
794.356 0.000
794.647 0.000
794.938 0.000
795.229 0.000
795.520 0.000
795.811 0.000
796.102 0.000
796.393 0.000
796.684 0.000
796.975 0.000
797.267 0.000
797.558 0.000
797.849 0.000
798.140 0.000
798.431 0.000
798.722 0.000
799.013 0.000
799.304 0.000
799.595 0.000
799.886 0.000
800.177 0.000
800.469 0.000
800.760 0.000
801.051 0.000
801.342 0.000
801.633 0.000
801.924 0.000
802.215 0.000
802.506 0.000
802.797 0.000
803.088 0.000
803.379 0.000
803.671 0.000
803.962 0.000
804.253 0.000
804.544 0.000
804.835 0.000
805.126 0.000
805.417 0.000
805.708 0.000
805.999 0.000
806.290 0.000
806.581 0.000
806.873 0.000
807.164 0.000
807.455 0.000
807.746 0.000
808.037 0.000
808.328 0.000
808.619 0.000
808.910 0.000
809.201 0.000
809.492 0.000
809.783 0.000
810.075 0.000
810.366 0.000
810.657 0.000
810.948 0.000
811.239 0.000
811.530 0.000
811.821 0.000
812.112 0.000
812.404 0.000
812.695 0.000
812.986 0.000
813.277 0.000
813.569 0.000
813.860 0.000
814.151 0.000
814.442 0.000
814.734 0.000
815.025 0.000
815.316 0.000
815.607 0.000
815.899 0.000
816.190 0.000
816.481 0.000
816.772 0.000
817.064 0.000
817.355 0.000
817.646 0.000
817.937 0.000
818.229 0.000
818.520 0.000
818.811 0.000
819.102 0.000
819.394 0.000
819.685 0.000
819.976 0.000
820.267 0.000
820.559 0.000
820.850 0.000
821.141 0.000
821.432 0.000
821.723 0.000
822.015 0.000
822.306 0.000
822.597 0.000
822.888 0.000
823.180 0.000
823.471 0.000
823.762 0.000
824.053 0.000
824.345 0.000
824.636 0.000
824.927 0.000
825.218 0.000
825.510 0.000
825.801 0.000
826.092 0.000
826.383 0.000
826.675 0.000
826.966 0.000
827.257 0.000
827.548 0.000
827.840 0.000
828.131 0.000
828.422 0.000
828.713 0.000
829.005 0.000
829.296 0.000
829.587 0.000
829.878 0.000
830.170 0.000
830.461 0.000
830.752 0.000
831.043 0.000
831.335 0.000
831.626 0.000
831.917 0.000
832.208 0.000
832.499 0.000
832.791 0.000
833.082 0.000
833.373 0.000
833.664 0.000
833.956 0.000
834.247 0.000
834.538 0.000
834.829 0.000
835.121 0.000
835.412 0.000
835.703 0.000
835.994 0.000
836.286 0.000
836.577 0.000
836.868 0.000
837.159 0.000
837.451 0.000
837.742 0.000
838.033 0.000
838.324 0.000
838.616 0.000
838.907 0.000
839.198 0.000
839.489 0.000
839.781 0.000
840.072 0.000
840.363 0.000
840.654 0.000
840.946 0.000
841.237 0.000
841.528 0.000
841.819 0.000
842.110 0.000
842.402 0.000
842.693 0.000
842.984 0.000
843.275 0.000
843.567 0.000
843.858 0.000
844.149 0.000
844.440 0.000
844.732 0.000
845.023 0.000
845.314 0.000
845.605 0.000
845.897 0.000
846.188 0.000
846.479 0.000
846.770 0.000
847.062 0.000
847.353 0.000
847.644 0.000
847.935 0.000
848.227 0.000
848.518 0.000
848.809 0.000
849.100 0.000
849.392 0.000
849.683 0.000
849.974 0.000
850.265 0.000
850.557 0.000
850.848 0.000
851.139 0.000
851.430 0.000
851.721 0.000
852.013 0.000
852.304 0.000
852.595 0.000
852.886 0.000
853.178 0.000
853.469 0.000
853.760 0.000
854.051 0.000
854.343 0.000
854.634 0.000
854.925 0.000
855.216 0.000
855.508 0.000
855.799 0.000
856.090 0.000
856.381 0.000
856.673 0.000
856.964 0.000
857.255 0.000
857.546 0.000
857.838 0.000
858.129 0.000
858.420 0.000
858.711 0.000
859.003 0.000
859.294 0.000
859.585 0.000
859.876 0.000
860.168 0.000
860.459 0.000
860.750 0.000
861.041 0.000
861.333 0.000
861.624 0.000
861.915 0.000
862.206 0.000
862.497 0.000
862.789 0.000
863.080 0.000
863.371 0.000
863.662 0.000
863.954 0.000
864.245 0.000
864.536 0.000
864.827 0.000
865.119 0.000
865.410 0.000
865.701 0.000
865.992 0.000
866.284 0.000
866.575 0.000
866.866 0.000
867.157 0.000
867.449 0.000
867.740 0.000
868.031 0.000
868.322 0.000
868.614 0.000
868.905 0.000
869.196 0.000
869.487 0.000
869.779 0.000
870.070 0.000
870.361 0.000
870.652 0.000
870.944 0.000
871.235 0.000
871.526 0.000
871.817 0.000
872.109 0.000
872.400 0.000
872.691 0.000
872.982 0.000
873.273 0.000
873.565 0.000
873.856 0.000
874.147 0.000
874.438 0.000
874.730 0.000
875.021 0.000
875.312 0.000
875.603 0.000
875.895 0.000
876.186 0.000
876.477 0.000
876.768 0.000
877.060 0.000
877.351 0.000
877.642 0.000
877.933 0.000
878.225 0.000
878.516 0.000
878.807 0.000
879.098 0.000
879.390 0.000
879.681 0.000
879.972 0.000
880.263 0.000
880.555 0.000
880.846 0.000
881.137 0.000
881.428 0.000
881.720 0.000
882.011 0.000
882.302 0.000
882.593 0.000
882.884 0.000
883.176 0.000
883.467 0.000
883.758 0.000
884.049 0.000
884.341 0.000
884.632 0.000
884.923 0.000
885.214 0.000
885.506 0.000
885.797 0.000
886.088 0.000
886.379 0.000
886.671 0.000
886.962 0.000
887.253 0.000
887.544 0.000
887.836 0.000
888.127 0.000
888.418 0.000
888.709 0.000
889.001 0.000
889.292 0.000
889.583 0.000
889.874 0.000
890.166 0.000
890.457 0.000
890.748 0.000
891.039 0.000
891.331 0.000
891.622 0.000
891.913 0.000
892.204 0.000
892.495 0.000
892.787 0.000
893.078 0.000
893.369 0.000
893.660 0.000
893.952 0.000
894.243 0.000
894.534 0.000
894.825 0.000
895.117 0.000
895.408 0.000
895.699 0.000
895.990 0.000
896.282 0.000
896.573 0.000
896.864 0.000
897.155 0.000
897.447 0.000
897.738 0.000
898.029 0.000
898.320 0.000
898.612 0.000
898.903 0.000
899.194 0.000
899.485 0.000
899.777 0.000
900.068 0.000
900.359 0.000
900.650 0.000
900.942 0.000
901.233 0.000
901.524 0.000
901.815 0.000
902.106 0.000
902.398 0.000
902.689 0.000
902.980 0.000
903.271 0.000
903.563 0.000
903.854 0.000
904.145 0.000
904.436 0.000
904.728 0.000
905.019 0.000
905.310 0.000
905.601 0.000
905.893 0.000
906.184 0.000
906.475 0.000
906.766 0.000
907.058 0.000
907.349 0.000
907.640 0.000
907.931 0.000
908.223 0.000
908.514 0.000
908.805 0.000
909.096 0.000
909.388 0.000
909.679 0.000
909.970 0.000
910.261 0.000
910.553 0.000
910.844 0.000
911.135 0.000
911.426 0.000
911.718 0.000
912.009 0.000
912.300 0.000
912.599 0.000
912.898 0.000
913.196 0.000
913.495 0.000
913.794 0.000
914.093 0.000
914.391 0.000
914.690 0.000
914.989 0.000
915.288 0.000
915.586 0.000
915.885 0.000
916.184 0.000
916.483 0.000
916.782 0.000
917.080 0.000
917.379 0.000
917.678 0.000
917.977 0.000
918.275 0.000
918.574 0.000
918.873 0.000
919.172 0.000
919.471 0.000
919.769 0.000
920.068 0.000
920.367 0.000
920.666 0.000
920.964 0.000
921.263 0.000
921.562 0.000
921.861 0.000
922.159 0.000
922.458 0.000
922.757 0.000
923.056 0.000
923.355 0.000
923.653 0.000
923.952 0.000
924.251 0.000
924.550 0.000
924.848 0.000
925.147 0.000
925.446 0.000
925.745 0.000
926.043 0.000
926.342 0.000
926.641 0.000
926.940 0.000
927.239 0.000
927.537 0.000
927.836 0.000
928.135 0.000
928.434 0.000
928.732 0.000
929.031 0.000
929.330 0.000
929.629 0.000
929.927 0.000
930.226 0.000
930.525 0.000
930.824 0.000
931.123 0.000
931.421 0.000
931.720 0.000
932.019 0.000
932.318 0.000
932.616 0.000
932.915 0.000
933.214 0.000
933.513 0.000
933.812 0.000
934.110 0.000
934.409 0.000
934.708 0.000
935.007 0.000
935.305 0.000
935.604 0.000
935.903 0.000
936.202 0.000
936.500 0.000
936.799 0.000
937.098 0.000
937.397 0.000
937.696 0.000
937.994 0.000
938.293 0.000
938.592 0.000
938.891 0.000
939.189 0.000
939.488 0.000
939.787 0.000
940.086 0.000
940.384 0.000
940.683 0.000
940.982 0.000
941.281 0.000
941.580 0.000
941.878 0.000
942.177 0.000
942.476 0.000
942.775 0.000
943.073 0.000
943.372 0.000
943.671 0.000
943.970 0.000
944.268 0.000
944.567 0.000
944.866 0.000
945.165 0.000
945.464 0.000
945.762 0.000
946.061 0.000
946.360 0.000
946.659 0.000
946.957 0.000
947.256 0.000
947.555 0.000
947.854 0.000
948.153 0.000
948.451 0.000
948.750 0.000
949.049 0.000
949.348 0.000
949.646 0.000
949.945 0.000
950.244 0.000
950.543 0.000
950.841 0.000
951.140 0.000
951.439 0.000
951.738 0.000
952.037 0.000
952.335 0.000
952.634 0.000
952.933 0.000
953.232 0.000
953.530 0.000
953.829 0.000
954.128 0.000
954.427 0.000
954.725 0.000
955.024 0.000
955.323 0.000
955.622 0.000
955.921 0.000
956.219 0.000
956.518 0.000
956.817 0.000
957.116 0.000
957.414 0.000
957.713 0.000
958.012 0.000
958.311 0.000
958.610 0.000
958.908 0.000
959.207 0.000
959.506 0.000
959.805 0.000
960.103 0.000
960.402 0.000
960.701 0.000
961.000 0.000
961.298 0.000
961.597 0.000
961.896 0.000
962.195 0.000
962.494 0.000
962.792 0.000
963.091 0.000
963.390 0.000
963.689 0.000
963.987 0.000
964.286 0.000
964.585 0.000
964.884 0.000
965.182 0.000
965.481 0.000
965.780 0.000
966.075 0.000
966.370 0.000
966.666 0.000
966.961 0.000
967.256 0.000
967.551 0.000
967.847 0.000
968.142 0.000
968.437 0.000
968.732 0.000
969.028 0.000
969.323 0.000
969.618 0.000
969.913 0.000
970.208 0.000
970.504 0.000
970.799 0.000
971.094 0.000
971.389 0.000
971.685 0.000
971.980 0.000
972.275 0.000
972.570 0.000
972.866 0.000
973.161 0.000
973.456 0.000
973.751 0.000
974.047 0.000
974.342 0.000
974.637 0.000
974.932 0.000
975.227 0.000
975.523 0.000
975.818 0.000
976.113 0.000
976.408 0.000
976.704 0.000
976.999 0.000
977.294 0.000
977.589 0.000
977.885 0.000
978.180 0.000
978.475 0.000
978.770 0.000
979.066 0.000
979.361 0.000
979.656 0.000
979.951 0.000
980.246 0.000
980.542 0.000
980.837 0.000
981.132 0.000
981.427 0.000
981.723 0.000
982.018 0.000
982.313 0.000
982.608 0.000
982.904 0.000
983.199 0.000
983.494 0.000
983.789 0.000
984.084 0.000
984.380 0.000
984.675 0.000
984.970 0.000
985.265 0.000
985.561 0.000
985.856 0.000
986.151 0.000
986.446 0.000
986.742 0.000
987.037 0.000
987.332 0.000
987.627 0.000
987.923 0.000
988.218 0.000
988.513 0.000
988.808 0.000
989.103 0.000
989.399 0.000
989.694 0.000
989.989 0.000
990.284 0.000
990.580 0.000
990.875 0.000
991.170 0.000
991.465 0.000
991.761 0.000
992.056 0.000
992.351 0.000
992.646 0.000
992.942 0.000
993.237 0.000
993.532 0.000
993.827 0.000
994.122 0.000
994.418 0.000
994.713 0.000
995.008 0.000
995.303 0.000
995.599 0.000
995.894 0.000
996.189 0.000
996.484 0.000
996.780 0.000
997.075 0.000
997.370 0.000
997.665 0.000
997.960 0.000
998.256 0.000
998.551 0.000
998.846 0.000
999.141 0.000
999.437 0.000
999.732 0.000
1000.027 0.000
1000.322 0.000
1000.618 0.000
1000.913 0.000
1001.208 0.000
1001.503 0.000
1001.799 0.000
1002.094 0.000
1002.389 0.000
1002.684 0.000
1002.979 0.000
1003.275 0.000
1003.570 0.000
1003.865 0.000
1004.160 0.000
1004.456 0.000
1004.751 0.000
1005.046 0.000
1005.341 0.000
1005.637 0.000
1005.932 0.000
1006.227 0.000
1006.522 0.000
1006.817 0.000
1007.113 0.000
1007.408 0.000
1007.703 0.000
1007.998 0.000
1008.294 0.000
1008.589 0.000
1008.884 0.000
1009.179 0.000
1009.475 0.000
1009.770 0.000
1010.065 0.000
1010.360 0.000
1010.656 0.000
1010.951 0.000
1011.246 0.000
1011.541 0.000
1011.836 0.000
1012.132 0.000
1012.427 0.000
1012.722 0.000
1013.017 0.000
1013.313 0.000
1013.608 0.000
1013.903 0.000
1014.198 0.000
1014.494 0.000
1014.789 0.000
1015.084 0.000
1015.379 0.000
1015.674 0.000
1015.970 0.000
1016.265 0.000
1016.560 0.000
1016.855 0.000
1017.151 0.000
1017.446 0.000
1017.741 0.000
1018.036 0.000
1018.332 0.000
1018.627 0.000
1018.922 0.000
1019.217 0.000
1019.513 0.000
1019.808 0.000
1020.103 0.000
1020.398 0.000
1020.693 0.000
1020.989 0.000
1021.284 0.000
1021.579 0.000
1021.874 0.000
1022.170 0.000
1022.465 0.000
1022.760 0.000
1023.055 0.000
1023.351 0.000
1023.646 0.000
1023.941 0.000
1024.236 0.000
1024.532 0.000
1024.827 0.000
1025.122 0.000
1025.417 0.000
1025.712 0.000
1026.008 0.000
1026.303 0.000
1026.598 0.000
1026.893 0.000
1027.189 0.000
1027.484 0.000
1027.779 0.000
1028.074 0.000
1028.370 0.000
1028.665 0.000
1028.960 0.000
1029.255 0.000
1029.550 0.000
1029.846 0.000
1030.141 0.000
1030.436 0.000
1030.731 0.000
1031.027 0.000
1031.322 0.000
1031.617 0.000
1031.912 0.000
1032.208 0.000
1032.503 0.000
1032.798 0.000
1033.093 0.000
1033.389 0.000
1033.684 0.000
1033.979 0.000
1034.274 0.000
1034.569 0.000
1034.865 0.000
1035.160 0.000
1035.455 0.000
1035.750 0.000
1036.046 0.000
1036.341 0.000
1036.636 0.000
1036.931 0.000
1037.227 0.000
1037.522 0.000
1037.817 0.000
1038.112 0.000
1038.407 0.000
1038.703 0.000
1038.998 0.000
1039.293 0.000
1039.588 0.000
1039.884 0.000
1040.179 0.000
1040.474 0.000
1040.769 0.000
1041.065 0.000
1041.360 0.000
1041.655 0.000
1041.950 0.000
1042.246 0.000
1042.541 0.000
1042.836 0.000
1043.131 0.000
1043.426 0.000
1043.722 0.000
1044.017 0.000
1044.312 0.000
1044.607 0.000
1044.903 0.000
1045.198 0.000
1045.493 0.000
1045.788 0.000
1046.084 0.000
1046.379 0.000
1046.674 0.000
1046.969 0.000
1047.264 0.000
1047.560 0.000
1047.855 0.000
1048.150 0.000
1048.445 0.000
1048.741 0.000
1049.036 0.000
1049.331 0.000
1049.626 0.000
1049.922 0.000
1050.217 0.000
1050.512 0.000
1050.807 0.000
1051.103 0.000
1051.398 0.000
1051.693 0.000
1051.988 0.000
1052.283 0.000
1052.579 0.000
1052.874 0.000
1053.169 0.000
1053.464 0.000
1053.760 0.000
1054.055 0.000
1054.350 0.000
1054.645 0.000
1054.941 0.000
1055.236 0.000
1055.531 0.000
1055.826 0.000
1056.122 0.000
1056.417 0.000
1056.712 0.000
1057.007 0.000
1057.302 0.000
1057.598 0.000
1057.893 0.000
1058.188 0.000
1058.483 0.000
1058.779 0.000
1059.074 0.000
1059.369 0.000
1059.664 0.000
1059.960 0.000
1060.255 0.000
1060.550 0.000
1060.845 0.000
1061.140 0.000
1061.436 0.000
1061.731 0.000
1062.026 0.000
1062.321 0.000
1062.617 0.000
1062.912 0.000
1063.207 0.000
1063.502 0.000
1063.798 0.000
1064.093 0.000
1064.388 0.000
1064.683 0.000
1064.978 0.000
1065.274 0.000
1065.569 0.000
1065.864 0.000
1066.159 0.000
1066.455 0.000
1066.750 0.000
1067.045 0.000
1067.340 0.000
1067.636 0.000
1067.931 0.000
1068.226 0.000
1068.521 0.000
1068.817 0.000
1069.112 0.000
1069.407 0.000
1069.702 0.000
1069.997 0.000
1070.293 0.000
1070.588 0.000
1070.883 0.000
1071.178 0.000
1071.474 0.000
1071.769 0.000
1072.064 0.000
1072.359 0.000
1072.655 0.000
1072.950 0.000
1073.245 0.000
1073.540 0.000
1073.836 0.000
1074.131 0.000
1074.426 0.000
1074.721 0.000
1075.016 0.000
1075.312 0.000
1075.607 0.000
1075.902 0.000
1076.197 0.000
1076.493 0.000
1076.788 0.000
1077.083 0.000
1077.378 0.000
1077.674 0.000
1077.969 0.000
1078.264 0.000
1078.559 0.000
1078.854 0.000
1079.150 0.000
1079.445 0.000
1079.740 0.000
1080.035 0.000
1080.331 0.000
1080.626 0.000
1080.921 0.000
1081.216 0.000
1081.512 0.000
1081.807 0.000
1082.102 0.000
1082.397 0.000
1082.693 0.000
1082.988 0.000
1083.283 0.000
1083.578 0.000
1083.873 0.000
1084.169 0.000
1084.464 0.000
1084.759 0.000
1085.054 0.000
1085.350 0.000
1085.645 0.000
1085.940 0.000
1086.235 0.000
1086.531 0.000
1086.826 0.000
1087.121 0.000
1087.416 0.000
1087.711 0.000
1088.007 0.000
1088.302 0.000
1088.597 0.000
1088.892 0.000
1089.188 0.000
1089.483 0.000
1089.778 0.000
1090.073 0.000
1090.369 0.000
1090.664 0.000
1090.959 0.000
1091.254 0.000
1091.550 0.000
1091.845 0.000
1092.140 0.000
1092.452 0.000
1092.764 0.000
1093.076 0.000
1093.388 0.000
1093.700 0.000
1094.012 0.000
1094.324 0.000
1094.636 0.000
1094.948 0.000
1095.260 0.000
1095.572 0.000
1095.884 0.000
1096.196 0.000
1096.508 0.000
1096.820 0.000
1097.132 0.000
1097.444 0.000
1097.756 0.000
1098.068 0.000
1098.380 0.000
1098.692 0.000
1099.004 0.000
1099.316 0.000
1099.628 0.000
1099.940 0.000
1100.252 0.000
1100.564 0.000
1100.877 0.000
1101.189 0.000
1101.501 0.000
1101.813 0.000
1102.125 0.000
1102.437 0.000
1102.749 0.000
1103.061 0.000
1103.373 0.000
1103.685 0.000
1103.997 0.000
1104.309 0.000
1104.621 0.000
1104.933 0.000
1105.245 0.000
1105.557 0.000
1105.869 0.000
1106.181 0.000
1106.493 0.000
1106.805 0.000
1107.117 0.000
1107.429 0.000
1107.741 0.000
1108.053 0.000
1108.365 0.000
1108.677 0.000
1108.989 0.000
1109.301 0.000
1109.613 0.000
1109.925 0.000
1110.237 0.000
1110.549 0.000
1110.861 0.000
1111.173 0.000
1111.485 0.000
1111.797 0.000
1112.109 0.000
1112.421 0.000
1112.733 0.000
1113.045 0.000
1113.357 0.000
1113.669 0.000
1113.981 0.000
1114.293 0.000
1114.605 0.000
1114.917 0.000
1115.229 0.000
1115.541 0.000
1115.853 0.000
1116.165 0.000
1116.477 0.000
1116.789 0.000
1117.101 0.000
1117.413 0.000
1117.725 0.000
1118.037 0.000
1118.349 0.000
1118.662 0.000
1118.974 0.000
1119.286 0.000
1119.598 0.000
1119.910 0.000
1120.222 0.000
1120.534 0.000
1120.846 0.000
1121.158 0.000
1121.470 0.000
1121.782 0.000
1122.094 0.000
1122.406 0.000
1122.718 0.000
1123.030 0.000
1123.342 0.000
1123.654 0.000
1123.966 0.000
1124.278 0.000
1124.590 0.000
1124.902 0.000
1125.214 0.000
1125.526 0.000
1125.838 0.000
1126.150 0.000
1126.462 0.000
1126.774 0.000
1127.086 0.000
1127.398 0.000
1127.710 0.000
1128.022 0.000
1128.334 0.000
1128.646 0.000
1128.958 0.000
1129.270 0.000
1129.582 0.000
1129.894 0.000
1130.206 0.000
1130.518 0.000
1130.830 0.000
1131.142 0.000
1131.454 0.000
1131.766 0.000
1132.078 0.000
1132.390 0.000
1132.702 0.000
1133.014 0.000
1133.326 0.000
1133.638 0.000
1133.950 0.000
1134.262 0.000
1134.574 0.000
1134.886 0.000
1135.198 0.000
1135.510 0.000
1135.822 0.000
1136.134 0.000
1136.447 0.000
1136.759 0.000
1137.071 0.000
1137.383 0.000
1137.695 0.000
1138.007 0.000
1138.319 0.000
1138.631 0.000
1138.943 0.000
1139.255 0.000
1139.567 0.000
1139.879 0.000
1140.191 0.000
1140.503 0.000
1140.815 0.000
1141.127 0.000
1141.439 0.000
1141.751 0.000
1142.063 0.000
1142.375 0.000
1142.687 0.000
1142.999 0.000
1143.311 0.000
1143.623 0.000
1143.935 0.000
1144.247 0.000
1144.559 0.000
1144.871 0.000
1145.183 0.000
1145.495 0.000
1145.807 0.000
1146.119 0.000
1146.431 0.000
1146.743 0.000
1147.055 0.000
1147.367 0.000
1147.679 0.000
1147.991 0.000
1148.303 0.000
1148.615 0.000
1148.927 0.000
1149.239 0.000
1149.551 0.000
1149.863 0.000
1150.175 0.000
1150.487 0.000
1150.799 0.000
1151.111 0.000
1151.423 0.000
1151.735 0.000
1152.047 0.000
1152.359 0.000
1152.671 0.000
1152.983 0.000
1153.295 0.000
1153.607 0.000
1153.920 0.000
1154.232 0.000
1154.544 0.000
1154.856 0.000
1155.168 0.000
1155.480 0.000
1155.792 0.000
1156.104 0.000
1156.416 0.000
1156.728 0.000
1157.040 0.000
1157.352 0.000
1157.664 0.000
1157.976 0.000
1158.288 0.000
1158.600 0.000
1158.912 0.000
1159.224 0.000
1159.536 0.000
1159.848 0.000
1160.160 0.000
1160.472 0.000
1160.784 0.000
1161.096 0.000
1161.408 0.000
1161.720 0.000
1162.032 0.000
1162.344 0.000
1162.656 0.000
1162.968 0.000
1163.280 0.000
1163.592 0.000
1163.904 0.000
1164.216 0.000
1164.528 0.000
1164.840 0.000
1165.152 0.000
1165.464 0.000
1165.776 0.000
1166.088 0.000
1166.400 0.000
1166.712 0.000
1167.024 0.000
1167.336 0.000
1167.648 0.000
1167.960 0.000
1168.272 0.000
1168.584 0.000
1168.896 0.000
1169.208 0.000
1169.520 0.000
1169.832 0.000
1170.144 0.000
1170.456 0.000
1170.768 0.000
1171.080 0.000
1171.392 0.000
1171.705 0.000
1172.017 0.000
1172.329 0.000
1172.641 0.000
1172.953 0.000
1173.265 0.000
1173.577 0.000
1173.889 0.000
1174.201 0.000
1174.513 0.000
1174.825 0.000
1175.137 0.000
1175.449 0.000
1175.761 0.000
1176.073 0.000
1176.385 0.000
1176.697 0.000
1177.009 0.000
1177.321 0.000
1177.633 0.000
1177.945 0.000
1178.257 0.000
1178.569 0.000
1178.881 0.000
1179.193 0.000
1179.505 0.000
1179.817 0.000
1180.129 0.000
1180.441 0.000
1180.753 0.000
1181.065 0.000
1181.377 0.000
1181.689 0.000
1182.001 0.000
1182.313 0.000
1182.625 0.000
1182.937 0.000
1183.249 0.000
1183.561 0.000
1183.873 0.000
1184.185 0.000
1184.497 0.000
1184.809 0.000
1185.121 0.000
1185.433 0.000
1185.745 0.000
1186.057 0.000
1186.369 0.000
1186.681 0.000
1186.993 0.000
1187.305 0.000
1187.617 0.000
1187.929 0.000
1188.241 0.000
1188.553 0.000
1188.865 0.000
1189.178 0.000
1189.490 0.000
1189.802 0.000
1190.114 0.000
1190.426 0.000
1190.738 0.000
1191.050 0.000
1191.362 0.000
1191.674 0.000
1191.986 0.000
1192.298 0.000
1192.610 0.000
1192.922 0.000
1193.234 0.000
1193.546 0.000
1193.858 0.000
1194.170 0.000
1194.482 0.000
1194.794 0.000
1195.106 0.000
1195.418 0.000
1195.730 0.000
1196.042 0.000
1196.354 0.000
1196.666 0.000
1196.978 0.000
1197.290 0.000
1197.602 0.000
1197.914 0.000
1198.226 0.000
1198.538 0.000
1198.850 0.000
1199.162 0.000
1199.474 0.000
1199.786 0.000
1200.098 0.000
