177.811 0.000
178.065 0.000
178.318 0.000
178.572 0.000
178.826 0.000
179.079 0.000
179.333 0.000
179.587 0.000
179.840 0.000
180.094 0.000
180.347 0.000
180.601 0.000
180.855 0.000
181.108 0.000
181.362 0.000
181.616 0.000
181.869 0.000
182.123 0.000
182.377 0.000
182.630 0.000
182.884 0.000
183.137 0.000
183.391 0.000
183.645 0.000
183.898 0.000
184.152 0.000
184.406 0.000
184.659 0.000
184.913 0.000
185.167 0.000
185.420 0.000
185.674 0.000
185.928 0.000
186.181 0.000
186.435 0.000
186.688 0.000
186.942 0.000
187.196 0.000
187.449 0.000
187.703 0.000
187.957 0.000
188.210 0.000
188.464 0.000
188.718 0.000
188.971 0.000
189.225 0.000
189.479 0.000
189.732 0.000
189.986 0.000
190.239 0.000
190.493 0.000
190.747 0.000
191.000 0.000
191.254 0.000
191.508 0.000
191.761 0.000
192.015 0.000
192.269 0.000
192.522 0.000
192.776 0.000
193.030 0.000
193.283 0.000
193.537 0.000
193.790 0.000
194.044 0.000
194.298 0.000
194.551 0.000
194.805 0.000
195.059 0.000
195.312 0.000
195.566 0.000
195.820 0.000
196.073 0.000
196.327 0.000
196.581 0.000
196.834 0.000
197.088 0.000
197.341 0.000
197.595 0.000
197.849 0.000
198.102 0.000
198.356 0.000
198.610 0.000
198.863 0.000
199.117 0.000
199.371 0.000
199.624 0.000
199.878 0.000
200.132 0.000
200.385 0.000
200.639 0.000
200.892 0.000
201.146 0.000
201.400 0.000
201.653 0.000
201.907 0.000
202.161 0.000
202.414 0.000
202.668 0.000
202.922 0.000
203.175 0.000
203.429 0.000
203.683 0.000
203.936 0.000
204.190 0.000
204.443 0.000
204.697 0.000
204.951 0.000
205.204 0.000
205.458 0.000
205.712 0.000
205.965 0.000
206.219 0.000
206.473 0.000
206.726 0.000
206.980 0.000
207.233 0.000
207.487 0.000
207.741 0.000
207.994 0.000
208.248 0.000
208.502 0.000
208.755 0.000
209.009 0.000
209.263 0.000
209.516 0.000
209.770 0.000
210.024 0.000
210.277 0.000
210.531 0.000
210.784 0.000
211.038 0.000
211.292 0.000
211.545 0.000
211.799 0.000
212.053 0.000
212.306 0.000
212.560 0.000
212.814 0.000
213.067 0.000
213.321 0.000
213.575 0.000
213.828 0.000
214.082 0.000
214.335 0.000
214.589 0.000
214.843 0.000
215.096 0.000
215.350 0.000
215.604 0.000
215.857 0.000
216.111 0.000
216.365 0.000
216.618 0.000
216.872 0.000
217.126 0.000
217.379 0.000
217.633 0.000
217.886 0.000
218.140 0.000
218.394 0.000
218.647 0.000
218.901 0.000
219.155 0.000
219.408 0.000
219.662 0.000
219.916 0.000
220.169 0.000
220.423 0.000
220.677 0.000
220.930 0.000
221.184 0.000
221.437 0.000
221.691 0.000
221.945 0.000
222.198 0.000
222.452 0.000
222.706 0.000
222.959 0.000
223.213 0.000
223.467 0.000
223.720 0.000
223.974 0.000
224.228 0.000
224.481 0.000
224.735 0.000
224.988 0.000
225.242 0.000
225.496 0.000
225.749 0.000
226.003 0.000
226.257 0.000
226.510 0.000
226.764 0.000
227.018 0.000
227.271 0.000
227.525 0.000
227.779 0.000
228.032 0.000
228.286 0.000
228.539 0.000
228.793 0.000
229.047 0.000
229.300 0.000
229.554 0.000
229.808 0.000
230.061 0.000
230.315 0.000
230.569 0.000
230.822 0.000
231.076 0.000
231.330 0.000
231.583 0.000
231.837 0.000
232.090 0.000
232.344 0.000
232.598 0.000
232.851 0.000
233.105 0.000
233.359 0.000
233.612 0.000
233.866 0.000
234.120 0.000
234.373 0.000
234.627 0.000
234.880 0.000
235.134 0.000
235.388 0.000
235.641 0.000
235.895 0.000
236.149 0.000
236.402 0.000
236.656 0.000
236.910 0.000
237.163 0.000
237.417 0.000
237.671 0.000
237.924 0.000
238.178 0.000
238.431 0.000
238.685 0.000
238.939 0.000
239.192 0.000
239.446 0.000
239.700 0.000
239.953 0.000
240.207 0.000
240.461 0.000
240.714 0.000
240.968 0.000
241.222 0.000
241.475 0.000
241.729 0.000
241.982 0.000
242.236 0.000
242.490 0.000
242.743 0.000
242.997 0.000
243.251 0.000
243.504 0.000
243.758 0.000
244.012 0.000
244.265 0.000
244.519 0.000
244.773 0.000
245.026 0.000
245.280 0.000
245.533 0.000
245.787 0.000
246.041 0.000
246.294 0.000
246.548 0.000
246.802 0.000
247.055 0.000
247.309 0.000
247.563 0.000
247.816 0.000
248.070 0.000
248.324 0.000
248.577 0.000
248.831 0.000
249.084 0.000
249.338 0.000
249.592 0.000
249.845 0.000
250.099 0.000
250.353 0.000
250.606 0.000
250.860 0.000
251.114 0.000
251.367 0.000
251.621 0.000
251.875 0.000
252.128 0.000
252.382 0.000
252.635 0.000
252.889 0.000
253.143 0.000
253.396 0.000
253.650 0.000
253.904 0.000
254.159 0.000
254.413 0.000
254.667 0.000
254.922 0.000
255.176 0.000
255.431 0.000
255.685 0.000
255.939 0.000
256.194 0.000
256.448 0.000
256.702 0.000
256.957 0.000
257.211 0.000
257.465 0.000
257.720 0.000
257.974 0.000
258.228 0.000
258.483 0.000
258.737 0.000
258.992 0.000
259.246 0.000
259.500 0.000
259.755 0.000
260.009 0.000
260.263 0.000
260.518 0.000
260.772 0.000
261.026 0.000
261.281 0.000
261.535 0.000
261.789 0.000
262.044 0.000
262.298 0.000
262.553 0.000
262.807 0.000
263.061 0.000
263.316 0.000
263.570 0.000
263.824 0.000
264.079 0.000
264.333 0.000
264.587 0.000
264.842 0.000
265.096 0.000
265.351 0.000
265.605 0.000
265.859 0.000
266.114 0.000
266.368 0.000
266.622 0.000
266.877 0.000
267.131 0.000
267.385 0.000
267.640 0.000
267.894 0.000
268.148 0.000
268.403 0.000
268.657 0.000
268.912 0.000
269.166 0.000
269.420 0.000
269.675 0.000
269.929 0.000
270.183 0.000
270.438 0.000
270.692 0.000
270.946 0.000
271.201 0.000
271.455 0.000
271.709 0.000
271.964 0.000
272.218 0.000
272.473 0.000
272.727 0.000
272.981 0.000
273.236 0.000
273.490 0.000
273.744 0.000
273.999 0.000
274.253 0.000
274.507 0.000
274.762 0.000
275.016 0.000
275.271 0.000
275.525 0.000
275.779 0.000
276.034 0.000
276.288 0.000
276.542 0.000
276.797 0.000
277.051 0.000
277.305 0.000
277.560 0.000
277.814 0.000
278.068 0.000
278.323 0.000
278.577 0.000
278.832 0.000
279.086 0.000
279.340 0.000
279.595 0.000
279.849 0.000
280.103 0.000
280.358 0.000
280.612 0.000
280.866 0.000
281.121 0.000
281.375 0.000
281.629 0.000
281.884 0.000
282.138 0.000
282.393 0.000
282.647 0.000
282.901 0.000
283.156 0.000
283.410 0.000
283.664 0.000
283.919 0.000
284.173 0.000
284.427 0.000
284.682 0.000
284.936 0.000
285.191 0.000
285.445 0.000
285.699 0.000
285.954 0.000
286.208 0.000
286.462 0.000
286.717 0.000
286.971 0.000
287.225 0.000
287.480 0.000
287.734 0.000
287.988 0.000
288.243 0.000
288.497 0.000
288.752 0.000
289.006 0.000
289.260 0.000
289.515 0.000
289.769 0.000
290.023 0.000
290.278 0.000
290.532 0.000
290.786 0.000
291.041 0.000
291.295 0.000
291.549 0.000
291.804 0.000
292.058 0.000
292.313 0.000
292.567 0.000
292.821 0.000
293.076 0.000
293.330 0.000
293.584 0.000
293.839 0.000
294.093 0.000
294.347 0.000
294.602 0.000
294.856 0.000
295.111 0.000
295.365 0.000
295.619 0.000
295.874 0.000
296.128 0.000
296.382 0.000
296.637 0.000
296.891 0.000
297.145 0.000
297.400 0.000
297.654 0.000
297.908 0.000
298.163 0.000
298.417 0.000
298.672 0.000
298.926 0.000
299.180 0.000
299.435 0.000
299.689 0.000
299.943 0.000
300.198 0.000
300.452 124.000
300.706 209.000
300.961 393.000
301.215 368.000
301.469 558.000
301.724 585.000
301.978 605.000
302.233 702.000
302.487 889.000
302.741 976.000
302.996 1116.000
303.250 1150.000
303.504 1210.000
303.759 1421.000
304.013 1482.000
304.267 1451.000
304.522 1528.000
304.776 1709.000
305.031 1694.000
305.285 1725.000
305.539 1900.000
305.794 2007.000
306.048 2196.000
306.302 2240.000
306.557 2245.000
306.811 2422.000
307.065 2517.000
307.320 2613.000
307.574 2796.000
307.828 2906.000
308.083 3139.000
308.337 3198.000
308.592 3246.000
308.846 3514.000
309.100 3573.000
309.355 3711.000
309.609 3861.000
309.863 4036.000
310.118 4160.000
310.372 4341.000
310.626 4471.000
310.881 4729.000
311.135 4878.000
311.389 5095.000
311.644 5068.000
311.898 5254.000
312.153 5544.000
312.407 5794.000
312.661 5913.000
312.916 5973.000
313.170 6417.000
313.429 6520.000
313.688 6733.000
313.947 6966.000
314.206 7087.000
314.465 7261.000
314.724 7369.000
314.983 7649.000
315.242 7988.000
315.501 8183.000
315.760 8543.000
316.019 8536.000
316.278 8654.000
316.536 9059.000
316.795 9239.000
317.054 9336.000
317.313 9714.000
317.572 9855.000
317.831 10106.000
318.090 10443.000
318.349 10886.000
318.608 11185.000
318.867 11332.000
319.126 11616.000
319.385 11875.000
319.644 12002.000
319.903 12263.000
320.162 12523.000
320.421 12743.000
320.680 12891.000
320.939 13150.000
321.198 13582.000
321.457 13948.000
321.716 14092.000
321.975 14479.000
322.234 14735.000
322.493 15048.000
322.752 15190.000
323.010 15331.000
323.269 15562.000
323.528 16010.000
323.787 16242.000
324.046 16482.000
324.305 16694.000
324.564 17140.000
324.823 17318.000
325.082 17438.000
325.341 17961.000
325.600 18287.000
325.859 18282.000
326.118 18552.000
326.377 18777.000
326.636 19055.000
326.895 19473.000
327.154 19612.000
327.413 19849.000
327.672 20037.000
327.931 20388.000
328.190 20530.000
328.449 20888.000
328.708 21245.000
328.967 21276.000
329.226 21614.000
329.485 21944.000
329.743 22126.000
330.002 22361.000
330.261 22660.000
330.520 22735.000
330.779 22984.000
331.038 23332.000
331.297 23411.000
331.556 23628.000
331.815 24036.000
332.074 24116.000
332.333 24406.000
332.592 24864.000
332.851 24774.000
333.110 25057.000
333.369 25326.000
333.628 25617.000
333.887 25810.000
334.146 25747.000
334.405 26177.000
334.664 26150.000
334.923 26446.000
335.182 26815.000
335.441 26859.000
335.700 27250.000
335.959 27502.000
336.217 27368.000
336.476 27489.000
336.735 27888.000
336.994 28072.000
337.253 28117.000
337.512 28235.000
337.771 28516.000
338.030 28664.000
338.289 28970.000
338.548 29094.000
338.807 29426.000
339.066 29628.000
339.325 29466.000
339.584 30021.000
339.843 30299.000
340.102 30305.000
340.361 30408.000
340.620 30480.000
340.879 30610.000
341.138 30619.000
341.397 30905.000
341.656 31095.000
341.915 31133.000
342.174 31279.000
342.433 31544.000
342.691 31776.000
342.950 31848.000
343.209 32077.000
343.468 32136.000
343.727 31962.000
343.986 32036.000
344.245 32495.000
344.504 32627.000
344.763 32664.000
345.022 32834.000
345.281 32770.000
345.540 32608.000
345.799 32807.000
346.058 33006.000
346.317 33199.000
346.576 33112.000
346.835 33236.000
347.094 33353.000
347.353 33179.000
347.612 33318.000
347.871 33538.000
348.130 33762.000
348.389 34068.000
348.648 33966.000
348.907 33762.000
349.166 33839.000
349.424 33830.000
349.683 34191.000
349.942 34110.000
350.201 34144.000
350.460 33993.000
350.719 33823.000
350.978 34110.000
351.237 34342.000
351.496 34211.000
351.755 34454.000
352.014 34327.000
352.273 34562.000
352.532 34781.000
352.791 34607.000
353.050 34674.000
353.309 34815.000
353.568 34721.000
353.827 34756.000
354.086 34480.000
354.345 34688.000
354.604 34508.000
354.863 34405.000
355.122 34790.000
355.381 34903.000
355.640 34738.000
355.898 34721.000
356.157 34895.000
356.416 34656.000
356.675 34723.000
356.934 34323.000
357.193 34348.000
357.452 34426.000
357.711 34437.000
357.970 34786.000
358.229 34735.000
358.488 34497.000
358.747 34500.000
359.006 34555.000
359.265 34585.000
359.524 34326.000
359.783 34320.000
360.042 34031.000
360.301 33773.000
360.560 34013.000
360.819 34388.000
361.078 34064.000
361.337 34052.000
361.596 33842.000
361.855 34024.000
362.114 34014.000
362.372 33833.000
362.631 33829.000
362.890 33754.000
363.149 33707.000
363.408 33714.000
363.667 33486.000
363.926 33478.000
364.185 33492.000
364.444 33543.000
364.703 33703.000
364.962 33592.000
365.221 33482.000
365.480 33534.000
365.739 33487.000
365.999 33424.000
366.258 33242.000
366.518 33223.000
366.777 33156.000
367.037 33015.000
367.296 33272.000
367.556 33056.000
367.815 33155.000
368.075 33209.000
368.334 33010.000
368.594 33051.000
368.853 33217.000
369.113 33150.000
369.372 33191.000
369.632 33094.000
369.891 33048.000
370.150 32925.000
370.410 33239.000
370.669 33164.000
370.929 32855.000
371.188 33064.000
371.448 33058.000
371.707 33031.000
371.967 32997.000
372.226 32876.000
372.486 32868.000
372.745 33014.000
373.005 32698.000
373.264 32837.000
373.524 32701.000
373.783 32331.000
374.043 32523.000
374.302 32705.000
374.561 32664.000
374.821 32357.000
375.080 32151.000
375.340 32175.000
375.599 32423.000
375.859 32160.000
376.118 32128.000
376.378 31793.000
376.637 31778.000
376.897 32083.000
377.156 31941.000
377.416 32099.000
377.675 32080.000
377.935 31797.000
378.194 31574.000
378.454 31611.000
378.713 31542.000
378.972 31459.000
379.232 31588.000
379.491 31377.000
379.751 31050.000
380.010 31076.000
380.270 30969.000
380.529 31016.000
380.789 30986.000
381.048 30849.000
381.308 30868.000
381.567 30704.000
381.827 30687.000
382.086 30585.000
382.346 30424.000
382.605 30426.000
382.865 30557.000
383.124 30592.000
383.383 30406.000
383.643 30408.000
383.902 30260.000
384.162 30280.000
384.421 30190.000
384.681 29998.000
384.940 30106.000
385.200 29803.000
385.459 29738.000
385.719 29623.000
385.978 29529.000
386.238 29384.000
386.497 29423.000
386.757 29304.000
387.016 29124.000
387.276 29126.000
387.535 29320.000
387.794 29304.000
388.054 29177.000
388.313 29142.000
388.573 29153.000
388.832 29076.000
389.092 29036.000
389.351 29055.000
389.611 28986.000
389.870 29378.000
390.130 28905.000
390.389 28645.000
390.649 28649.000
390.908 28665.000
391.168 28433.000
391.427 28194.000
391.686 28128.000
391.946 28134.000
392.205 28103.000
392.465 27940.000
392.724 27596.000
392.984 27738.000
393.243 27834.000
393.503 27523.000
393.762 27236.000
394.022 27485.000
394.281 27437.000
394.541 27286.000
394.800 27219.000
395.060 26997.000
395.319 27078.000
395.579 26917.000
395.838 26739.000
396.097 26742.000
396.357 26588.000
396.616 26475.000
396.876 26403.000
397.135 26619.000
397.395 26263.000
397.654 26235.000
397.914 26431.000
398.173 26358.000
398.433 26189.000
398.692 26073.000
398.952 26093.000
399.211 25851.000
399.471 25807.000
399.730 25571.000
399.990 25730.000
400.249 25684.000
400.508 25582.000
400.768 25501.000
401.027 25487.000
401.287 25349.000
401.546 25240.000
401.806 25272.000
402.065 25219.000
402.325 25104.000
402.584 25268.000
402.844 25052.000
403.103 24847.000
403.363 25194.000
403.622 24795.000
403.882 24619.000
404.141 24707.000
404.401 24878.000
404.660 24727.000
404.926 24633.000
405.193 24365.000
405.459 24142.000
405.726 24452.000
405.992 24412.000
406.259 24123.000
406.525 24226.000
406.792 24112.000
407.058 24059.000
407.325 24186.000
407.591 24012.000
407.858 23860.000
408.124 23962.000
408.391 23873.000
408.657 23688.000
408.924 23754.000
409.190 23782.000
409.457 23797.000
409.723 23642.000
409.990 23762.000
410.256 23576.000
410.523 23372.000
410.789 23597.000
411.056 23555.000
411.322 23526.000
411.589 23310.000
411.855 23251.000
412.122 23275.000
412.388 23385.000
412.655 23098.000
412.921 22907.000
413.188 22791.000
413.454 22924.000
413.721 23001.000
413.987 22807.000
414.254 22407.000
414.520 22364.000
414.787 22589.000
415.053 22648.000
415.320 22453.000
415.586 22464.000
415.853 22221.000
416.119 22435.000
416.386 22377.000
416.652 22325.000
416.919 22080.000
417.185 21929.000
417.452 21951.000
417.718 21945.000
417.985 21711.000
418.251 21873.000
418.518 21785.000
418.784 21530.000
419.051 21504.000
419.317 21556.000
419.584 21345.000
419.850 21344.000
420.117 21289.000
420.383 21172.000
420.650 20979.000
420.916 21061.000
421.183 21204.000
421.449 21045.000
421.716 20999.000
421.982 20948.000
422.249 20853.000
422.515 20714.000
422.782 20591.000
423.048 20672.000
423.315 20740.000
423.581 20434.000
423.848 20416.000
424.114 20507.000
424.381 20462.000
424.647 20360.000
424.914 20316.000
425.180 20160.000
425.447 20069.000
425.713 19923.000
425.980 19817.000
426.246 19769.000
426.513 19690.000
426.779 20004.000
427.046 19807.000
427.312 19678.000
427.579 19577.000
427.845 19596.000
428.112 19640.000
428.378 19553.000
428.645 19796.000
428.911 19480.000
429.178 19440.000
429.444 19407.000
429.711 19183.000
429.977 19287.000
430.244 19558.000
430.510 19313.000
430.777 19161.000
431.043 19385.000
431.310 19100.000
431.576 19261.000
431.843 19130.000
432.109 18859.000
432.376 18762.000
432.642 18950.000
432.909 18709.000
433.175 18618.000
433.442 18580.000
433.708 18761.000
433.975 18835.000
434.241 18873.000
434.508 18590.000
434.774 18396.000
435.041 18655.000
435.307 18560.000
435.574 18394.000
435.840 18434.000
436.110 18368.000
436.379 18145.000
436.649 17941.000
436.918 17725.000
437.188 18052.000
437.457 17918.000
437.727 17640.000
437.996 17828.000
438.266 17781.000
438.535 17605.000
438.805 17782.000
439.074 17627.000
439.344 17509.000
439.613 17357.000
439.883 17281.000
440.152 17218.000
440.422 17193.000
440.691 17182.000
440.961 17193.000
441.230 17069.000
441.500 16870.000
441.769 16942.000
442.039 16843.000
442.308 16703.000
442.578 16613.000
442.847 16779.000
443.117 16874.000
443.386 16583.000
443.656 16563.000
443.925 16199.000
444.195 16220.000
444.464 16323.000
444.734 16309.000
445.003 16124.000
445.273 16043.000
445.542 16074.000
445.812 16056.000
446.081 15897.000
446.351 15956.000
446.620 15961.000
446.890 15835.000
447.159 15861.000
447.429 15543.000
447.698 15486.000
447.968 15479.000
448.238 15613.000
448.507 15498.000
448.777 15440.000
449.046 15467.000
449.316 15294.000
449.585 15442.000
449.855 15405.000
450.124 15189.000
450.394 14950.000
450.663 15045.000
450.933 15036.000
451.202 14901.000
451.472 14872.000
451.741 14866.000
452.011 14671.000
452.280 14589.000
452.550 14650.000
452.819 14586.000
453.089 14618.000
453.358 14457.000
453.628 14312.000
453.897 14406.000
454.167 14288.000
454.436 14238.000
454.706 14320.000
454.975 14149.850
455.245 14153.846
455.514 14203.593
455.784 13925.150
456.053 13868.395
456.323 13856.431
456.592 13932.271
456.862 13700.199
457.131 13879.482
457.401 13869.522
457.670 13664.343
457.940 13660.359
458.209 13678.287
458.479 13409.363
458.748 13391.434
459.018 13350.598
459.287 13345.618
459.557 13538.845
459.826 13399.402
460.096 13344.622
460.366 13214.143
460.635 13116.650
460.905 13210.369
461.174 12883.234
461.444 12851.149
461.713 13030.969
461.983 12930.000
462.252 12840.841
462.522 12862.725
462.791 12725.176
463.061 12706.827
463.330 12651.256
463.600 12638.833
463.869 12649.547
464.139 12392.749
464.408 12626.008
464.678 12508.577
464.947 12305.752
465.217 12238.384
465.486 12153.691
465.756 12201.417
466.025 12096.251
466.295 11872.340
466.564 11889.452
466.834 12072.008
467.103 11993.909
467.373 11881.098
467.642 11921.668
467.912 11919.634
468.181 11835.031
468.451 11671.764
468.720 11702.345
468.990 11682.653
469.259 11662.245
469.529 11707.865
469.798 11546.476
470.068 11450.460
470.337 11299.285
470.607 11154.239
470.876 11235.955
471.146 11253.320
471.415 11164.286
471.685 11061.224
471.954 11120.408
472.224 11063.265
472.493 10771.429
472.763 10865.306
473.033 10797.959
473.302 10645.918
473.572 10547.959
473.841 10585.117
474.111 10498.471
474.380 10569.827
474.650 10380.224
474.919 10275.229
475.189 10148.676
475.458 10350.305
475.728 10312.627
475.997 10311.292
476.267 10232.960
476.536 10236.789
476.806 10024.365
477.075 9937.056
477.345 10081.136
477.614 9851.927
477.884 9823.708
478.153 9806.484
478.423 9686.930
478.692 9764.170
478.962 9480.769
479.231 9536.906
479.501 9541.962
479.770 9479.798
480.040 9335.354
480.309 9131.181
480.579 9315.524
480.848 9210.685
481.118 9139.980
481.387 9170.020
481.657 9114.573
481.926 8984.940
482.196 9024.096
482.465 9063.190
482.735 9103.310
483.004 8950.902
483.274 8841.683
483.543 8830.831
483.813 8701.000
484.082 8568.000
484.352 8553.447
484.621 8632.368
484.891 8421.158
485.161 8491.018
485.430 8495.513
485.700 8470.588
485.969 8375.498
486.239 8311.753
486.508 8353.586
486.778 8255.976
487.047 8167.331
487.317 8198.010
487.586 8124.378
487.856 7938.308
488.125 8096.517
488.395 8076.617
488.664 8100.498
488.934 8074.627
489.203 7962.151
489.473 7913.347
489.742 7820.717
490.012 7737.787
490.281 7702.891
490.551 7802.592
490.820 7723.553
491.090 7761.477
491.359 7668.332
491.629 7668.332
491.898 7608.392
492.168 7536.464
492.437 7498.000
492.707 7402.000
492.976 7361.361
493.246 7326.653
493.515 7306.921
493.785 7245.737
494.054 7308.233
494.324 7190.955
494.593 7086.432
494.863 7062.374
495.132 7130.916
495.402 7188.508
495.671 6978.831
495.941 6898.083
496.210 6989.899
496.480 6940.344
496.749 7057.634
497.019 6769.231
497.289 6853.239
497.558 6807.497
497.828 6786.004
498.097 6853.807
498.367 6836.382
498.636 6664.634
498.906 6511.699
499.175 6630.722
499.445 6551.935
499.714 6420.570
499.984 6444.444
500.253 6376.531
500.523 6286.735
500.792 6415.730
501.062 6408.580
501.331 6361.593
501.601 6174.847
501.870 6306.748
502.140 6122.699
502.409 6074.719
502.679 6096.213
502.948 6101.331
503.218 6019.467
503.487 6055.328
503.757 6051.282
504.026 6023.590
504.296 5911.795
504.565 5875.897
504.835 5877.949
505.104 5776.181
505.374 5870.637
505.643 5798.768
505.913 5655.704
506.182 5683.453
506.452 5623.844
506.721 5630.010
506.991 5615.226
507.260 5490.741
507.530 5513.374
507.799 5505.144
508.069 5439.300
508.338 5450.154
508.608 5442.505
508.877 5449.692
509.147 5393.846
509.416 5244.877
509.686 5186.094
509.956 5215.526
510.225 5243.878
510.495 5242.363
510.764 5142.421
511.034 5182.741
511.303 5154.002
511.573 4977.733
511.842 4826.263
512.112 4854.839
512.381 4889.336
512.651 4849.398
512.920 4707.415
513.190 4683.317
513.459 4658.026
513.729 4580.517
513.998 4599.206
514.268 4755.446
514.537 4811.451
514.807 4797.044
515.076 4646.018
515.346 4525.490
515.615 4475.073
515.885 4440.000
516.154 4328.140
516.424 4303.207
516.693 4329.777
516.963 4290.416
517.232 4250.242
517.502 4257.225
517.771 4223.077
518.041 4265.130
518.310 4238.734
518.580 4162.835
518.849 4130.019
519.119 4142.311
519.388 4187.023
519.658 4225.929
519.927 4068.571
520.197 3991.437
520.466 3990.494
520.736 3904.943
521.005 3918.329
521.275 3884.141
521.544 3936.372
521.814 3826.211
522.084 3828.110
522.353 3899.335
522.623 3775.878
522.892 3774.929
523.162 3726.496
523.431 3806.084
523.701 3796.578
523.970 3662.226
524.240 3580.400
524.509 3653.333
524.779 3573.333
525.048 3449.952
525.318 3550.048
525.587 3494.275
525.857 3422.159
526.126 3477.555
526.396 3508.604
526.665 3572.249
526.935 3420.498
527.204 3424.736
527.474 3349.328
527.743 3365.034
528.013 3368.269
528.282 3390.760
528.552 3371.869
528.821 3344.262
529.091 3342.664
529.360 3170.048
529.630 3117.988
529.899 3192.643
530.169 3297.193
530.438 3115.310
530.708 3193.986
530.977 3292.233
531.247 3057.282
531.516 3100.097
531.786 3208.171
532.055 3080.818
532.325 2967.836
532.594 3002.927
532.864 3063.477
533.133 3096.774
533.403 2919.765
533.672 2929.550
533.942 2934.314
534.212 2972.522
534.481 2905.697
534.751 2822.200
535.020 2922.321
535.290 2864.173
535.559 2691.929
535.829 2711.330
536.098 2816.568
536.368 2770.977
536.637 2745.311
536.907 2626.482
537.176 2665.020
537.446 2708.498
537.715 2595.450
537.985 2513.353
538.254 2545.545
538.524 2550.495
538.793 2593.069
539.063 2648.515
539.332 2600.595
539.602 2617.443
539.871 2594.648
540.141 2537.166
540.410 2400.396
540.680 2340.932
540.949 2498.513
541.219 2328.048
541.488 2365.709
541.758 2320.119
542.027 2258.672
542.297 2285.149
542.566 2322.772
542.836 2214.851
543.105 2261.386
543.375 2282.178
543.644 2205.941
543.914 2128.586
544.183 2075.173
544.453 2140.455
544.722 2136.499
544.992 2073.195
545.261 2039.526
545.531 2063.241
545.800 1952.569
546.070 2005.923
546.346 2024.655
546.622 2073.892
546.897 2033.465
547.173 2051.131
547.449 1963.618
547.725 1942.043
548.001 1914.622
548.276 1889.216
548.552 1874.510
548.828 1863.859
549.104 1919.687
549.380 1913.894
549.655 1891.389
549.931 1825.024
550.207 1827.148
550.483 1780.273
550.759 1786.341
551.034 1829.435
551.310 1709.552
551.586 1686.465
551.862 1706.913
552.138 1658.560
552.413 1619.650
552.689 1672.498
552.965 1659.864
553.241 1542.274
553.517 1659.223
553.793 1681.553
554.068 1565.049
554.344 1504.854
554.620 1559.651
554.896 1493.695
555.172 1418.041
555.447 1490.786
555.723 1518.914
555.999 1482.056
556.275 1476.237
556.551 1492.726
556.826 1351.115
557.102 1369.544
557.378 1441.319
557.654 1473.786
557.930 1424.272
558.205 1400.000
558.481 1426.214
558.757 1424.684
559.033 1401.361
559.309 1407.191
559.584 1413.994
559.860 1387.160
560.136 1372.568
560.412 1345.331
560.688 1297.955
560.963 1276.534
561.239 1454.191
561.515 1368.421
561.791 1267.057
562.067 1241.715
562.342 1263.415
562.618 1186.341
562.894 1173.828
563.170 1288.086
563.446 1208.984
563.721 1083.089
563.997 1137.830
564.273 1260.274
564.549 1228.208
564.825 1086.190
565.100 1081.293
565.376 1051.961
565.652 1041.176
565.928 1013.739
566.204 962.709
566.479 950.884
566.755 1000.000
567.031 989.184
567.307 1106.195
567.583 1126.969
567.858 1112.205
568.134 1049.213
568.410 895.567
568.686 1000.000
568.962 981.262
569.237 998.028
569.513 872.655
569.789 980.257
570.065 961.462
570.341 806.324
570.617 796.443
570.892 868.447
571.168 885.149
571.444 851.485
571.720 742.574
571.996 787.129
572.271 888.008
572.547 856.293
572.823 804.563
573.099 744.048
573.375 849.206
573.650 849.206
573.926 799.404
574.202 793.446
574.478 717.974
574.754 746.773
575.029 745.527
575.305 771.372
575.581 688.867
575.857 705.765
576.133 773.360
576.408 777.336
576.684 723.658
576.960 678.926
577.239 681.909
577.517 669.980
577.796 689.861
578.075 617.296
578.354 541.212
578.632 657.398
578.911 613.704
579.190 566.038
579.469 552.579
579.747 459.325
580.026 391.865
580.305 447.421
580.584 568.880
580.862 587.711
581.141 499.504
581.420 412.871
581.699 458.416
581.977 487.636
582.256 457.962
582.535 424.901
582.814 413.043
583.092 343.534
583.371 323.791
583.650 485.207
583.929 426.036
584.207 335.961
584.486 366.502
584.765 421.260
585.043 378.564
585.322 379.548
585.601 348.723
585.880 440.079
586.158 408.243
586.437 287.537
586.716 292.157
586.995 327.130
587.273 268.102
587.552 181.818
587.831 228.516
588.110 252.683
588.388 164.717
588.667 201.558
588.946 154.669
589.225 108.738
589.503 125.121
589.782 151.163
590.061 197.483
590.340 192.456
590.618 224.155
590.897 302.124
591.176 157.184
591.455 151.252
591.733 117.421
592.012 125.962
592.291 146.013
592.570 23.033
592.848 114.094
593.127 105.364
593.406 49.761
593.684 17.208
593.963 116.523
594.242 71.565
594.521 0.000
594.799 0.000
595.078 0.000
595.357 7.605
595.636 0.000
595.914 0.000
596.193 0.000
596.472 0.000
596.751 0.000
597.029 0.000
597.308 0.000
597.587 0.000
597.866 0.000
598.144 0.000
598.423 0.000
598.702 0.000
598.981 0.000
599.259 0.000
599.538 0.000
599.817 0.000
600.096 0.000
600.374 0.000
600.653 0.000
600.932 0.000
601.210 0.000
601.489 0.000
601.768 0.000
602.047 0.000
602.325 0.000
602.604 0.000
602.883 0.000
603.162 0.000
603.440 0.000
603.719 0.000
603.998 0.000
604.277 0.000
604.555 0.000
604.834 0.000
605.113 0.000
605.392 0.000
605.670 0.000
605.949 0.000
606.228 0.000
606.507 0.000
606.785 0.000
607.064 0.000
607.343 0.000
607.622 0.000
607.900 0.000
608.179 0.000
608.458 0.000
608.736 0.000
609.015 0.000
609.294 0.000
609.573 0.000
609.851 0.000
610.130 0.000
610.409 0.000
610.688 0.000
610.966 0.000
611.245 0.000
611.524 0.000
611.803 0.000
612.081 0.000
612.360 0.000
612.639 0.000
612.918 0.000
613.196 0.000
613.475 0.000
613.754 0.000
614.033 0.000
614.311 0.000
614.590 0.000
614.869 0.000
615.148 0.000
615.426 0.000
615.705 0.000
615.984 0.000
616.263 0.000
616.541 0.000
616.820 0.000
617.099 0.000
617.377 0.000
617.656 0.000
617.935 0.000
618.214 0.000
618.492 0.000
618.771 0.000
619.050 0.000
619.329 0.000
619.607 0.000
619.886 0.000
620.165 0.000
620.444 0.000
620.722 0.000
621.001 0.000
621.280 0.000
621.559 0.000
621.837 0.000
622.116 0.000
622.395 0.000
622.674 0.000
622.952 0.000
623.231 0.000
623.510 0.000
623.789 0.000
624.067 0.000
624.346 0.000
624.625 0.000
624.904 0.000
625.182 0.000
625.461 0.000
625.740 0.000
626.018 0.000
626.297 0.000
626.576 0.000
626.855 0.000
627.133 0.000
627.412 0.000
627.691 0.000
627.970 0.000
628.248 0.000
628.527 0.000
628.806 0.000
629.085 0.000
629.363 0.000
629.642 0.000
629.921 0.000
630.200 0.000
630.478 0.000
630.757 0.000
631.036 0.000
631.315 0.000
631.593 0.000
631.872 0.000
632.151 0.000
632.430 0.000
632.708 0.000
632.987 0.000
633.266 0.000
633.544 0.000
633.823 0.000
634.102 0.000
634.381 0.000
634.659 0.000
634.938 0.000
635.217 0.000
635.496 0.000
635.774 0.000
636.053 0.000
636.332 0.000
636.611 0.000
636.889 0.000
637.168 0.000
637.447 0.000
637.726 0.000
638.004 0.000
638.283 0.000
638.562 0.000
638.841 0.000
639.119 0.000
639.398 0.000
639.677 0.000
639.956 0.000
640.234 0.000
640.513 0.000
640.792 0.000
641.070 0.000
641.349 0.000
641.628 0.000
641.907 0.000
642.185 0.000
642.464 0.000
642.743 0.000
643.022 0.000
643.300 0.000
643.579 0.000
643.858 0.000
644.137 0.000
644.415 0.000
644.694 0.000
644.973 0.000
645.252 0.000
645.530 0.000
645.809 0.000
646.088 0.000
646.367 0.000
646.645 0.000
646.924 0.000
647.203 0.000
647.482 0.000
647.760 0.000
648.039 0.000
648.318 0.000
648.596 0.000
648.875 0.000
649.154 0.000
649.433 0.000
649.711 0.000
649.990 0.000
650.269 0.000
650.548 0.000
650.826 0.000
651.105 0.000
651.384 0.000
651.663 0.000
651.941 0.000
652.220 0.000
652.499 0.000
652.778 0.000
653.056 0.000
653.335 0.000
653.614 0.000
653.893 0.000
654.171 0.000
654.450 0.000
654.729 0.000
655.008 0.000
655.286 0.000
655.565 0.000
655.844 0.000
656.123 0.000
656.401 0.000
656.680 0.000
656.959 0.000
657.237 0.000
657.516 0.000
657.795 0.000
658.074 0.000
658.352 0.000
658.631 0.000
658.910 0.000
659.189 0.000
659.467 0.000
659.746 0.000
660.025 0.000
660.304 0.000
660.582 0.000
660.861 0.000
661.140 0.000
661.419 0.000
661.697 0.000
661.976 0.000
662.255 0.000
662.534 0.000
662.812 0.000
663.091 0.000
663.370 0.000
663.649 0.000
663.927 0.000
664.206 0.000
664.485 0.000
664.764 0.000
665.042 0.000
665.321 0.000
665.600 0.000
665.878 0.000
666.157 0.000
666.436 0.000
666.715 0.000
666.993 0.000
667.272 0.000
667.551 0.000
667.830 0.000
668.108 0.000
668.387 0.000
668.666 0.000
668.945 0.000
669.223 0.000
669.502 0.000
669.781 0.000
670.060 0.000
670.338 0.000
670.617 0.000
670.896 0.000
671.175 0.000
671.453 0.000
671.732 0.000
672.011 0.000
672.290 0.000
672.568 0.000
672.847 0.000
673.126 0.000
673.404 0.000
673.683 0.000
673.962 0.000
674.241 0.000
674.519 0.000
674.798 0.000
675.077 0.000
675.356 0.000
675.634 0.000
675.913 0.000
676.192 0.000
676.471 0.000
676.749 0.000
677.028 0.000
677.307 0.000
677.586 0.000
677.864 0.000
678.143 0.000
678.422 0.000
678.701 0.000
678.979 0.000
679.258 0.000
679.537 0.000
679.816 0.000
680.094 0.000
680.373 0.000
680.652 0.000
680.930 0.000
681.209 0.000
681.488 0.000
681.767 0.000
682.045 0.000
682.324 0.000
682.603 0.000
682.882 0.000
683.160 0.000
683.439 0.000
683.718 0.000
683.997 0.000
684.275 0.000
684.554 0.000
684.833 0.000
685.112 0.000
685.390 0.000
685.669 0.000
685.948 0.000
686.227 0.000
686.505 0.000
686.784 0.000
687.063 0.000
687.342 0.000
687.620 0.000
687.899 0.000
688.178 0.000
688.457 0.000
688.735 0.000
689.014 0.000
689.293 0.000
689.571 0.000
689.850 0.000
690.129 0.000
690.408 0.000
690.686 0.000
690.965 0.000
691.244 0.000
691.523 0.000
691.801 0.000
692.080 0.000
692.359 0.000
692.638 0.000
692.916 0.000
693.195 0.000
693.474 0.000
693.753 0.000
694.031 0.000
694.310 0.000
694.589 0.000
694.868 0.000
695.146 0.000
695.425 0.000
695.704 0.000
695.983 0.000
696.261 0.000
696.540 0.000
696.825 0.000
697.110 0.000
697.395 0.000
697.680 0.000
697.965 0.000
698.250 0.000
698.535 0.000
698.819 0.000
699.104 0.000
699.389 0.000
699.674 0.000
699.959 0.000
700.244 0.000
700.529 0.000
700.814 0.000
701.099 0.000
701.384 0.000
701.669 0.000
701.954 0.000
702.239 0.000
702.524 0.000
702.809 0.000
703.094 0.000
703.378 0.000
703.663 0.000
703.948 0.000
704.233 0.000
704.518 0.000
704.803 0.000
705.088 0.000
705.373 0.000
705.658 0.000
705.943 0.000
706.228 0.000
706.513 0.000
706.798 0.000
707.083 0.000
707.368 0.000
707.653 0.000
707.937 0.000
708.222 0.000
708.507 0.000
708.792 0.000
709.077 0.000
709.362 0.000
709.647 0.000
709.932 0.000
710.217 0.000
710.502 0.000
710.787 0.000
711.072 0.000
711.357 0.000
711.642 0.000
711.927 0.000
712.211 0.000
712.496 0.000
712.781 0.000
713.066 0.000
713.351 0.000
713.636 0.000
713.921 0.000
714.206 0.000
714.491 0.000
714.776 0.000
715.061 0.000
715.346 0.000
715.631 0.000
715.916 0.000
716.201 0.000
716.486 0.000
716.770 0.000
717.055 0.000
717.340 0.000
717.625 0.000
717.910 0.000
718.195 0.000
718.480 0.000
718.765 0.000
719.050 0.000
719.335 0.000
719.620 0.000
719.905 0.000
720.190 0.000
720.475 0.000
720.760 0.000
721.045 0.000
721.329 0.000
721.614 0.000
721.899 0.000
722.184 0.000
722.469 0.000
722.754 0.000
723.039 0.000
723.324 0.000
723.609 0.000
723.894 0.000
724.179 0.000
724.464 0.000
724.749 0.000
725.034 0.000
725.319 0.000
725.603 0.000
725.888 0.000
726.173 0.000
726.458 0.000
726.743 0.000
727.028 0.000
727.313 0.000
727.598 0.000
727.883 0.000
728.168 0.000
728.453 0.000
728.738 0.000
729.023 0.000
729.308 0.000
729.593 0.000
729.878 0.000
730.162 0.000
730.447 0.000
730.732 0.000
731.017 0.000
731.302 0.000
731.587 0.000
731.872 0.000
732.157 0.000
732.442 0.000
732.727 0.000
733.012 0.000
733.297 0.000
733.582 0.000
733.867 0.000
734.152 0.000
734.437 0.000
734.721 0.000
735.006 0.000
735.291 0.000
735.576 0.000
735.861 0.000
736.146 0.000
736.431 0.000
736.716 0.000
737.001 0.000
737.286 0.000
737.571 0.000
737.856 0.000
738.141 0.000
738.426 0.000
738.711 0.000
738.995 0.000
739.280 0.000
739.565 0.000
739.850 0.000
740.135 0.000
740.420 0.000
740.705 0.000
740.990 0.000
741.275 0.000
741.560 0.000
741.845 0.000
742.130 0.000
742.415 0.000
742.700 0.000
742.985 0.000
743.270 0.000
743.554 0.000
743.839 0.000
744.124 0.000
744.409 0.000
744.694 0.000
744.979 0.000
745.264 0.000
745.549 0.000
745.834 0.000
746.119 0.000
746.404 0.000
746.689 0.000
746.974 0.000
747.259 0.000
747.544 0.000
747.829 0.000
748.113 0.000
748.398 0.000
748.683 0.000
748.968 0.000
749.253 0.000
749.538 0.000
749.823 0.000
750.108 0.000
750.393 0.000
750.678 0.000
750.963 0.000
751.248 0.000
751.533 0.000
751.818 0.000
752.103 0.000
752.387 0.000
752.672 0.000
752.957 0.000
753.242 0.000
753.527 0.000
753.812 0.000
754.097 0.000
754.382 0.000
754.667 0.000
754.952 0.000
755.237 0.000
755.522 0.000
755.807 0.000
756.092 0.000
756.377 0.000
756.662 0.000
756.946 0.000
757.231 0.000
757.516 0.000
757.801 0.000
758.086 0.000
758.371 0.000
758.656 0.000
758.941 0.000
759.226 0.000
759.511 0.000
759.796 0.000
760.081 0.000
760.366 0.000
760.651 0.000
760.936 0.000
761.221 0.000
761.505 0.000
761.790 0.000
762.075 0.000
762.360 0.000
762.645 0.000
762.930 0.000
763.215 0.000
763.500 0.000
763.791 0.000
764.082 0.000
764.373 0.000
764.664 0.000
764.955 0.000
765.247 0.000
765.538 0.000
765.829 0.000
766.120 0.000
766.411 0.000
766.702 0.000
766.993 0.000
767.284 0.000
767.575 0.000
767.866 0.000
768.157 0.000
768.449 0.000
768.740 0.000
769.031 0.000
769.322 0.000
769.613 0.000
769.904 0.000
770.195 0.000
770.486 0.000
770.777 0.000
771.068 0.000
771.359 0.000
771.651 0.000
771.942 0.000
772.233 0.000
772.524 0.000
772.815 0.000
773.106 0.000
773.397 0.000
773.688 0.000
773.979 0.000
774.270 0.000
774.561 0.000
774.853 0.000
775.144 0.000
775.435 0.000
775.726 0.000
776.017 0.000
776.308 0.000
776.599 0.000
776.890 0.000
777.181 0.000
777.472 0.000
777.763 0.000
778.055 0.000
778.346 0.000
778.637 0.000
778.928 0.000
779.219 0.000
779.510 0.000
779.801 0.000
780.092 0.000
780.383 0.000
780.674 0.000
780.965 0.000
781.257 0.000
781.548 0.000
781.839 0.000
782.130 0.000
782.421 0.000
782.712 0.000
783.003 0.000
783.294 0.000
783.585 0.000
783.876 0.000
784.167 0.000
784.459 0.000
784.750 0.000
785.041 0.000
785.332 0.000
785.623 0.000
785.914 0.000
786.205 0.000
786.496 0.000
786.787 0.000
787.078 0.000
787.369 0.000
787.661 0.000
787.952 0.000
788.243 0.000
788.534 0.000
788.825 0.000
789.116 0.000
789.407 0.000
789.698 0.000
789.989 0.000
790.280 0.000
790.571 0.000
790.863 0.000
791.154 0.000
791.445 0.000
791.736 0.000
792.027 0.000
792.318 0.000
792.609 0.000
792.900 0.000
793.191 0.000
793.482 0.000
793.773 0.000
794.065 0.000
794.356 0.000
794.647 0.000
794.938 0.000
795.229 0.000
795.520 0.000
795.811 0.000
796.102 0.000
796.393 0.000
796.684 0.000
796.975 0.000
797.267 0.000
797.558 0.000
797.849 0.000
798.140 0.000
798.431 0.000
798.722 0.000
799.013 0.000
799.304 0.000
799.595 0.000
799.886 0.000
800.177 0.000
800.469 0.000
800.760 0.000
801.051 0.000
801.342 0.000
801.633 0.000
801.924 0.000
802.215 0.000
802.506 0.000
802.797 0.000
803.088 0.000
803.379 0.000
803.671 0.000
803.962 0.000
804.253 0.000
804.544 0.000
804.835 0.000
805.126 0.000
805.417 0.000
805.708 0.000
805.999 0.000
806.290 0.000
806.581 0.000
806.873 0.000
807.164 0.000
807.455 0.000
807.746 0.000
808.037 0.000
808.328 0.000
808.619 0.000
808.910 0.000
809.201 0.000
809.492 0.000
809.783 0.000
810.075 0.000
810.366 0.000
810.657 0.000
810.948 0.000
811.239 0.000
811.530 0.000
811.821 0.000
812.112 0.000
812.404 0.000
812.695 0.000
812.986 0.000
813.277 0.000
813.569 0.000
813.860 0.000
814.151 0.000
814.442 0.000
814.734 0.000
815.025 0.000
815.316 0.000
815.607 0.000
815.899 0.000
816.190 0.000
816.481 0.000
816.772 0.000
817.064 0.000
817.355 0.000
817.646 0.000
817.937 0.000
818.229 0.000
818.520 0.000
818.811 0.000
819.102 0.000
819.394 0.000
819.685 0.000
819.976 0.000
820.267 0.000
820.559 0.000
820.850 0.000
821.141 0.000
821.432 0.000
821.723 0.000
822.015 0.000
822.306 0.000
822.597 0.000
822.888 0.000
823.180 0.000
823.471 0.000
823.762 0.000
824.053 0.000
824.345 0.000
824.636 0.000
824.927 0.000
825.218 0.000
825.510 0.000
825.801 0.000
826.092 0.000
826.383 0.000
826.675 0.000
826.966 0.000
827.257 0.000
827.548 0.000
827.840 0.000
828.131 0.000
828.422 0.000
828.713 0.000
829.005 0.000
829.296 0.000
829.587 0.000
829.878 0.000
830.170 0.000
830.461 0.000
830.752 0.000
831.043 0.000
831.335 0.000
831.626 0.000
831.917 0.000
832.208 0.000
832.499 0.000
832.791 0.000
833.082 0.000
833.373 0.000
833.664 0.000
833.956 0.000
834.247 0.000
834.538 0.000
834.829 0.000
835.121 0.000
835.412 0.000
835.703 0.000
835.994 0.000
836.286 0.000
836.577 0.000
836.868 0.000
837.159 0.000
837.451 0.000
837.742 0.000
838.033 0.000
838.324 0.000
838.616 0.000
838.907 0.000
839.198 0.000
839.489 0.000
839.781 0.000
840.072 0.000
840.363 0.000
840.654 0.000
840.946 0.000
841.237 0.000
841.528 0.000
841.819 0.000
842.110 0.000
842.402 0.000
842.693 0.000
842.984 0.000
843.275 0.000
843.567 0.000
843.858 0.000
844.149 0.000
844.440 0.000
844.732 0.000
845.023 0.000
845.314 0.000
845.605 0.000
845.897 0.000
846.188 0.000
846.479 0.000
846.770 0.000
847.062 0.000
847.353 0.000
847.644 0.000
847.935 0.000
848.227 0.000
848.518 0.000
848.809 0.000
849.100 0.000
849.392 0.000
849.683 0.000
849.974 0.000
850.265 0.000
850.557 0.000
850.848 0.000
851.139 0.000
851.430 0.000
851.721 0.000
852.013 0.000
852.304 0.000
852.595 0.000
852.886 0.000
853.178 0.000
853.469 0.000
853.760 0.000
854.051 0.000
854.343 0.000
854.634 0.000
854.925 0.000
855.216 0.000
855.508 0.000
855.799 0.000
856.090 0.000
856.381 0.000
856.673 0.000
856.964 0.000
857.255 0.000
857.546 0.000
857.838 0.000
858.129 0.000
858.420 0.000
858.711 0.000
859.003 0.000
859.294 0.000
859.585 0.000
859.876 0.000
860.168 0.000
860.459 0.000
860.750 0.000
861.041 0.000
861.333 0.000
861.624 0.000
861.915 0.000
862.206 0.000
862.497 0.000
862.789 0.000
863.080 0.000
863.371 0.000
863.662 0.000
863.954 0.000
864.245 0.000
864.536 0.000
864.827 0.000
865.119 0.000
865.410 0.000
865.701 0.000
865.992 0.000
866.284 0.000
866.575 0.000
866.866 0.000
867.157 0.000
867.449 0.000
867.740 0.000
868.031 0.000
868.322 0.000
868.614 0.000
868.905 0.000
869.196 0.000
869.487 0.000
869.779 0.000
870.070 0.000
870.361 0.000
870.652 0.000
870.944 0.000
871.235 0.000
871.526 0.000
871.817 0.000
872.109 0.000
872.400 0.000
872.691 0.000
872.982 0.000
873.273 0.000
873.565 0.000
873.856 0.000
874.147 0.000
874.438 0.000
874.730 0.000
875.021 0.000
875.312 0.000
875.603 0.000
875.895 0.000
876.186 0.000
876.477 0.000
876.768 0.000
877.060 0.000
877.351 0.000
877.642 0.000
877.933 0.000
878.225 0.000
878.516 0.000
878.807 0.000
879.098 0.000
879.390 0.000
879.681 0.000
879.972 0.000
880.263 0.000
880.555 0.000
880.846 0.000
881.137 0.000
881.428 0.000
881.720 0.000
882.011 0.000
882.302 0.000
882.593 0.000
882.884 0.000
883.176 0.000
883.467 0.000
883.758 0.000
884.049 0.000
884.341 0.000
884.632 0.000
884.923 0.000
885.214 0.000
885.506 0.000
885.797 0.000
886.088 0.000
886.379 0.000
886.671 0.000
886.962 0.000
887.253 0.000
887.544 0.000
887.836 0.000
888.127 0.000
888.418 0.000
888.709 0.000
889.001 0.000
889.292 0.000
889.583 0.000
889.874 0.000
890.166 0.000
890.457 0.000
890.748 0.000
891.039 0.000
891.331 0.000
891.622 0.000
891.913 0.000
892.204 0.000
892.495 0.000
892.787 0.000
893.078 0.000
893.369 0.000
893.660 0.000
893.952 0.000
894.243 0.000
894.534 0.000
894.825 0.000
895.117 0.000
895.408 0.000
895.699 0.000
895.990 0.000
896.282 0.000
896.573 0.000
896.864 0.000
897.155 0.000
897.447 0.000
897.738 0.000
898.029 0.000
898.320 0.000
898.612 0.000
898.903 0.000
899.194 0.000
899.485 0.000
899.777 0.000
900.068 0.000
900.359 0.000
900.650 0.000
900.942 0.000
901.233 0.000
901.524 0.000
901.815 0.000
902.106 0.000
902.398 0.000
902.689 0.000
902.980 0.000
903.271 0.000
903.563 0.000
903.854 0.000
904.145 0.000
904.436 0.000
904.728 0.000
905.019 0.000
905.310 0.000
905.601 0.000
905.893 0.000
906.184 0.000
906.475 0.000
906.766 0.000
907.058 0.000
907.349 0.000
907.640 0.000
907.931 0.000
908.223 0.000
908.514 0.000
908.805 0.000
909.096 0.000
909.388 0.000
909.679 0.000
909.970 0.000
910.261 0.000
910.553 0.000
910.844 0.000
911.135 0.000
911.426 0.000
911.718 0.000
912.009 0.000
912.300 0.000
912.599 0.000
912.898 0.000
913.196 0.000
913.495 0.000
913.794 0.000
914.093 0.000
914.391 0.000
914.690 0.000
914.989 0.000
915.288 0.000
915.586 0.000
915.885 0.000
916.184 0.000
916.483 0.000
916.782 0.000
917.080 0.000
917.379 0.000
917.678 0.000
917.977 0.000
918.275 0.000
918.574 0.000
918.873 0.000
919.172 0.000
919.471 0.000
919.769 0.000
920.068 0.000
920.367 0.000
920.666 0.000
920.964 0.000
921.263 0.000
921.562 0.000
921.861 0.000
922.159 0.000
922.458 0.000
922.757 0.000
923.056 0.000
923.355 0.000
923.653 0.000
923.952 0.000
924.251 0.000
924.550 0.000
924.848 0.000
925.147 0.000
925.446 0.000
925.745 0.000
926.043 0.000
926.342 0.000
926.641 0.000
926.940 0.000
927.239 0.000
927.537 0.000
927.836 0.000
928.135 0.000
928.434 0.000
928.732 0.000
929.031 0.000
929.330 0.000
929.629 0.000
929.927 0.000
930.226 0.000
930.525 0.000
930.824 0.000
931.123 0.000
931.421 0.000
931.720 0.000
932.019 0.000
932.318 0.000
932.616 0.000
932.915 0.000
933.214 0.000
933.513 0.000
933.812 0.000
934.110 0.000
934.409 0.000
934.708 0.000
935.007 0.000
935.305 0.000
935.604 0.000
935.903 0.000
936.202 0.000
936.500 0.000
936.799 0.000
937.098 0.000
937.397 0.000
937.696 0.000
937.994 0.000
938.293 0.000
938.592 0.000
938.891 0.000
939.189 0.000
939.488 0.000
939.787 0.000
940.086 0.000
940.384 0.000
940.683 0.000
940.982 0.000
941.281 0.000
941.580 0.000
941.878 0.000
942.177 0.000
942.476 0.000
942.775 0.000
943.073 0.000
943.372 0.000
943.671 0.000
943.970 0.000
944.268 0.000
944.567 0.000
944.866 0.000
945.165 0.000
945.464 0.000
945.762 0.000
946.061 0.000
946.360 0.000
946.659 0.000
946.957 0.000
947.256 0.000
947.555 0.000
947.854 0.000
948.153 0.000
948.451 0.000
948.750 0.000
949.049 0.000
949.348 0.000
949.646 0.000
949.945 0.000
950.244 0.000
950.543 0.000
950.841 0.000
951.140 0.000
951.439 0.000
951.738 0.000
952.037 0.000
952.335 0.000
952.634 0.000
952.933 0.000
953.232 0.000
953.530 0.000
953.829 0.000
954.128 0.000
954.427 0.000
954.725 0.000
955.024 0.000
955.323 0.000
955.622 0.000
955.921 0.000
956.219 0.000
956.518 0.000
956.817 0.000
957.116 0.000
957.414 0.000
957.713 0.000
958.012 0.000
958.311 0.000
958.610 0.000
958.908 0.000
959.207 0.000
959.506 0.000
959.805 0.000
960.103 0.000
960.402 0.000
960.701 0.000
961.000 0.000
961.298 0.000
961.597 0.000
961.896 0.000
962.195 0.000
962.494 0.000
962.792 0.000
963.091 0.000
963.390 0.000
963.689 0.000
963.987 0.000
964.286 0.000
964.585 0.000
964.884 0.000
965.182 0.000
965.481 0.000
965.780 0.000
966.075 0.000
966.370 0.000
966.666 0.000
966.961 0.000
967.256 0.000
967.551 0.000
967.847 0.000
968.142 0.000
968.437 0.000
968.732 0.000
969.028 0.000
969.323 0.000
969.618 0.000
969.913 0.000
970.208 0.000
970.504 0.000
970.799 0.000
971.094 0.000
971.389 0.000
971.685 0.000
971.980 0.000
972.275 0.000
972.570 0.000
972.866 0.000
973.161 0.000
973.456 0.000
973.751 0.000
974.047 0.000
974.342 0.000
974.637 0.000
974.932 0.000
975.227 0.000
975.523 0.000
975.818 0.000
976.113 0.000
976.408 0.000
976.704 0.000
976.999 0.000
977.294 0.000
977.589 0.000
977.885 0.000
978.180 0.000
978.475 0.000
978.770 0.000
979.066 0.000
979.361 0.000
979.656 0.000
979.951 0.000
980.246 0.000
980.542 0.000
980.837 0.000
981.132 0.000
981.427 0.000
981.723 0.000
982.018 0.000
982.313 0.000
982.608 0.000
982.904 0.000
983.199 0.000
983.494 0.000
983.789 0.000
984.084 0.000
984.380 0.000
984.675 0.000
984.970 0.000
985.265 0.000
985.561 0.000
985.856 0.000
986.151 0.000
986.446 0.000
986.742 0.000
987.037 0.000
987.332 0.000
987.627 0.000
987.923 0.000
988.218 0.000
988.513 0.000
988.808 0.000
989.103 0.000
989.399 0.000
989.694 0.000
989.989 0.000
990.284 0.000
990.580 0.000
990.875 0.000
991.170 0.000
991.465 0.000
991.761 0.000
992.056 0.000
992.351 0.000
992.646 0.000
992.942 0.000
993.237 0.000
993.532 0.000
993.827 0.000
994.122 0.000
994.418 0.000
994.713 0.000
995.008 0.000
995.303 0.000
995.599 0.000
995.894 0.000
996.189 0.000
996.484 0.000
996.780 0.000
997.075 0.000
997.370 0.000
997.665 0.000
997.960 0.000
998.256 0.000
998.551 0.000
998.846 0.000
999.141 0.000
999.437 0.000
999.732 0.000
1000.027 0.000
1000.322 0.000
1000.618 0.000
1000.913 0.000
1001.208 0.000
1001.503 0.000
1001.799 0.000
1002.094 0.000
1002.389 0.000
1002.684 0.000
1002.979 0.000
1003.275 0.000
1003.570 0.000
1003.865 0.000
1004.160 0.000
1004.456 0.000
1004.751 0.000
1005.046 0.000
1005.341 0.000
1005.637 0.000
1005.932 0.000
1006.227 0.000
1006.522 0.000
1006.817 0.000
1007.113 0.000
1007.408 0.000
1007.703 0.000
1007.998 0.000
1008.294 0.000
1008.589 0.000
1008.884 0.000
1009.179 0.000
1009.475 0.000
1009.770 0.000
1010.065 0.000
1010.360 0.000
1010.656 0.000
1010.951 0.000
1011.246 0.000
1011.541 0.000
1011.836 0.000
1012.132 0.000
1012.427 0.000
1012.722 0.000
1013.017 0.000
1013.313 0.000
1013.608 0.000
1013.903 0.000
1014.198 0.000
1014.494 0.000
1014.789 0.000
1015.084 0.000
1015.379 0.000
1015.674 0.000
1015.970 0.000
1016.265 0.000
1016.560 0.000
1016.855 0.000
1017.151 0.000
1017.446 0.000
1017.741 0.000
1018.036 0.000
1018.332 0.000
1018.627 0.000
1018.922 0.000
1019.217 0.000
1019.513 0.000
1019.808 0.000
1020.103 0.000
1020.398 0.000
1020.693 0.000
1020.989 0.000
1021.284 0.000
1021.579 0.000
1021.874 0.000
1022.170 0.000
1022.465 0.000
1022.760 0.000
1023.055 0.000
1023.351 0.000
1023.646 0.000
1023.941 0.000
1024.236 0.000
1024.532 0.000
1024.827 0.000
1025.122 0.000
1025.417 0.000
1025.712 0.000
1026.008 0.000
1026.303 0.000
1026.598 0.000
1026.893 0.000
1027.189 0.000
1027.484 0.000
1027.779 0.000
1028.074 0.000
1028.370 0.000
1028.665 0.000
1028.960 0.000
1029.255 0.000
1029.550 0.000
1029.846 0.000
1030.141 0.000
1030.436 0.000
1030.731 0.000
1031.027 0.000
1031.322 0.000
1031.617 0.000
1031.912 0.000
1032.208 0.000
1032.503 0.000
1032.798 0.000
1033.093 0.000
1033.389 0.000
1033.684 0.000
1033.979 0.000
1034.274 0.000
1034.569 0.000
1034.865 0.000
1035.160 0.000
1035.455 0.000
1035.750 0.000
1036.046 0.000
1036.341 0.000
1036.636 0.000
1036.931 0.000
1037.227 0.000
1037.522 0.000
1037.817 0.000
1038.112 0.000
1038.407 0.000
1038.703 0.000
1038.998 0.000
1039.293 0.000
1039.588 0.000
1039.884 0.000
1040.179 0.000
1040.474 0.000
1040.769 0.000
1041.065 0.000
1041.360 0.000
1041.655 0.000
1041.950 0.000
1042.246 0.000
1042.541 0.000
1042.836 0.000
1043.131 0.000
1043.426 0.000
1043.722 0.000
1044.017 0.000
1044.312 0.000
1044.607 0.000
1044.903 0.000
1045.198 0.000
1045.493 0.000
1045.788 0.000
1046.084 0.000
1046.379 0.000
1046.674 0.000
1046.969 0.000
1047.264 0.000
1047.560 0.000
1047.855 0.000
1048.150 0.000
1048.445 0.000
1048.741 0.000
1049.036 0.000
1049.331 0.000
1049.626 0.000
1049.922 0.000
1050.217 0.000
1050.512 0.000
1050.807 0.000
1051.103 0.000
1051.398 0.000
1051.693 0.000
1051.988 0.000
1052.283 0.000
1052.579 0.000
1052.874 0.000
1053.169 0.000
1053.464 0.000
1053.760 0.000
1054.055 0.000
1054.350 0.000
1054.645 0.000
1054.941 0.000
1055.236 0.000
1055.531 0.000
1055.826 0.000
1056.122 0.000
1056.417 0.000
1056.712 0.000
1057.007 0.000
1057.302 0.000
1057.598 0.000
1057.893 0.000
1058.188 0.000
1058.483 0.000
1058.779 0.000
1059.074 0.000
1059.369 0.000
1059.664 0.000
1059.960 0.000
1060.255 0.000
1060.550 0.000
1060.845 0.000
1061.140 0.000
1061.436 0.000
1061.731 0.000
1062.026 0.000
1062.321 0.000
1062.617 0.000
1062.912 0.000
1063.207 0.000
1063.502 0.000
1063.798 0.000
1064.093 0.000
1064.388 0.000
1064.683 0.000
1064.978 0.000
1065.274 0.000
1065.569 0.000
1065.864 0.000
1066.159 0.000
1066.455 0.000
1066.750 0.000
1067.045 0.000
1067.340 0.000
1067.636 0.000
1067.931 0.000
1068.226 0.000
1068.521 0.000
1068.817 0.000
1069.112 0.000
1069.407 0.000
1069.702 0.000
1069.997 0.000
1070.293 0.000
1070.588 0.000
1070.883 0.000
1071.178 0.000
1071.474 0.000
1071.769 0.000
1072.064 0.000
1072.359 0.000
1072.655 0.000
1072.950 0.000
1073.245 0.000
1073.540 0.000
1073.836 0.000
1074.131 0.000
1074.426 0.000
1074.721 0.000
1075.016 0.000
1075.312 0.000
1075.607 0.000
1075.902 0.000
1076.197 0.000
1076.493 0.000
1076.788 0.000
1077.083 0.000
1077.378 0.000
1077.674 0.000
1077.969 0.000
1078.264 0.000
1078.559 0.000
1078.854 0.000
1079.150 0.000
1079.445 0.000
1079.740 0.000
1080.035 0.000
1080.331 0.000
1080.626 0.000
1080.921 0.000
1081.216 0.000
1081.512 0.000
1081.807 0.000
1082.102 0.000
1082.397 0.000
1082.693 0.000
1082.988 0.000
1083.283 0.000
1083.578 0.000
1083.873 0.000
1084.169 0.000
1084.464 0.000
1084.759 0.000
1085.054 0.000
1085.350 0.000
1085.645 0.000
1085.940 0.000
1086.235 0.000
1086.531 0.000
1086.826 0.000
1087.121 0.000
1087.416 0.000
1087.711 0.000
1088.007 0.000
1088.302 0.000
1088.597 0.000
1088.892 0.000
1089.188 0.000
1089.483 0.000
1089.778 0.000
1090.073 0.000
1090.369 0.000
1090.664 0.000
1090.959 0.000
1091.254 0.000
1091.550 0.000
1091.845 0.000
1092.140 0.000
1092.452 0.000
1092.764 0.000
1093.076 0.000
1093.388 0.000
1093.700 0.000
1094.012 0.000
1094.324 0.000
1094.636 0.000
1094.948 0.000
1095.260 0.000
1095.572 0.000
1095.884 0.000
1096.196 0.000
1096.508 0.000
1096.820 0.000
1097.132 0.000
1097.444 0.000
1097.756 0.000
1098.068 0.000
1098.380 0.000
1098.692 0.000
1099.004 0.000
1099.316 0.000
1099.628 0.000
1099.940 0.000
1100.252 0.000
1100.564 0.000
1100.877 0.000
1101.189 0.000
1101.501 0.000
1101.813 0.000
1102.125 0.000
1102.437 0.000
1102.749 0.000
1103.061 0.000
1103.373 0.000
1103.685 0.000
1103.997 0.000
1104.309 0.000
1104.621 0.000
1104.933 0.000
1105.245 0.000
1105.557 0.000
1105.869 0.000
1106.181 0.000
1106.493 0.000
1106.805 0.000
1107.117 0.000
1107.429 0.000
1107.741 0.000
1108.053 0.000
1108.365 0.000
1108.677 0.000
1108.989 0.000
1109.301 0.000
1109.613 0.000
1109.925 0.000
1110.237 0.000
1110.549 0.000
1110.861 0.000
1111.173 0.000
1111.485 0.000
1111.797 0.000
1112.109 0.000
1112.421 0.000
1112.733 0.000
1113.045 0.000
1113.357 0.000
1113.669 0.000
1113.981 0.000
1114.293 0.000
1114.605 0.000
1114.917 0.000
1115.229 0.000
1115.541 0.000
1115.853 0.000
1116.165 0.000
1116.477 0.000
1116.789 0.000
1117.101 0.000
1117.413 0.000
1117.725 0.000
1118.037 0.000
1118.349 0.000
1118.662 0.000
1118.974 0.000
1119.286 0.000
1119.598 0.000
1119.910 0.000
1120.222 0.000
1120.534 0.000
1120.846 0.000
1121.158 0.000
1121.470 0.000
1121.782 0.000
1122.094 0.000
1122.406 0.000
1122.718 0.000
1123.030 0.000
1123.342 0.000
1123.654 0.000
1123.966 0.000
1124.278 0.000
1124.590 0.000
1124.902 0.000
1125.214 0.000
1125.526 0.000
1125.838 0.000
1126.150 0.000
1126.462 0.000
1126.774 0.000
1127.086 0.000
1127.398 0.000
1127.710 0.000
1128.022 0.000
1128.334 0.000
1128.646 0.000
1128.958 0.000
1129.270 0.000
1129.582 0.000
1129.894 0.000
1130.206 0.000
1130.518 0.000
1130.830 0.000
1131.142 0.000
1131.454 0.000
1131.766 0.000
1132.078 0.000
1132.390 0.000
1132.702 0.000
1133.014 0.000
1133.326 0.000
1133.638 0.000
1133.950 0.000
1134.262 0.000
1134.574 0.000
1134.886 0.000
1135.198 0.000
1135.510 0.000
1135.822 0.000
1136.134 0.000
1136.447 0.000
1136.759 0.000
1137.071 0.000
1137.383 0.000
1137.695 0.000
1138.007 0.000
1138.319 0.000
1138.631 0.000
1138.943 0.000
1139.255 0.000
1139.567 0.000
1139.879 0.000
1140.191 0.000
1140.503 0.000
1140.815 0.000
1141.127 0.000
1141.439 0.000
1141.751 0.000
1142.063 0.000
1142.375 0.000
1142.687 0.000
1142.999 0.000
1143.311 0.000
1143.623 0.000
1143.935 0.000
1144.247 0.000
1144.559 0.000
1144.871 0.000
1145.183 0.000
1145.495 0.000
1145.807 0.000
1146.119 0.000
1146.431 0.000
1146.743 0.000
1147.055 0.000
1147.367 0.000
1147.679 0.000
1147.991 0.000
1148.303 0.000
1148.615 0.000
1148.927 0.000
1149.239 0.000
1149.551 0.000
1149.863 0.000
1150.175 0.000
1150.487 0.000
1150.799 0.000
1151.111 0.000
1151.423 0.000
1151.735 0.000
1152.047 0.000
1152.359 0.000
1152.671 0.000
1152.983 0.000
1153.295 0.000
1153.607 0.000
1153.920 0.000
1154.232 0.000
1154.544 0.000
1154.856 0.000
1155.168 0.000
1155.480 0.000
1155.792 0.000
1156.104 0.000
1156.416 0.000
1156.728 0.000
1157.040 0.000
1157.352 0.000
1157.664 0.000
1157.976 0.000
1158.288 0.000
1158.600 0.000
1158.912 0.000
1159.224 0.000
1159.536 0.000
1159.848 0.000
1160.160 0.000
1160.472 0.000
1160.784 0.000
1161.096 0.000
1161.408 0.000
1161.720 0.000
1162.032 0.000
1162.344 0.000
1162.656 0.000
1162.968 0.000
1163.280 0.000
1163.592 0.000
1163.904 0.000
1164.216 0.000
1164.528 0.000
1164.840 0.000
1165.152 0.000
1165.464 0.000
1165.776 0.000
1166.088 0.000
1166.400 0.000
1166.712 0.000
1167.024 0.000
1167.336 0.000
1167.648 0.000
1167.960 0.000
1168.272 0.000
1168.584 0.000
1168.896 0.000
1169.208 0.000
1169.520 0.000
1169.832 0.000
1170.144 0.000
1170.456 0.000
1170.768 0.000
1171.080 0.000
1171.392 0.000
1171.705 0.000
1172.017 0.000
1172.329 0.000
1172.641 0.000
1172.953 0.000
1173.265 0.000
1173.577 0.000
1173.889 0.000
1174.201 0.000
1174.513 0.000
1174.825 0.000
1175.137 0.000
1175.449 0.000
1175.761 0.000
1176.073 0.000
1176.385 0.000
1176.697 0.000
1177.009 0.000
1177.321 0.000
1177.633 0.000
1177.945 0.000
1178.257 0.000
1178.569 0.000
1178.881 0.000
1179.193 0.000
1179.505 0.000
1179.817 0.000
1180.129 0.000
1180.441 0.000
1180.753 0.000
1181.065 0.000
1181.377 0.000
1181.689 0.000
1182.001 0.000
1182.313 0.000
1182.625 0.000
1182.937 0.000
1183.249 0.000
1183.561 0.000
1183.873 0.000
1184.185 0.000
1184.497 0.000
1184.809 0.000
1185.121 0.000
1185.433 0.000
1185.745 0.000
1186.057 0.000
1186.369 0.000
1186.681 0.000
1186.993 0.000
1187.305 0.000
1187.617 0.000
1187.929 0.000
1188.241 0.000
1188.553 0.000
1188.865 0.000
1189.178 0.000
1189.490 0.000
1189.802 0.000
1190.114 0.000
1190.426 0.000
1190.738 0.000
1191.050 0.000
1191.362 0.000
1191.674 0.000
1191.986 0.000
1192.298 0.000
1192.610 0.000
1192.922 0.000
1193.234 0.000
1193.546 0.000
1193.858 0.000
1194.170 0.000
1194.482 0.000
1194.794 0.000
1195.106 0.000
1195.418 0.000
1195.730 0.000
1196.042 0.000
1196.354 0.000
1196.666 0.000
1196.978 0.000
1197.290 0.000
1197.602 0.000
1197.914 0.000
1198.226 0.000
1198.538 0.000
1198.850 0.000
1199.162 0.000
1199.474 0.000
1199.786 0.000
1200.098 0.000
