wl hlf
177.811 365.484
178.065 -55.940
178.318 472.644
178.572 822.236
178.826 211.835
179.079 -141.557
179.333 431.058
179.587 792.682
179.840 852.312
180.094 264.950
180.347 361.596
180.601 702.249
180.855 260.909
181.108 82.577
181.362 716.251
181.616 782.933
181.869 124.622
182.123 -241.682
182.377 424.020
182.630 633.730
182.884 243.446
183.137 -4.831
183.391 429.898
183.645 1296.634
183.898 664.376
184.152 24.125
184.406 585.880
184.659 1041.642
184.913 397.409
185.167 121.183
185.420 352.962
185.674 1068.748
185.928 550.539
186.181 -23.664
186.435 475.139
186.688 824.948
186.942 403.762
187.196 -31.418
187.449 366.407
187.703 787.238
187.957 255.074
188.210 -79.085
188.464 230.761
188.718 1109.613
188.971 380.469
189.225 -150.669
189.479 366.197
189.732 567.068
189.986 210.944
190.239 -9.175
190.493 579.710
190.747 947.600
191.000 534.495
191.254 -15.607
191.508 797.297
191.761 1091.204
192.015 243.116
192.269 -68.969
192.522 578.951
192.776 746.875
193.030 375.803
193.283 76.735
193.537 687.670
193.790 765.610
194.044 99.553
194.298 -17.500
194.551 976.450
194.805 1475.403
195.059 440.361
195.312 -74.679
195.566 498.285
195.820 842.252
196.073 198.222
196.327 -56.804
196.581 552.172
196.834 1148.152
197.088 333.134
197.341 19.119
197.595 669.107
197.849 943.098
198.102 526.091
198.356 259.087
198.610 386.086
198.863 774.087
199.117 535.091
199.371 79.097
199.624 431.105
199.878 937.115
200.132 569.128
200.385 20.143
200.639 541.160
200.892 976.179
201.146 335.200
201.400 -21.777
201.653 530.247
201.907 940.274
202.161 379.302
202.414 -79.668
202.668 632.364
202.922 1002.397
203.175 464.432
203.429 86.468
203.683 916.505
203.936 1389.544
204.190 481.584
204.443 771.626
204.697 1351.668
204.951 1125.712
205.204 368.757
205.458 15.803
205.712 992.850
205.965 1340.898
206.219 502.946
206.473 81.996
206.726 562.046
206.980 1237.097
207.233 550.149
207.487 -65.798
207.741 574.254
207.994 989.308
208.248 601.362
208.502 232.416
208.755 827.471
209.009 1296.526
209.263 1063.582
209.516 325.637
209.770 703.693
210.024 1228.749
210.277 483.806
210.531 8.862
210.784 573.918
211.038 903.974
211.292 432.030
211.545 163.086
211.799 1087.142
212.053 1525.198
212.306 769.253
212.560 222.309
212.814 708.363
213.067 815.418
213.321 386.472
213.575 180.525
213.828 809.579
214.082 1585.631
214.335 790.683
214.589 165.734
214.843 743.785
215.096 1618.835
215.350 792.884
215.604 220.933
215.857 642.981
216.111 1123.027
216.365 499.073
216.618 29.118
216.872 622.162
217.126 1107.206
217.379 693.248
217.633 188.289
217.886 543.328
218.140 1081.367
218.394 563.405
218.647 133.441
218.901 735.476
219.155 991.510
219.408 442.542
219.662 193.574
219.916 539.603
220.169 1005.632
220.423 588.659
220.677 164.684
220.930 640.708
221.184 1030.730
221.437 481.751
221.691 51.770
221.945 749.788
222.198 1287.804
222.452 678.818
222.706 325.831
222.959 742.841
223.213 1028.850
223.467 437.857
223.720 172.863
223.974 663.866
224.228 998.868
224.481 634.867
224.735 305.865
224.988 815.861
225.242 1525.855
225.496 789.846
225.749 797.836
226.003 1115.824
226.257 1150.809
226.510 542.792
226.764 739.774
227.018 1146.753
227.271 1181.729
227.525 581.704
227.779 251.676
228.032 763.646
228.286 1387.614
228.539 720.579
228.793 251.543
229.047 793.503
229.300 1668.462
229.554 1295.418
229.808 467.371
230.061 1004.322
230.315 1401.271
230.569 722.217
230.822 282.160
231.076 929.101
231.330 1205.040
231.583 566.976
231.837 306.909
232.090 868.840
232.344 1438.768
232.598 756.693
232.851 420.616
233.105 957.536
233.359 2046.454
233.612 1022.368
233.866 278.280
234.120 883.190
234.373 1628.096
234.627 731.000
234.880 294.900
235.134 977.798
235.388 1597.694
235.641 836.586
235.895 177.475
236.149 666.362
236.402 1143.246
236.656 645.126
236.910 198.004
237.163 990.879
237.417 1404.751
237.671 689.620
237.924 252.486
238.178 825.349
238.431 1204.209
238.685 581.066
238.939 294.920
239.192 772.771
239.446 1549.619
239.700 774.464
239.953 166.305
240.207 944.144
240.461 1182.979
240.714 578.812
240.968 257.641
241.222 1057.467
241.475 966.290
241.729 400.110
241.982 261.927
242.236 1112.740
242.490 1498.550
242.743 769.357
242.997 1177.161
243.251 1268.962
243.504 1264.759
243.758 666.554
244.012 313.344
244.265 1510.132
244.519 1650.917
244.773 676.698
245.026 272.476
245.280 763.250
245.533 1291.022
245.787 848.790
246.041 433.554
246.294 1095.316
246.548 1357.074
246.802 683.829
247.055 365.580
247.309 1186.328
247.563 937.073
247.816 364.814
248.070 371.552
248.324 1354.287
248.577 1591.018
248.831 707.746
249.084 255.471
249.338 672.192
249.592 1346.910
249.845 828.624
250.099 642.335
250.353 1276.042
250.606 1403.747
250.860 789.447
251.114 385.145
251.367 1100.838
251.621 1429.529
251.875 785.216
252.128 893.900
252.382 1336.580
252.635 1369.256
252.889 782.930
253.143 349.600
253.396 840.266
253.650 1243.929
253.904 695.588
254.159 392.244
254.413 1052.897
254.667 1610.546
254.922 1208.192
255.176 1121.834
255.431 1251.473
255.685 1053.108
255.939 628.740
256.194 303.368
256.448 1093.993
256.702 1531.614
256.957 779.232
257.211 520.846
257.465 1140.457
257.720 2262.065
257.974 1339.669
258.228 645.269
258.483 1130.866
258.737 1328.460
258.992 755.050
259.246 333.636
259.500 737.219
259.755 1396.799
260.009 839.375
260.263 503.947
260.518 1132.517
260.772 1254.082
261.026 742.644
261.281 432.203
261.535 1094.758
261.789 1455.310
262.044 791.858
262.298 592.403
262.553 1104.944
262.807 1388.482
263.061 708.016
263.316 394.547
263.570 1196.075
263.824 1380.599
264.079 760.119
264.333 418.636
264.587 1128.150
264.842 2110.660
265.096 1181.166
265.351 988.670
265.605 1135.169
265.859 1384.665
266.114 779.158
266.368 388.648
266.622 943.134
266.877 1175.616
267.131 776.095
267.385 698.571
267.640 1147.043
267.894 1446.511
268.148 842.977
268.403 432.438
268.657 879.897
268.912 1507.352
269.166 849.803
269.420 529.252
269.675 1153.696
269.929 1292.138
270.183 786.575
270.438 567.010
270.692 1396.441
270.946 1337.869
271.201 1400.293
271.455 1031.714
271.709 1220.132
271.964 1651.546
272.218 800.956
272.473 351.364
272.727 1043.768
272.981 1450.169
273.236 886.566
273.490 502.960
273.744 737.350
273.999 1279.738
274.253 765.121
274.507 429.502
274.762 1077.879
275.016 1531.253
275.271 1000.624
275.525 613.991
275.779 921.355
276.034 1321.715
276.288 870.072
276.542 568.426
276.797 1217.777
277.051 1512.124
277.305 1254.468
277.560 815.809
277.814 1226.147
278.068 1380.481
278.323 865.812
278.577 687.140
278.832 1362.464
279.086 1606.785
279.340 1289.103
279.595 713.418
279.849 1183.729
280.103 1533.037
280.358 1073.342
280.612 655.644
280.866 1157.942
281.121 1442.237
281.375 815.529
281.629 528.818
281.884 1274.104
282.138 1756.386
282.393 904.665
282.647 524.942
282.901 1171.214
283.156 1534.484
283.410 1111.751
283.664 648.014
283.919 1194.274
284.173 1600.531
284.427 980.785
284.682 589.036
284.936 1067.283
285.191 1525.528
285.445 947.769
285.699 538.008
285.954 1125.243
286.208 1583.475
286.462 989.704
286.717 504.930
286.971 1352.152
287.225 1987.372
287.480 1088.588
287.734 472.802
287.988 1169.012
288.243 1750.220
288.497 953.424
288.752 554.625
289.006 1380.824
289.260 1469.019
289.515 796.211
289.769 547.400
290.023 1255.586
290.278 1478.769
290.532 987.950
290.786 498.127
291.041 1191.301
291.295 1583.472
291.549 905.640
291.804 614.805
292.058 1242.968
292.313 1687.127
292.567 1052.283
292.821 683.436
293.076 1336.587
293.330 1743.734
293.584 1482.879
293.839 872.020
294.093 970.159
294.347 1547.295
294.602 1019.428
294.856 584.558
295.111 857.685
295.365 1360.809
295.619 907.930
295.874 613.049
296.128 1197.164
296.382 1509.277
296.637 1050.387
296.891 604.494
297.145 1273.598
297.400 2291.700
297.654 1372.798
297.908 557.894
298.163 1073.987
298.417 1616.077
298.672 1011.164
298.926 652.248
299.180 1279.330
299.435 1604.409
299.689 837.485
299.943 432.558
300.198 1098.629
300.452 1617.697
300.706 1013.762
300.961 822.824
301.215 1315.884
301.469 1719.940
301.724 1083.994
301.978 731.046
302.233 1320.095
302.487 1799.141
302.741 1170.184
302.996 669.224
303.250 1246.262
303.504 1886.297
303.759 1155.330
304.013 750.360
304.267 1629.387
304.522 1801.412
304.776 973.433
305.031 497.453
305.285 1113.469
305.539 1503.483
305.794 947.495
306.048 670.503
306.302 1446.510
306.557 1604.513
306.811 1040.514
307.065 731.512
307.320 1205.508
307.574 1399.501
307.828 994.492
308.083 770.480
308.337 1188.465
308.592 1678.448
308.846 1212.429
309.100 719.406
309.355 1247.382
309.609 1541.355
309.863 1020.325
310.118 577.293
310.372 1184.258
310.626 1582.221
310.881 1101.181
311.135 831.139
311.389 1442.094
311.644 1762.047
311.898 1005.997
312.153 722.945
312.407 1484.890
312.661 1683.833
312.916 1012.774
313.170 622.712
313.429 1060.647
313.688 1506.580
313.947 1050.511
314.206 642.440
314.465 1260.366
314.724 1511.289
314.983 902.210
315.242 729.129
315.501 1129.046
315.760 1399.960
316.019 1091.871
316.278 708.781
316.536 1186.687
316.795 1602.592
317.054 1008.494
317.313 1540.394
317.572 1798.292
317.831 1607.187
318.090 1052.080
318.349 790.971
318.608 1679.859
318.867 1937.745
319.126 1452.629
319.385 944.510
319.644 1607.389
319.903 1783.266
320.162 1044.141
320.421 675.013
320.680 1268.883
320.939 1859.751
321.198 1217.616
321.457 738.480
321.716 1272.341
321.975 1833.200
322.234 1363.056
322.493 931.911
322.752 1498.763
323.010 1982.613
323.269 1458.461
323.528 930.306
323.787 1348.150
324.046 1183.991
324.305 905.830
324.564 838.667
324.823 1272.502
325.082 1420.334
325.341 982.165
325.600 792.993
325.859 1385.819
326.118 1532.643
326.377 1055.465
326.636 804.285
326.895 1901.103
327.154 2172.918
327.413 1187.732
327.672 763.543
327.931 1787.352
328.190 2178.159
328.449 1620.964
328.708 998.767
328.967 1448.568
329.226 1788.367
329.485 1524.164
329.743 1556.959
330.002 2363.752
330.261 2198.542
330.520 1282.331
330.779 902.118
331.038 1335.902
331.297 1478.685
331.556 986.465
331.815 722.244
332.074 1262.020
332.333 1811.795
332.592 1226.567
332.851 789.338
333.110 1289.107
333.369 1657.873
333.628 1048.638
333.887 1249.401
334.146 1700.161
334.405 2117.920
334.664 1450.677
334.923 773.432
335.182 1499.185
335.441 1760.936
335.700 1265.685
335.959 971.432
336.217 1421.177
336.476 1872.921
336.735 1334.662
336.994 934.402
337.253 1484.139
337.512 1787.875
337.771 1401.609
338.030 1088.341
338.289 1834.071
338.548 1856.800
338.807 1112.526
339.066 949.251
339.325 1375.973
339.584 1707.694
339.843 1177.413
340.102 832.130
340.361 1090.846
340.620 1738.559
340.879 1534.271
341.138 1105.981
341.397 1422.689
341.656 1523.395
341.915 1124.100
342.174 1416.803
342.433 1414.504
342.691 1700.203
342.950 1283.900
343.209 817.596
343.468 1693.289
343.727 1841.982
343.986 1144.672
344.245 870.360
344.504 1776.047
344.763 2189.732
345.022 1250.416
345.281 840.097
345.540 1563.777
345.799 1862.455
346.058 1364.132
346.317 1048.806
346.576 1827.479
346.835 1795.151
347.094 1060.820
347.353 760.488
347.612 1315.154
347.871 2001.819
348.130 1593.482
348.389 1100.143
348.648 1724.802
348.907 1859.460
349.166 1125.116
349.424 798.771
349.683 1103.424
349.942 1840.075
350.201 1564.725
350.460 1409.373
350.719 1845.019
350.978 1900.664
351.237 1289.307
351.496 908.948
351.755 1668.588
352.014 2057.226
352.273 1209.863
352.532 960.498
352.791 1976.131
353.050 2025.763
353.309 1177.393
353.568 837.022
353.827 1413.649
354.086 2124.275
354.345 2050.899
354.604 1368.521
354.863 1935.142
355.122 2387.761
355.381 2026.379
355.640 1444.995
355.898 2603.610
356.157 3343.223
356.416 2180.835
356.675 2054.445
356.934 2234.053
357.193 2634.660
357.452 2356.266
357.711 1951.870
357.970 2536.472
358.229 2507.073
358.488 2241.673
358.747 1421.271
359.006 1938.867
359.265 2907.462
359.524 1924.056
359.783 1594.648
360.042 1820.239
360.301 2821.828
360.560 2107.416
360.819 1878.002
361.078 2067.587
361.337 2579.170
361.596 2331.752
361.855 1842.332
362.114 2663.911
362.372 3050.489
362.631 1982.065
362.890 1910.640
363.149 2574.213
363.408 3165.785
363.667 2553.355
363.926 2074.924
364.185 2570.492
364.444 3051.058
364.703 2271.623
364.962 2352.187
365.221 3414.749
365.480 3444.309
365.739 2896.869
365.999 2673.427
366.258 2894.983
366.518 2940.538
366.777 2456.092
367.037 2641.645
367.296 3124.196
367.556 3403.746
367.815 3078.294
368.075 2782.841
368.334 3129.387
368.594 3400.931
368.853 3013.474
369.113 2647.016
369.372 3215.556
369.632 3489.095
369.891 2902.633
370.150 2506.170
370.410 3353.705
370.669 3790.239
370.929 2954.771
371.188 2802.302
371.448 3491.832
371.707 4358.361
371.967 3548.888
372.226 3026.414
372.486 4139.939
372.745 4467.463
373.005 3786.985
373.264 2924.506
373.524 3649.026
373.783 3917.544
374.043 3833.061
374.302 3565.577
374.561 3980.092
374.821 4039.605
375.080 3533.118
375.340 3717.628
375.599 4256.138
375.859 4543.647
376.118 3741.154
376.378 3466.660
376.637 4350.165
376.897 4553.668
377.156 3861.171
377.416 3566.672
377.675 3952.172
377.935 4461.671
378.194 4176.168
378.454 3994.664
378.713 4587.160
378.972 4759.654
379.232 4251.146
379.491 3942.638
379.751 4497.128
380.010 4893.618
380.270 4222.106
380.529 3900.592
380.789 4744.078
381.048 4936.563
381.308 4357.046
381.567 4112.528
381.827 4757.009
382.086 4686.489
382.346 4276.968
382.605 4086.446
382.865 4796.922
383.124 5307.398
383.383 4878.872
383.643 4865.345
383.902 5219.817
384.162 5410.288
384.421 4594.757
384.681 4824.226
384.940 5682.694
385.200 5733.160
385.459 5096.625
385.719 4596.089
385.978 5000.552
386.238 5298.014
386.497 4928.475
386.757 4576.935
387.016 5506.394
387.276 5933.851
387.535 5344.308
387.794 5152.763
388.054 5519.217
388.313 5944.671
388.573 5194.123
388.832 4890.574
389.092 5530.024
389.351 5798.473
389.611 5229.921
389.870 5302.368
390.130 5926.814
390.389 6275.259
390.649 5611.702
390.908 5087.145
391.168 5995.587
391.427 6699.027
391.686 6082.467
391.946 5511.905
392.205 5915.343
392.465 6188.779
392.724 5654.215
392.984 5722.649
393.243 6477.083
393.503 6646.515
393.762 5947.947
394.022 5400.377
394.281 5700.806
394.541 5584.235
394.800 5595.662
395.060 5585.088
395.319 6215.514
395.579 6350.938
395.838 5732.362
396.097 5780.784
396.357 6734.206
396.616 6623.626
396.876 6105.045
397.135 5831.464
397.395 6033.881
397.654 6591.298
397.914 6672.714
398.173 6332.128
398.433 6829.542
398.692 6865.955
398.952 6363.366
399.211 5932.777
399.471 6697.187
399.730 6750.596
399.990 6475.004
400.249 6202.411
400.508 6499.817
400.768 6640.222
401.027 6291.626
401.287 6445.030
401.546 6841.432
401.806 7123.833
402.065 6961.234
402.325 6512.633
402.584 7538.032
402.844 7608.430
403.103 6668.826
403.363 6987.222
403.622 6926.617
403.882 7186.011
404.141 6933.405
404.401 6982.797
404.660 7311.188
404.926 7381.579
405.193 6935.968
405.459 6604.357
405.726 6979.745
405.992 7180.132
406.259 6733.518
406.525 6558.903
406.792 7421.287
407.058 7946.671
407.325 7153.053
407.591 6873.435
407.858 7240.816
408.124 7718.196
408.391 7008.575
408.657 6677.953
408.924 7373.330
409.190 7677.707
409.457 7554.082
409.723 7094.457
409.990 7569.831
410.256 8068.204
410.523 7235.576
410.789 6916.948
411.056 7576.318
411.322 7795.688
411.589 7143.057
411.855 7099.425
412.122 7757.792
412.388 7956.158
412.655 7350.524
412.921 6997.889
413.188 7699.253
413.454 8468.616
413.721 7435.978
413.987 7067.339
414.254 7193.700
414.520 7593.060
414.787 7206.419
415.053 7332.777
415.320 8221.135
415.586 8696.491
415.853 7794.847
416.119 7290.202
416.386 7956.556
416.652 7956.910
416.919 7608.262
417.185 7173.614
417.452 8023.965
417.718 8636.315
417.985 7765.665
418.251 7346.014
418.518 7910.362
418.784 8027.709
419.051 7622.055
419.317 7390.401
419.584 8064.746
419.850 8433.090
420.117 7700.433
420.383 7210.776
420.650 7735.117
420.916 8363.458
421.183 7741.799
421.449 7427.138
421.716 8214.477
421.982 8506.815
422.249 7887.152
422.515 7794.489
422.782 8443.825
423.048 8542.160
423.315 8249.494
423.581 7785.828
423.848 8702.160
424.114 9138.493
424.381 7996.824
424.647 7915.155
424.914 8513.484
425.180 8638.814
425.447 8153.142
425.713 7854.470
425.980 8706.797
426.246 9308.123
426.513 8268.449
426.779 7599.774
427.046 7960.098
427.312 8570.421
427.579 8014.744
427.845 7754.066
428.112 8362.387
428.378 8698.708
428.645 8782.028
428.911 8030.347
429.178 8296.666
429.444 8595.983
429.711 8140.301
429.977 7597.617
430.244 8552.933
430.510 8921.248
430.777 8372.562
431.043 8018.876
431.310 8580.189
431.576 8698.501
431.843 8486.813
432.109 7946.124
432.376 8205.434
432.642 8725.744
432.909 8294.053
433.175 7939.361
433.442 8267.669
433.708 8958.976
433.975 8882.282
434.241 8336.588
434.508 8665.893
434.774 9014.197
435.041 8548.501
435.307 7948.804
435.574 8105.106
435.840 8835.408
436.110 8758.709
436.379 8370.009
436.649 8844.309
436.918 9065.608
437.188 8768.907
437.457 8250.204
437.727 8434.502
437.996 8798.798
438.266 8094.094
438.535 7974.389
438.805 8760.684
439.074 8862.978
439.344 8456.271
439.613 8103.564
439.883 8379.856
440.152 8990.148
440.422 8450.439
440.691 8112.729
440.961 8405.019
441.230 8583.308
441.500 8187.596
441.769 7822.884
442.039 8313.171
442.308 8609.458
442.578 8486.744
442.847 8085.029
443.117 8897.314
443.386 8760.598
443.656 8120.882
443.925 7823.165
444.195 8736.447
444.464 9000.729
444.734 8191.010
445.003 7751.290
445.273 8545.570
445.542 9096.850
445.812 8353.129
446.081 8149.407
446.351 8962.684
446.620 9088.962
446.890 8226.238
447.159 7877.514
447.429 8529.789
447.698 8700.064
447.968 8212.338
448.238 8114.612
448.507 8732.885
448.777 8917.157
449.046 8334.429
449.316 8230.700
449.585 8689.971
449.855 8876.241
450.124 8382.510
450.394 8040.779
450.663 8584.048
450.933 9063.316
451.202 8309.583
451.472 8073.850
451.741 8842.116
452.011 8689.382
452.280 7928.647
452.550 7822.911
452.819 8258.175
453.089 8905.439
453.358 8411.702
453.628 7904.964
453.897 8373.226
454.167 8436.487
454.436 8147.748
454.706 7769.008
454.975 8373.894
455.245 8953.573
455.514 8437.910
455.784 7675.692
456.053 8297.409
456.323 8598.762
456.592 7977.903
456.862 8029.950
457.131 8760.285
457.401 8884.044
457.670 8077.525
457.940 7942.319
458.209 8512.293
458.479 9072.305
458.748 8361.401
459.018 7566.831
459.287 8128.835
459.557 8627.092
459.826 8673.158
460.096 8746.116
460.366 8465.488
460.635 8541.972
460.905 8353.785
461.174 7674.744
461.444 8326.015
461.713 8613.974
461.983 7840.834
462.252 7382.462
462.522 8079.483
462.791 8386.729
463.061 7747.804
463.330 7939.755
463.600 8519.416
463.869 8596.719
464.139 7825.564
464.408 7609.905
464.678 7873.125
464.947 8302.228
465.217 8085.604
465.486 7627.895
465.756 8172.294
466.025 8671.191
466.295 8075.688
466.564 7841.726
466.834 8513.366
467.103 9141.539
467.373 8454.931
467.642 7731.320
467.912 8105.924
468.181 8420.935
468.451 7627.515
468.720 7469.752
468.990 8085.775
469.259 8822.748
469.529 8313.100
469.798 7567.678
470.068 7871.286
470.337 8074.790
470.607 7395.761
470.876 7243.800
471.146 8228.713
471.415 8503.204
471.685 7955.478
471.954 7653.670
472.224 8016.148
472.493 8156.176
472.763 7806.407
473.033 7815.822
473.302 8466.053
473.572 8263.222
473.841 7294.783
474.111 7345.981
474.380 7891.571
474.650 7823.502
474.919 7426.176
475.189 7073.627
475.458 7847.784
475.728 7880.597
475.997 7798.543
476.267 7399.989
476.536 7798.180
476.806 8087.949
477.075 7412.030
477.345 7490.942
477.614 7857.290
477.884 8614.495
478.153 7815.324
478.423 7193.457
478.692 7754.210
478.962 7882.972
479.231 7117.890
479.501 6970.484
479.770 7758.610
480.040 7902.262
480.309 7181.084
480.579 6856.520
480.848 7499.881
481.118 8122.956
481.387 7542.564
481.657 7180.423
481.926 7462.584
482.196 7692.716
482.465 7195.744
482.735 7074.591
483.004 7481.541
483.274 7762.313
483.543 7246.244
483.813 6661.207
484.082 7180.416
484.352 7638.985
484.621 7081.750
484.891 6743.553
485.161 7190.865
485.430 7823.982
485.700 7193.081
485.969 6735.923
486.239 7124.574
486.508 7723.384
486.778 7197.691
487.047 6578.373
487.317 7204.866
487.586 7433.925
487.856 6844.077
488.125 6648.259
488.395 7086.271
488.664 7492.443
488.934 7055.827
489.203 6562.059
489.473 6993.534
489.742 7226.802
490.012 6489.441
490.281 6152.651
490.551 6850.756
490.820 7417.672
491.090 6978.748
491.359 6673.231
491.629 7073.029
491.898 7575.723
492.168 7125.371
492.437 6257.693
492.707 6650.889
492.976 7322.407
493.246 6557.395
493.515 6299.374
493.785 6796.059
494.054 7484.804
494.324 6970.914
494.593 6221.359
494.863 6667.451
495.132 7090.271
495.402 7001.846
495.671 6349.822
495.941 6893.255
496.210 7415.563
496.480 6695.246
496.749 6454.791
497.019 6850.181
497.289 7141.872
497.558 6624.477
497.828 6288.588
498.097 6879.936
498.367 7456.225
498.636 6826.335
498.906 6197.662
499.175 6623.081
499.445 6982.359
499.714 6301.286
499.984 6026.554
500.253 6236.975
500.523 6422.879
500.792 6344.848
501.062 6112.146
501.331 6805.900
501.601 7042.086
501.870 6491.150
502.140 6126.307
502.409 6476.675
502.679 6763.454
502.948 6314.306
503.218 5924.446
503.487 6942.050
503.757 6939.100
504.026 6200.824
504.296 5921.010
504.565 6512.990
504.835 6701.893
505.104 6053.927
505.374 5923.721
505.643 6277.088
505.913 6969.232
506.182 6475.068
506.452 5901.767
506.721 6697.428
506.991 6782.690
507.260 5830.197
507.530 5696.634
507.799 6102.166
508.069 6443.911
508.338 6098.312
508.608 5644.592
508.877 6252.575
509.147 6764.290
509.416 6129.465
509.686 5523.038
509.956 6429.730
510.225 6741.713
510.495 5840.176
510.764 5518.032
511.034 6331.368
511.303 6478.795
511.573 5730.508
511.842 5258.499
512.112 5961.779
512.381 6306.093
512.651 5544.605
512.920 5214.025
513.190 5717.050
513.459 5600.137
513.729 5330.126
513.998 5420.908
514.268 5846.975
514.537 7191.128
514.807 6296.336
515.076 5413.913
515.346 5821.683
515.615 5728.528
515.885 5395.562
516.154 5261.556
516.424 5781.131
516.693 6044.568
516.963 5366.037
517.232 5123.943
517.502 5345.324
517.771 5381.357
518.041 5190.947
518.310 5013.365
518.580 5396.651
518.849 5901.785
519.119 5216.266
519.388 4977.666
519.658 5662.304
519.927 5219.923
520.197 4524.340
520.466 4562.969
520.736 4996.582
521.005 5410.794
521.275 5028.231
521.544 4963.806
521.814 5171.935
522.084 5529.162
522.353 5124.756
522.623 4574.100
522.892 5109.864
523.162 5347.432
523.431 5052.285
523.701 4741.599
523.970 5131.609
524.240 4906.259
524.509 4726.320
524.779 4382.660
525.048 4534.747
525.318 5298.481
525.587 4790.327
525.857 4387.220
526.126 5138.085
526.396 5173.739
526.665 4676.446
526.935 4426.284
527.204 4795.010
527.474 5254.654
527.743 4791.070
528.013 4266.017
528.282 4709.154
528.552 4975.881
528.821 4755.176
529.091 4527.288
529.360 4621.665
529.630 4860.324
529.899 4442.137
530.169 4308.692
530.438 4885.688
530.708 5301.825
530.977 4731.390
531.247 4398.527
531.516 5243.570
531.786 5444.342
532.055 4388.445
532.325 3957.195
532.594 4812.909
532.864 5218.145
533.133 4752.228
533.403 4190.487
533.672 4707.266
533.942 5217.621
534.212 4413.269
534.481 3936.414
534.751 4468.975
535.020 5446.965
535.290 4784.163
535.559 4086.472
535.829 4670.938
536.098 5105.669
536.368 4501.771
536.637 4122.842
536.907 4783.186
537.176 5103.487
537.446 4509.756
537.715 4172.124
537.985 4531.317
538.254 4821.095
538.524 4447.969
538.793 4247.121
539.063 4471.025
539.332 4961.227
539.602 4453.935
539.871 4074.493
540.141 4725.773
540.410 4999.452
540.680 4244.389
540.949 4057.215
541.219 4315.035
541.488 4932.618
541.758 4628.496
542.027 4121.202
542.297 4503.398
542.566 4632.250
542.836 3851.200
543.105 3783.021
543.375 4374.248
543.644 4620.920
543.914 4034.884
544.183 3620.580
544.453 4348.708
544.722 4455.670
544.992 3772.324
545.261 3730.195
545.531 4419.065
545.800 4696.869
546.070 4098.093
546.346 3692.805
546.622 4173.045
546.897 4346.237
547.173 3884.869
547.449 3448.425
547.725 4196.643
548.001 4474.306
548.276 3872.993
548.552 3692.733
548.828 4143.704
549.104 4392.611
549.380 3897.250
549.655 3801.491
549.931 4232.900
550.207 4601.943
550.483 3894.065
550.759 3438.689
551.034 3994.920
551.310 4338.129
551.586 3681.648
551.862 3743.120
552.138 4015.872
552.413 4045.182
552.689 3536.034
552.965 3156.180
553.241 3292.362
553.517 3994.146
553.793 3607.865
554.068 3242.943
554.344 3910.059
554.620 4477.682
554.896 3614.568
555.172 2992.967
555.447 3705.992
555.723 3839.967
555.999 3383.254
556.275 3105.978
556.551 3734.618
556.826 3732.802
557.102 3321.675
557.378 3248.083
557.654 3782.428
557.930 4015.561
558.205 3345.781
558.481 3050.759
558.757 3756.470
559.033 3824.620
559.309 3580.816
559.584 3414.757
559.860 3687.656
560.136 3721.825
560.412 3283.231
560.688 3040.201
560.963 3415.200
561.239 4505.395
561.515 3696.549
561.791 3067.040
562.067 3638.311
562.342 3973.688
562.618 3425.516
562.894 2788.356
563.170 3503.320
563.446 3679.221
563.721 2896.036
563.997 2744.641
564.273 3529.246
564.549 3928.513
564.825 3382.109
565.100 3429.241
565.376 3461.153
565.652 3649.507
565.928 3470.675
566.204 2870.205
566.479 3457.622
566.755 3686.620
567.031 3154.474
567.307 2838.957
567.583 3378.287
567.858 3897.105
568.134 3150.175
568.410 2636.155
568.686 3503.267
568.962 3538.397
569.237 3389.599
569.513 2884.671
569.789 3543.228
570.065 3809.691
570.341 3146.764
570.617 2801.030
570.892 3314.303
571.168 3489.977
571.444 2999.994
571.720 2733.773
571.996 3399.235
572.271 3984.483
572.547 3162.993
572.823 2666.246
573.099 3227.869
573.375 4022.626
573.650 3287.622
573.926 2712.054
574.202 3104.422
574.478 3360.743
574.754 2965.623
575.029 2684.391
575.305 3472.774
575.581 3321.794
575.857 2754.313
576.133 2598.363
576.408 3191.915
576.684 3536.958
576.960 3018.184
577.239 2536.189
577.517 2987.593
577.796 3441.979
578.075 3170.719
578.354 2565.894
578.632 3111.189
578.911 3599.880
579.190 3346.764
579.469 2879.269
579.747 3061.919
580.026 3134.450
580.305 2637.536
580.584 2736.122
580.862 3043.466
581.141 3272.515
581.420 2832.751
581.699 2429.889
581.977 3118.000
582.256 3347.584
582.535 2991.618
582.814 2629.077
583.092 2930.637
583.371 3014.654
583.650 2695.220
583.929 2540.495
584.207 2892.779
584.486 3428.846
584.765 3086.011
585.043 2281.706
585.322 3037.957
585.601 3542.937
585.880 2915.341
586.158 2450.368
586.437 2695.811
586.716 3146.214
586.995 2807.292
587.273 2376.078
587.552 2707.193
587.831 2891.176
588.110 2727.483
588.388 2128.437
588.667 2287.129
588.946 2464.968
589.225 1864.168
589.503 1704.363
589.782 2087.503
590.061 2427.307
590.340 2487.923
590.618 2736.828
590.897 3425.406
591.176 3220.661
591.455 2454.652
591.733 2244.498
592.012 2800.131
592.291 3908.012
592.570 2904.360
592.848 2492.279
593.127 2296.504
593.406 2716.414
593.684 2108.753
593.963 2039.979
594.242 2587.748
594.521 2458.591
594.799 2196.347
595.078 2130.605
595.357 2635.331
595.636 2574.591
595.914 2251.254
596.193 1941.814
596.472 2133.561
596.751 2556.279
597.029 2529.834
597.308 2347.939
597.587 2206.802
597.866 2218.271
598.144 1704.341
598.423 1552.634
598.702 1999.597
598.981 2403.116
599.259 2555.976
599.538 2210.557
599.817 2076.383
600.096 2467.502
600.374 2434.905
600.653 2076.221
600.932 2420.799
601.210 2317.666
601.489 1843.571
601.768 2178.487
602.047 2383.782
602.325 2258.904
602.604 2146.035
602.883 2248.824
603.162 2444.922
603.440 2421.610
603.719 1705.699
603.998 1961.634
604.277 1933.737
604.555 2037.635
604.834 2305.648
605.113 1593.797
605.392 2033.156
605.670 2588.730
605.949 1915.268
606.228 1733.277
606.507 2269.541
606.785 2178.725
607.064 2020.788
607.343 1497.558
607.622 1720.778
607.900 2083.957
608.179 1707.785
608.458 1441.147
608.736 1724.204
609.015 2343.975
609.294 2312.630
609.573 2051.010
609.851 2388.491
610.130 2363.257
610.409 1878.042
610.688 1375.604
610.966 1892.307
611.245 2247.370
611.524 2030.426
611.803 1595.429
612.081 2053.995
612.360 2442.922
612.639 2010.539
612.918 2134.753
613.196 3020.931
613.475 2388.642
613.754 1498.204
614.033 1395.744
614.311 2271.625
614.590 2170.595
614.869 1613.602
615.148 1292.932
615.426 1641.686
615.705 2382.950
615.984 2274.606
616.263 1586.389
616.541 1447.168
616.820 1933.886
617.099 1476.650
617.377 1971.049
617.656 2745.105
617.935 2233.571
618.214 1796.680
618.492 1327.069
618.771 2152.551
619.050 2712.685
619.329 2703.153
619.607 1783.850
619.886 2000.747
620.165 2258.368
620.444 1956.234
620.722 1580.630
621.001 1621.304
621.280 1915.793
621.559 2038.801
621.837 2476.889
622.116 2358.107
622.395 2000.535
622.674 1538.766
622.952 1301.658
623.231 2153.529
623.510 2177.678
623.789 1722.748
624.067 1390.612
624.346 1641.636
624.625 1894.347
624.904 1765.260
625.182 1491.479
625.461 1779.901
625.740 2298.898
626.018 2029.061
626.297 1501.286
626.576 2610.324
626.855 2562.585
627.133 1860.884
627.412 1398.381
627.691 1777.583
627.970 2508.685
628.248 1756.665
628.527 1242.242
628.806 1691.117
629.085 1997.433
629.363 1551.433
629.642 1194.228
629.921 1989.243
630.200 2178.550
630.478 2390.467
630.757 1959.868
631.036 1914.363
631.315 3110.426
631.593 2157.291
631.872 1349.320
632.151 1882.687
632.430 2105.817
632.708 1664.885
632.987 1379.510
633.266 1771.087
633.544 2458.409
633.823 1747.858
634.102 1218.158
634.381 1597.397
634.659 1948.230
634.938 1648.265
635.217 1758.091
635.496 2085.947
635.774 2806.904
636.053 1944.008
636.332 1406.187
636.611 1876.877
636.889 1939.713
637.168 1438.559
637.447 1551.947
637.726 2153.502
638.004 2287.378
638.283 1589.955
638.562 1260.449
638.841 2106.766
639.119 2126.273
639.398 1515.994
639.677 1768.464
639.956 1967.320
640.234 2028.223
640.513 1602.066
640.792 1392.445
641.070 1753.213
641.349 1819.732
641.628 1475.874
641.907 1195.170
642.185 1617.800
642.464 1743.144
642.743 1293.478
643.022 1951.903
643.300 2117.268
643.579 2206.315
643.858 1501.267
644.137 985.161
644.415 1530.463
644.694 1708.464
644.973 1881.706
645.252 1530.023
645.530 1753.277
645.809 1928.162
646.088 1483.108
646.367 1179.930
646.645 1669.372
646.924 1811.561
647.203 1240.721
647.482 1022.589
647.760 1501.314
648.039 2002.743
648.318 1595.371
648.596 1143.534
648.875 1536.525
649.154 1864.965
649.433 1401.819
649.711 1174.980
649.990 1481.412
650.269 2047.844
650.548 1654.872
650.826 1160.855
651.105 1522.636
651.384 1858.641
651.663 1365.546
651.941 1027.444
652.220 1476.852
652.499 1641.890
652.778 1259.197
653.056 1255.839
653.335 1523.349
653.614 1789.279
653.893 1445.403
654.171 1193.811
654.450 1648.938
654.729 1825.641
655.008 1413.186
655.286 1276.055
655.565 1524.552
655.844 1659.365
656.123 2292.110
656.401 1876.750
656.680 1482.651
656.959 1723.168
657.237 1345.273
657.516 1305.551
657.795 1803.386
658.074 1902.428
658.352 1422.463
658.631 1124.616
658.910 1764.955
659.189 1890.758
659.467 1300.713
659.746 1171.981
660.025 1614.556
660.304 1880.939
660.582 1486.581
660.861 1248.970
661.140 1350.888
661.419 1649.435
661.697 1276.788
661.976 1055.004
662.255 1556.078
662.534 1910.937
662.812 1429.580
663.091 1243.277
663.370 1702.545
663.649 1710.012
663.927 1486.230
664.206 1180.581
664.485 1646.698
664.764 2178.512
665.042 1584.760
665.321 1161.692
665.600 1653.319
665.878 1861.288
666.157 1464.147
666.436 1160.137
666.715 1667.865
666.993 1941.136
667.272 1337.613
667.551 1116.991
667.830 1893.864
668.108 1885.946
668.387 1352.023
668.666 1321.866
668.945 2129.754
669.223 1998.528
669.502 1422.507
669.781 1176.702
670.060 2082.803
670.338 2321.885
670.617 1573.263
670.896 1418.984
671.175 1790.244
671.453 1611.606
671.732 1198.723
672.011 1184.188
672.290 1551.358
672.568 1736.267
672.847 1290.130
673.126 1015.565
673.404 1656.431
673.683 1939.990
673.962 1339.734
674.241 1078.747
674.519 1591.065
674.798 2087.164
675.077 1532.442
675.356 1123.973
675.634 1814.909
675.913 1981.813
676.192 1484.916
676.471 1238.548
676.749 1825.173
677.028 2066.584
677.307 1586.597
677.586 1239.059
677.864 1662.839
678.143 2234.334
678.422 1606.850
678.701 1054.932
678.979 1480.943
679.258 1840.560
679.537 1425.918
679.816 1178.976
680.094 1826.281
680.373 2133.096
680.652 1537.047
680.930 1151.633
681.209 1710.277
681.488 2113.816
681.767 1578.641
682.045 1162.976
682.324 1710.835
682.603 1966.002
682.882 1401.781
683.160 1238.581
683.439 1365.824
683.718 1854.166
683.997 1752.546
684.275 1376.847
684.554 1671.209
684.833 2088.789
685.112 1484.983
685.390 1941.259
685.669 1878.311
685.948 1709.504
686.227 1400.311
686.505 1238.625
686.784 1569.309
687.063 1770.797
687.342 1522.641
687.620 1228.474
687.899 1414.513
688.178 1498.926
688.457 1276.428
688.735 1186.044
689.014 1816.188
689.293 2000.194
689.571 1440.866
689.850 1094.832
690.129 1577.032
690.408 1897.906
690.686 1375.126
690.965 1094.985
691.244 1632.477
691.523 2014.892
691.801 1475.931
692.080 1094.028
692.359 1536.302
692.638 1839.158
692.916 1289.887
693.195 996.009
693.474 1814.439
693.753 2087.962
694.031 1363.136
694.310 1457.493
694.589 1737.514
694.868 1713.694
695.146 1204.494
695.425 963.348
695.704 1653.204
695.983 2121.136
696.261 2231.406
696.540 1479.731
696.825 1297.128
697.110 1650.541
697.395 1317.950
697.680 1630.009
697.965 1997.071
698.250 1763.601
698.535 1250.686
698.819 1067.045
699.104 2064.049
699.389 2422.673
699.674 1579.525
699.959 1085.056
700.244 1593.977
700.529 1884.408
700.814 1549.809
701.099 1244.758
701.384 1658.845
701.669 1937.396
701.954 1429.595
702.239 1245.251
702.524 1717.119
702.809 1720.420
703.094 1321.268
703.378 1167.010
703.663 1618.202
703.948 1780.371
704.233 1347.489
704.518 1295.972
704.803 2008.336
705.088 2011.345
705.373 1441.520
705.658 1102.892
705.943 1387.719
706.228 1926.086
706.513 1471.847
706.798 1070.529
707.083 1610.712
707.368 1789.199
707.653 1333.046
707.937 1092.161
708.222 1613.652
708.507 2026.624
708.792 1462.099
709.077 1104.909
709.362 1644.553
709.647 1927.182
709.932 2190.909
710.217 1547.850
710.502 1435.710
710.787 1885.520
711.072 1407.129
711.357 1072.875
711.642 1513.475
711.927 1645.108
712.211 1266.735
712.496 1006.808
712.781 1500.533
713.066 1801.463
713.351 1376.006
713.636 1007.997
713.921 1460.826
714.206 2140.529
714.491 1574.857
714.776 1122.135
715.061 1657.395
715.346 2520.022
715.631 1674.071
715.916 993.813
716.201 1371.421
716.486 1812.449
716.770 1645.327
717.055 1268.427
717.340 1920.746
717.625 2028.354
717.910 1355.565
718.195 1125.451
718.480 1664.843
718.765 2093.327
719.050 1434.983
719.335 1047.400
719.620 1533.747
719.905 1901.187
720.190 1939.490
720.475 1419.386
720.760 1664.276
721.045 2511.919
721.329 1716.495
721.614 1078.395
721.899 1353.767
722.184 1747.133
722.469 1401.069
722.754 1159.233
723.039 1953.824
723.324 2065.860
723.609 1420.529
723.894 1221.934
724.179 1658.688
724.464 2012.016
724.749 1428.734
725.034 1069.893
725.319 1567.496
725.603 1904.565
725.888 1532.796
726.173 1222.453
726.458 1704.708
726.743 2025.072
727.028 1433.878
727.313 1373.441
727.598 1870.203
727.883 2048.569
728.168 1304.705
728.453 1329.751
728.738 1764.625
729.023 1753.242
729.308 1336.383
729.593 1097.271
729.878 1498.291
730.162 1756.830
730.447 1322.350
730.732 1069.180
731.017 1649.655
731.302 2113.742
731.587 1813.694
731.872 1328.430
732.157 1702.754
732.442 1902.996
732.727 1343.718
733.012 1023.960
733.297 1506.135
733.582 1814.396
733.867 1412.512
734.152 1068.599
734.437 1308.261
734.721 1689.286
735.006 1393.003
735.291 1237.645
735.576 1354.489
735.861 1543.726
736.146 1381.612
736.431 1181.853
736.716 1576.689
737.001 2027.509
737.286 1432.962
737.571 1066.214
737.856 1304.007
738.141 1713.717
738.426 1272.218
738.711 963.087
738.995 1392.120
739.280 1918.738
739.565 1738.109
739.850 1341.384
740.135 1755.358
740.420 2026.198
740.705 1475.955
740.990 1101.728
741.275 1680.112
741.560 1960.585
741.845 1410.380
742.130 1200.562
742.415 1715.115
742.700 1860.230
742.985 1299.348
743.270 1087.596
743.554 1446.443
743.839 1865.252
744.124 1384.045
744.409 1068.506
744.694 1674.554
744.979 1868.084
745.264 1385.572
745.549 1006.749
745.834 1502.918
746.119 2065.227
746.404 1493.769
746.689 1048.925
746.974 1474.287
747.259 1491.431
747.544 1213.030
747.829 1083.911
748.113 1695.260
748.398 1780.288
748.683 1215.113
748.968 1084.763
749.253 1652.009
749.538 1893.154
749.823 1398.471
750.108 1096.617
750.393 1709.470
750.678 2052.966
750.963 1511.410
751.248 1095.473
751.533 1654.180
751.818 1815.331
752.103 1291.959
752.387 1138.610
752.672 1712.975
752.957 2110.504
753.242 1409.548
753.527 1139.078
753.812 1599.712
754.097 1954.729
754.382 1505.998
754.667 1157.982
754.952 1898.882
755.237 1824.742
755.522 1572.321
755.807 1366.229
756.092 1826.384
756.377 2370.773
756.662 1626.300
756.946 1117.162
757.231 1513.127
757.516 1890.724
757.801 1342.140
758.086 1037.794
758.371 1691.568
758.656 1933.698
758.941 1433.233
759.226 1159.530
759.511 1243.335
759.796 1661.830
760.081 1334.678
760.366 1101.595
760.651 1534.156
760.936 1729.498
761.221 1403.367
761.505 1141.654
761.790 1679.859
762.075 2033.361
762.360 1476.146
762.645 1171.488
762.930 1720.899
763.215 6231.669
763.500 3870.120
763.791 1240.952
764.082 1395.236
764.373 1744.617
764.664 1501.557
764.955 1213.771
765.247 1681.096
765.538 1916.400
765.829 1266.802
766.120 1018.634
766.411 1609.077
766.702 2057.538
766.993 1496.806
767.284 1269.067
767.575 1750.215
767.866 1921.942
768.157 1466.885
768.449 1208.765
768.740 1798.605
769.031 1885.501
769.322 1344.260
769.613 1165.915
769.904 1521.718
770.195 1746.023
770.486 1285.312
770.777 1024.398
771.068 1692.127
771.359 2031.588
771.651 1473.587
771.942 986.868
772.233 1515.425
772.524 1938.075
772.815 1584.163
773.106 1273.931
773.397 1719.549
773.688 1872.186
773.979 1323.908
774.270 1029.953
774.561 1629.182
774.853 2320.985
775.144 1550.936
775.435 1018.934
775.726 1712.047
776.017 1811.683
776.308 1171.481
776.599 1055.670
776.890 1743.721
777.181 2058.804
777.472 1403.358
777.763 1155.433
778.055 1797.546
778.346 2178.056
778.637 1638.932
778.928 1226.183
779.219 1793.435
779.510 1808.752
779.801 1226.309
780.092 1070.547
780.383 1453.481
780.674 1670.091
780.965 1388.787
781.257 1222.672
781.548 1740.288
781.839 1991.350
782.130 1476.085
782.421 1128.168
782.712 1612.508
783.003 1782.910
783.294 1475.180
783.585 1216.752
783.876 1657.590
784.167 2085.998
784.459 1498.347
784.750 1100.543
785.041 1645.395
785.332 1711.944
785.623 1346.443
785.914 1131.156
786.205 1562.699
786.496 1846.967
786.787 1384.036
787.078 1104.210
787.369 1744.053
787.661 1827.067
787.952 1229.467
788.243 1239.424
788.534 1848.162
788.825 1930.969
789.116 1922.417
789.407 1567.798
789.698 1757.000
789.989 2479.456
790.280 1840.093
790.571 1195.871
790.863 1569.655
791.154 1964.536
791.445 1468.283
791.736 1142.274
792.027 1635.892
792.318 1921.718
792.609 1400.859
792.900 1174.937
793.191 1696.438
793.482 2579.527
793.773 1895.019
794.065 1285.619
794.356 1825.547
794.647 2126.768
794.938 1609.124
795.229 1237.247
795.520 1388.414
795.811 1869.838
796.102 1512.278
796.393 1246.531
796.684 1562.548
796.975 1856.545
797.267 1492.134
797.558 1083.770
797.849 1377.740
798.140 1820.996
798.431 1496.041
798.722 1285.364
799.013 2176.749
799.304 2579.777
799.595 1741.995
799.886 1619.815
800.177 1962.028
800.469 2006.365
800.760 1508.504
801.051 1083.193
801.342 1701.843
801.633 1983.412
801.924 1371.968
802.215 1186.472
802.506 1727.591
802.797 1841.694
803.088 1393.104
803.379 1160.684
803.671 1451.147
803.962 1980.801
804.253 1534.710
804.544 1390.452
804.835 1830.345
805.126 3210.753
805.417 2222.691
805.708 1222.500
805.999 1599.132
806.290 1858.536
806.581 1598.393
806.873 1327.078
807.164 1708.953
807.455 2093.432
807.746 1546.627
808.037 1164.991
808.328 1660.311
808.619 1868.904
808.910 1424.517
809.201 1164.142
809.492 1608.629
809.783 1830.723
810.075 1317.903
810.366 1101.303
810.657 1577.762
810.948 1842.691
811.239 1293.532
811.530 968.606
811.821 1511.416
812.112 1856.525
812.404 1275.354
812.695 988.695
812.986 1479.356
813.277 1749.422
813.569 1413.737
813.860 1187.118
814.151 1647.067
814.442 1790.166
814.734 1497.883
815.025 1216.762
815.316 1662.663
815.607 1877.524
815.899 1322.884
816.190 1075.292
816.481 1658.261
816.772 1783.507
817.064 1343.541
817.355 1032.325
817.646 1491.919
817.937 1910.735
818.229 1538.650
818.520 1147.042
818.811 1611.982
819.102 1976.117
819.394 1451.950
819.685 1134.154
819.976 1617.117
820.267 1836.900
820.559 1435.737
820.850 1150.471
821.141 1494.321
821.432 1799.669
821.723 1404.533
822.015 1202.634
822.306 1415.793
822.597 1701.541
822.888 1429.373
823.180 1108.944
823.471 1365.381
823.762 1792.608
824.053 1434.333
824.345 1003.865
824.636 1595.597
824.927 1812.630
825.218 1453.243
825.510 1139.267
825.801 1192.626
826.092 1365.773
826.383 1315.822
826.675 1177.595
826.966 1445.070
827.257 1726.111
827.548 1354.394
827.840 1059.568
828.131 1518.882
828.422 1732.507
828.713 1404.778
829.005 1424.247
829.296 1631.891
829.587 1643.250
829.878 1324.880
830.170 1134.196
830.461 1523.118
830.752 1841.710
831.043 1347.447
831.335 1079.002
831.626 1375.223
831.917 1715.153
832.208 1404.427
832.499 1146.033
832.791 1230.832
833.082 1406.116
833.373 1249.068
833.664 1084.814
833.956 1510.966
834.247 1626.015
834.538 1233.385
834.829 1039.821
835.121 1580.032
835.412 1962.622
835.703 1501.806
835.994 1076.890
836.286 1431.228
836.577 1874.917
836.868 1584.696
837.159 1353.130
837.451 1724.515
837.742 1561.672
838.033 1350.985
838.324 1261.923
838.616 1555.535
838.907 2020.867
839.198 1575.466
839.489 1159.660
839.781 1577.866
840.072 1750.060
840.363 1878.780
840.654 1537.078
840.946 1598.474
841.237 1702.086
841.528 1397.918
841.819 1323.744
842.110 1430.520
842.402 1875.198
842.693 1459.255
842.984 1095.572
843.275 1697.675
843.567 2051.299
843.858 1629.945
844.149 1280.734
844.440 1597.354
844.732 1960.088
845.023 1394.414
845.314 1309.836
845.605 1738.597
845.897 1737.216
846.188 1332.041
846.479 1341.572
846.770 1888.019
847.062 1900.641
847.353 1524.702
847.644 1361.393
847.935 1870.815
848.227 1940.639
848.518 1493.425
848.809 1279.227
849.100 1854.939
849.392 1831.405
849.683 1546.134
849.974 1401.959
850.265 1765.298
850.557 2101.226
850.848 1636.345
851.139 1290.566
851.430 1815.475
851.721 1984.904
852.013 1660.173
852.304 1452.266
852.595 1824.965
852.886 2105.252
853.178 1681.718
853.469 1318.488
853.760 1963.089
854.051 2097.938
854.343 1517.214
854.634 1301.024
854.925 1772.107
855.216 1772.667
855.508 1551.007
855.799 1478.843
856.090 1778.266
856.381 2060.874
856.673 1568.063
856.964 1261.434
857.255 1874.900
857.546 1987.336
857.838 1447.850
858.129 1255.280
858.420 1874.759
858.711 1792.745
859.003 1213.643
859.294 1273.878
859.585 1583.590
859.876 1766.161
860.168 1356.641
860.459 1265.014
860.750 1744.955
861.041 2014.934
861.333 1621.252
861.624 1405.809
861.915 1426.173
862.206 1822.727
862.497 1379.628
862.789 1007.479
863.080 1633.637
863.371 1691.897
863.662 1409.512
863.954 1265.601
864.245 1409.889
864.536 1670.101
864.827 1365.170
865.119 1143.183
865.410 1522.839
865.701 1806.655
865.992 1350.303
866.284 1195.866
866.575 1570.495
866.866 1890.493
867.157 1442.403
867.449 1110.072
867.740 1214.028
868.031 1268.299
868.322 1238.764
868.614 1089.781
868.905 1923.448
869.196 1923.694
869.487 1253.715
869.779 1095.675
870.070 1575.181
870.361 1838.675
870.652 1359.721
870.944 1100.708
871.235 1429.720
871.526 1611.527
871.817 1640.317
872.109 1265.330
872.400 1468.031
872.691 1621.605
872.982 1201.722
873.273 1060.559
873.565 1487.777
873.856 1554.431
874.147 1342.300
874.438 1204.430
874.730 1416.982
875.021 1562.113
875.312 1350.030
875.603 1104.234
875.895 1348.201
876.186 1291.729
876.477 1094.781
876.768 1098.287
877.060 1454.975
877.351 1435.443
877.642 1134.403
877.933 947.034
878.225 1312.230
878.516 1576.945
878.807 1240.999
879.098 1296.965
879.390 1306.676
879.681 1378.757
879.972 1233.002
880.263 1119.893
880.555 1312.603
880.846 1630.979
881.137 1185.292
881.428 1015.339
881.720 1376.772
882.011 1390.796
882.302 1101.303
882.593 1038.626
882.884 1084.117
883.176 1409.669
883.467 1238.205
883.758 1040.369
884.049 1416.137
884.341 1652.446
884.632 1221.865
884.923 1029.693
885.214 1339.637
885.506 1425.807
885.797 1184.992
886.088 1103.384
886.379 1248.040
886.671 1373.506
886.962 1180.813
887.253 1052.951
887.544 1471.270
887.836 1623.713
888.127 1167.737
888.418 1011.327
888.709 1467.757
889.001 1748.696
889.292 1266.975
889.583 969.554
889.874 1265.478
890.166 1463.776
890.457 1234.541
890.748 1124.953
891.039 1533.012
891.331 1361.037
891.622 1063.474
891.913 1127.061
892.204 1419.052
892.495 1492.928
892.787 1336.443
893.078 1090.727
893.369 1369.109
893.660 1416.185
893.952 1151.160
894.243 1072.183
894.534 1381.903
894.825 1758.847
895.117 1330.340
895.408 1088.865
895.699 1446.612
895.990 1350.295
896.282 1101.859
896.573 1078.403
896.864 1467.366
897.155 1511.371
897.447 1313.234
897.738 1093.343
898.029 1436.406
898.320 1651.763
898.612 1368.881
898.903 1164.711
899.194 1573.645
899.485 1796.110
899.777 1333.730
900.068 973.253
900.359 1514.957
900.650 1608.114
900.942 1199.329
901.233 1098.341
901.524 1458.492
901.815 2201.795
902.106 1621.398
902.398 1210.720
902.689 1370.394
902.980 1490.316
903.271 1203.037
903.563 1070.596
903.854 1394.734
904.145 1486.655
904.436 1348.398
904.728 1250.890
905.019 1484.357
905.310 1563.264
905.601 1243.960
905.893 1026.480
906.184 1476.903
906.475 1626.390
906.766 1335.571
907.058 1174.256
907.349 1521.124
907.640 1877.907
907.931 1480.646
908.223 1188.572
908.514 1531.253
908.805 1492.008
909.096 1177.026
909.388 1127.835
909.679 1516.764
909.970 1661.904
910.261 1201.605
910.553 1084.567
910.844 1168.480
911.135 1370.955
911.426 1436.281
911.718 1421.828
912.009 1540.513
912.300 1654.081
912.599 1277.668
912.898 1117.843
913.196 1477.865
913.495 1803.807
913.794 1531.265
914.093 1265.905
914.391 1321.151
914.690 1632.296
914.989 1486.071
915.288 1214.045
915.586 1531.136
915.885 1682.015
916.184 1413.199
916.483 1208.372
916.782 1423.789
917.080 1723.176
917.379 1501.250
917.678 1184.251
917.977 1837.736
918.275 1903.287
918.574 1310.783
918.873 1143.112
919.172 1656.239
919.471 1815.844
919.769 1366.444
920.068 1195.737
920.367 1609.646
920.666 1755.017
920.964 1349.175
921.263 1364.866
921.562 1314.305
921.861 1490.134
922.159 1412.907
922.458 1368.535
922.757 1494.175
923.056 1451.351
923.355 1386.630
923.653 1360.109
923.952 1887.347
924.251 2029.275
924.550 1362.014
924.848 1124.244
925.147 1564.191
925.446 1619.561
925.745 1292.987
926.043 1274.105
926.342 1610.085
926.641 1789.718
926.940 1407.076
927.239 1218.502
927.537 1513.081
927.836 1814.709
928.135 1463.616
928.434 1239.715
928.732 1605.657
929.031 1614.316
929.330 1284.007
929.629 1294.457
929.927 1763.572
930.226 1982.224
930.525 1581.104
930.824 1320.124
931.123 1399.115
931.421 1760.175
931.720 1663.140
932.019 1282.767
932.318 1624.282
932.616 1802.320
932.915 1376.695
933.214 1386.871
933.513 1949.505
933.812 2184.161
934.110 1714.497
934.409 1518.307
934.708 1855.044
935.007 2137.506
935.305 1797.938
935.604 1507.658
935.903 1790.211
936.202 2271.520
936.500 1890.763
936.799 1683.769
937.098 2027.495
937.397 2327.796
937.696 2020.199
937.994 1766.038
938.293 2338.346
938.592 2479.485
938.891 1952.893
939.189 1493.507
939.488 2119.568
939.787 2459.567
940.086 2063.995
940.384 1827.981
940.683 2211.015
940.982 2692.631
941.281 2071.780
941.580 1740.339
941.878 2342.338
942.177 2664.964
942.476 2141.922
942.775 1771.187
943.073 2466.606
943.372 2665.102
943.671 2298.524
943.970 1979.082
944.268 2570.266
944.567 2583.190
944.866 1912.372
945.165 1788.562
945.464 2442.644
945.762 2829.828
946.061 2243.692
946.360 1788.947
946.659 2180.238
946.957 2573.953
947.256 2031.404
947.555 1663.244
947.854 2391.488
948.153 2644.421
948.451 2044.703
948.750 1614.988
949.049 2113.525
949.348 2373.978
949.646 1922.989
949.945 1625.584
950.244 2252.468
950.543 2301.405
950.841 1824.061
951.140 1734.335
951.439 2334.532
951.738 2301.089
952.037 1830.255
952.335 1543.675
952.634 1792.093
952.933 2045.656
953.232 1806.345
953.530 1446.332
953.829 1852.283
954.128 2284.085
954.427 1817.338
954.725 1431.893
955.024 1975.997
955.323 2032.766
955.622 1702.898
955.921 1542.051
956.219 1860.332
956.518 2276.601
956.817 1906.349
957.116 1409.257
957.414 1734.432
957.713 2071.027
958.012 1805.747
958.311 1419.048
958.610 1750.777
958.908 2180.060
959.207 1717.730
959.506 1301.233
959.805 1573.449
960.103 1852.327
960.402 1392.843
960.701 1440.288
961.000 1854.025
961.298 1777.851
961.597 1520.922
961.896 1383.077
962.195 1777.316
962.494 1987.791
962.792 1591.301
963.091 1263.962
963.390 1787.534
963.689 1755.118
963.987 1431.109
964.286 1236.552
964.585 1898.257
964.884 2110.744
965.182 1607.258
965.481 1300.017
965.780 1764.578
966.075 1849.643
966.370 1481.767
966.666 1215.991
966.961 1563.168
967.256 1851.128
967.551 1591.395
967.847 1354.358
968.142 1613.042
968.437 1788.844
968.732 1499.636
969.028 1199.351
969.323 1864.613
969.618 2023.631
969.913 1503.279
970.208 1274.084
970.504 1799.866
970.799 2005.347
971.094 1478.089
971.389 1115.251
971.685 1540.593
971.980 1703.889
972.275 1300.291
972.570 1060.531
972.866 1421.431
973.161 1626.824
973.456 1433.172
973.751 1231.565
974.047 1498.521
974.342 1825.752
974.637 1509.477
974.932 1191.846
975.227 1392.666
975.523 1803.772
975.818 1456.159
976.113 1125.028
976.408 1567.299
976.704 1794.570
976.999 1475.063
977.294 1238.396
977.589 1758.140
977.885 1815.359
978.180 1298.319
978.475 1129.866
978.770 1683.268
979.066 1828.258
979.361 1430.842
979.656 1162.617
979.951 1493.011
980.246 1821.257
980.542 1495.512
980.837 1251.453
981.132 1561.691
981.427 1611.673
981.723 1299.735
982.018 1184.028
982.313 1719.596
982.608 1885.890
982.904 1419.016
983.199 1170.790
983.494 1325.151
983.789 1700.170
984.084 1526.190
984.380 1267.210
984.675 1381.229
984.970 1557.249
985.265 1410.268
985.561 1342.288
985.856 1557.307
986.151 1758.327
986.446 1496.346
986.742 1229.366
987.037 1622.385
987.332 1799.405
987.627 1455.424
987.923 1369.444
988.218 1635.463
988.513 1911.482
988.808 1514.502
989.103 1181.521
989.399 1476.540
989.694 1785.560
989.989 1472.579
990.284 1205.598
990.580 1353.617
990.875 1524.637
991.170 1351.656
991.465 1186.675
991.761 1654.694
992.056 1783.713
992.351 1387.732
992.646 1306.751
992.942 1601.770
993.237 1636.790
993.532 1468.809
993.827 1211.828
994.122 1368.847
994.418 1584.866
994.713 1352.885
995.008 1112.904
995.303 1408.923
995.599 1399.941
995.894 1130.960
996.189 1189.979
996.484 1392.998
996.780 1555.017
997.075 1280.036
997.370 1200.055
997.665 1337.073
997.960 1681.092
998.256 1390.111
998.551 1232.130
998.846 1515.148
999.141 1821.167
999.437 1396.186
999.732 1216.204
1000.027 1519.223
1000.322 1590.242
1000.618 1365.260
1000.913 1218.279
1001.208 1581.298
1001.503 1688.316
1001.799 1412.335
1002.094 1218.353
1002.389 1498.372
1002.684 1243.390
1002.979 1021.409
1003.275 1218.427
1003.570 1674.446
1003.865 1687.464
1004.160 1361.483
1004.456 1733.501
1004.751 1829.519
1005.046 1789.538
1005.341 1446.556
1005.637 1174.574
1005.932 1528.593
1006.227 1693.611
1006.522 1323.629
1006.817 1190.648
1007.113 1564.666
1007.408 1916.684
1007.703 1553.702
1007.998 1120.720
1008.294 1639.739
1008.589 1713.757
1008.884 1440.775
1009.179 1231.793
1009.475 1569.811
1009.770 1804.829
1010.065 1387.847
1010.360 1150.865
1010.656 1671.883
1010.951 1692.902
1011.246 1345.920
1011.541 1457.938
1011.836 1771.955
1012.132 1924.973
1012.427 1470.991
1012.722 1247.009
1013.017 1463.027
1013.313 1784.045
1013.608 1522.063
1013.903 1232.081
1014.198 1539.099
1014.494 1513.117
1014.789 1265.134
1015.084 1147.152
1015.379 1428.170
1015.674 1684.188
1015.970 1438.205
1016.265 1201.223
1016.560 1093.241
1016.855 1792.259
1017.151 1495.276
1017.446 1111.294
1017.741 1605.312
1018.036 1671.329
1018.332 1424.347
1018.627 1367.365
1018.922 1492.382
1019.217 1615.400
1019.513 1595.417
1019.808 1371.435
1020.103 1518.452
1020.398 1737.470
1020.693 1585.487
1020.989 1400.505
1021.284 1485.522
1021.579 1767.540
1021.874 1517.557
1022.170 1288.575
1022.465 1480.592
1022.760 1436.609
1023.055 1281.627
1023.351 1165.644
1023.646 1407.661
1023.941 1611.679
1024.236 1335.696
1024.532 1237.713
1024.827 1501.731
1025.122 1825.748
1025.417 1458.765
1025.712 1305.782
1026.008 1667.799
1026.303 1667.817
1026.598 1456.834
1026.893 1443.851
1027.189 1637.868
1027.484 1663.885
1027.779 1376.902
1028.074 1228.919
1028.370 1410.937
1028.665 1661.954
1028.960 1517.971
1029.255 1230.988
1029.550 1509.005
1029.846 1710.022
1030.141 1369.039
1030.436 1278.056
1030.731 2558.073
1031.027 2370.090
1031.322 1494.106
1031.617 1176.123
1031.912 1562.140
1032.208 1644.157
1032.503 1433.174
1032.798 1446.191
1033.093 1675.208
1033.389 1777.225
1033.684 1577.241
1033.979 1298.258
1034.274 1471.275
1034.569 1767.292
1034.865 1446.308
1035.160 1229.325
1035.455 1726.342
1035.750 1880.359
1036.046 1523.375
1036.341 1360.392
1036.636 1498.409
1036.931 1606.425
1037.227 1451.442
1037.522 1273.458
1037.817 1504.475
1038.112 1672.492
1038.407 1431.508
1038.703 1378.525
1038.998 1768.541
1039.293 1778.558
1039.588 1318.574
1039.884 1258.591
1040.179 1635.607
1040.474 1629.624
1040.769 1328.640
1041.065 1236.657
1041.360 1721.673
1041.655 1566.689
1041.950 1301.706
1042.246 1351.722
1042.541 1640.739
1042.836 1546.755
1043.131 1339.771
1043.426 1303.788
1043.722 1454.804
1044.017 1718.820
1044.312 1496.836
1044.607 1164.853
1044.903 1370.869
1045.198 1705.885
1045.493 1525.901
1045.788 1218.918
1046.084 1418.934
1046.379 1760.950
1046.674 1476.966
1046.969 1388.982
1047.264 1876.998
1047.560 1688.015
1047.855 1343.031
1048.150 1279.047
1048.445 1537.063
1048.741 1501.079
1049.036 1311.095
1049.331 1363.111
1049.626 1653.127
1049.922 1779.143
1050.217 1561.159
1050.512 1453.175
1050.807 1706.191
1051.103 1411.207
1051.398 1339.223
1051.693 1348.239
1051.988 1517.255
1052.283 1554.270
1052.579 1300.286
1052.874 1185.302
1053.169 2215.318
1053.464 2077.334
1053.760 1447.350
1054.055 1383.365
1054.350 1665.381
1054.645 1764.397
1054.941 1530.413
1055.236 1335.428
1055.531 1451.444
1055.826 1785.460
1056.122 1636.476
1056.417 1289.491
1056.712 1501.507
1057.007 1708.523
1057.302 1500.538
1057.598 1281.554
1057.893 1647.570
1058.188 1847.585
1058.483 1529.601
1058.779 1298.616
1059.074 1697.632
1059.369 2293.648
1059.664 2186.663
1059.960 1543.679
1060.255 1358.694
1060.550 1581.710
1060.845 1567.725
1061.140 1359.741
1061.436 1598.756
1061.731 1788.771
1062.026 1484.787
1062.321 1192.802
1062.617 1348.818
1062.912 1365.833
1063.207 1276.848
1063.502 1195.864
1063.798 1579.879
1064.093 1667.895
1064.388 1545.910
1064.683 1401.925
1064.978 1551.940
1065.274 1691.956
1065.569 1380.971
1065.864 1321.986
1066.159 1470.001
1066.455 1596.017
1066.750 1479.032
1067.045 1337.047
1067.340 1634.062
1067.636 1528.078
1067.931 1268.093
1068.226 1497.108
1068.521 1727.123
1068.817 1465.138
1069.112 1206.153
1069.407 1273.168
1069.702 1503.183
1069.997 1723.198
1070.293 1377.214
1070.588 1160.229
1070.883 1501.244
1071.178 1727.259
1071.474 1484.274
1071.769 1169.289
1072.064 1517.304
1072.359 1759.319
1072.655 1543.334
1072.950 1378.348
1073.245 1643.363
1073.540 1573.378
1073.836 1329.393
1074.131 1273.408
1074.426 1712.423
1074.721 1800.438
1075.016 1431.453
1075.312 1089.468
1075.607 1260.482
1075.902 1680.497
1076.197 1515.512
1076.493 1362.527
1076.788 1624.542
1077.083 1728.556
1077.378 1408.571
1077.674 1337.586
1077.969 1540.600
1078.264 1523.615
1078.559 1321.630
1078.854 1457.645
1079.150 1606.659
1079.445 1776.674
1079.740 1554.689
1080.035 1282.703
1080.331 1761.718
1080.626 2051.732
1080.921 1666.747
1081.216 1364.762
1081.512 1594.776
1081.807 1691.791
1082.102 1377.805
1082.397 1301.820
1082.693 1404.834
1082.988 1742.849
1083.283 1521.863
1083.578 1328.878
1083.873 1406.892
1084.169 1607.907
1084.464 1474.921
1084.759 1543.936
1085.054 1745.950
1085.350 1684.964
1085.645 1545.979
1085.940 1433.993
1086.235 1570.008
1086.531 1791.022
1086.826 1434.036
1087.121 1142.051
1087.416 1594.065
1087.711 1611.079
1088.007 1385.094
1088.302 1386.108
1088.597 1668.122
1088.892 1778.136
1089.188 1534.151
1089.483 1346.165
1089.778 1607.179
1090.073 1287.193
1090.369 1115.208
1090.664 1170.222
1090.959 1461.236
1091.254 1771.250
1091.550 1441.264
1091.845 1257.278
1092.140 1624.292
1092.452 1865.307
1092.764 1561.321
1093.076 1324.335
1093.388 1516.349
1093.700 1759.363
1094.012 1563.377
1094.324 1425.391
1094.636 1507.405
1094.948 1825.419
1095.260 1527.433
1095.572 1399.447
1095.884 1374.461
1096.196 1538.475
1096.508 1577.489
1096.820 1287.503
1097.132 1332.517
1097.444 1632.531
1097.756 1603.545
1098.068 1402.559
1098.380 1634.573
1098.692 1737.586
1099.004 1423.600
1099.316 1263.614
1099.628 1618.628
1099.940 1716.642
1100.252 1349.656
1100.564 1114.669
1100.877 1418.683
1101.189 1730.697
1101.501 1464.711
1101.813 1298.725
1102.125 1536.738
1102.437 1451.752
1102.749 1377.766
1103.061 1203.779
1103.373 1551.793
1103.685 1645.807
1103.997 1507.821
1104.309 1363.834
1104.621 1471.848
1104.933 1482.862
1105.245 1325.875
1105.557 1161.889
1105.869 1595.902
1106.181 1857.916
1106.493 1589.930
1106.805 1223.943
1107.117 1165.957
1107.429 1547.970
1107.741 1533.984
1108.053 1253.997
1108.365 1375.011
1108.677 1804.024
1108.989 1578.038
1109.301 1293.051
1109.613 1406.065
1109.925 1905.078
1110.237 1686.092
1110.549 1278.105
1110.861 1520.119
1111.173 1453.132
1111.485 1339.145
1111.797 1118.159
1112.109 1487.172
1112.421 2013.186
1112.733 1634.199
1113.045 1324.212
1113.357 1504.226
1113.669 1774.239
1113.981 1537.252
1114.293 1308.266
1114.605 1569.279
1114.917 1934.292
1115.229 1588.305
1115.541 1343.319
1115.853 1409.332
1116.165 1813.345
1116.477 1537.358
1116.789 1353.372
1117.101 1541.385
1117.413 1614.398
1117.725 1139.411
1118.037 1139.424
1118.349 1687.438
1118.662 1922.451
1118.974 1472.464
1119.286 1122.477
1119.598 1598.490
1119.910 1852.503
1120.222 1480.516
1120.534 1185.529
1120.846 1537.542
1121.158 1627.556
1121.470 1250.569
1121.782 1228.582
1122.094 1468.595
1122.406 1460.608
1122.718 1434.621
1123.030 1420.634
1123.342 1758.647
1123.654 1627.660
1123.966 1341.673
1124.278 1281.686
1124.590 1536.699
1124.902 1790.711
1125.214 1458.724
1125.526 1272.737
1125.838 1466.750
1126.150 1664.763
1126.462 1418.776
1126.774 1366.789
1127.086 1767.802
1127.398 1835.815
1127.710 1437.827
1128.022 1285.840
1128.334 1470.853
1128.646 1716.866
1128.958 1440.879
1129.270 1222.891
1129.582 1387.904
1129.894 1404.917
1130.206 1332.930
1130.518 1222.942
1130.830 1498.955
1131.142 1674.968
1131.454 1420.981
1131.766 1336.993
1132.078 1755.006
1132.390 1798.019
1132.702 1429.031
1133.014 1287.044
1133.326 1657.057
1133.638 1815.069
1133.950 1380.082
1134.262 1269.095
1134.574 1635.107
1134.886 1851.120
1135.198 1584.132
1135.510 1323.145
1135.822 1387.158
1136.134 1695.170
1136.447 1487.183
1136.759 1295.195
1137.071 1499.208
1137.383 1720.220
1137.695 1484.233
1138.007 1299.245
1138.319 1348.258
1138.631 1728.270
1138.943 1499.283
1139.255 1160.295
1139.567 1510.308
1139.879 1853.320
1140.191 1557.332
1140.503 1328.345
1140.815 1323.357
1141.127 1567.370
1141.439 1741.382
1141.751 1562.394
1142.063 1563.407
1142.375 1765.419
1142.687 1551.431
1142.999 1396.444
1143.311 1636.456
1143.623 1655.468
1143.935 1371.481
1144.247 1298.493
1144.559 1577.505
1144.871 2484.518
1145.183 2010.530
1145.495 1352.542
1145.807 1460.554
1146.119 1683.567
1146.431 1623.579
1146.743 1335.591
1147.055 1473.603
1147.367 1604.615
1147.679 1400.628
1147.991 1156.640
1148.303 1657.652
1148.615 1810.664
1148.927 1409.676
1149.239 1179.688
1149.551 1537.700
1149.863 1762.713
1150.175 1353.725
1150.487 1175.737
1150.799 1493.749
1151.111 1813.761
1151.423 1481.773
1151.735 1390.785
1152.047 1651.797
1152.359 1759.809
1152.671 1344.821
1152.983 1147.833
1153.295 1517.845
1153.607 1747.857
1153.920 1535.869
1154.232 1383.881
1154.544 1634.893
1154.856 1793.905
1155.168 1413.917
1155.480 1202.929
1155.792 1593.941
1156.104 1830.953
1156.416 1534.965
1156.728 1316.977
1157.040 1289.989
1157.352 1442.000
1157.664 1346.012
1157.976 1253.024
1158.288 1510.036
1158.600 1650.048
1158.912 1456.060
1159.224 1336.071
1159.536 1627.083
1159.848 1808.095
1160.160 1563.107
1160.472 1226.119
1160.784 1573.130
1161.096 1794.142
1161.408 1532.154
1161.720 1356.166
1162.032 1538.177
1162.344 1813.189
1162.656 1514.201
1162.968 1254.213
1163.280 1489.224
1163.592 1764.236
1163.904 1545.248
1164.216 1315.259
1164.528 1444.271
1164.840 1743.283
1165.152 1610.294
1165.464 1342.306
1165.776 1317.318
1166.088 1449.329
1166.400 1318.341
1166.712 1332.352
1167.024 1650.364
1167.336 1770.376
1167.648 1590.387
1167.960 1418.399
1168.272 1614.410
1168.584 1807.422
1168.896 1437.433
1169.208 1227.445
1169.520 1200.456
1169.832 1434.468
1170.144 1452.479
1170.456 1283.491
1170.768 1475.502
1171.080 1654.514
1171.392 1536.525
1171.705 1212.537
1172.017 1525.548
1172.329 1752.560
1172.641 1630.571
1172.953 1469.582
1173.265 1429.594
1173.577 1464.605
1173.889 1330.617
1174.201 1261.628
1174.513 1823.639
1174.825 1693.651
1175.137 1294.662
1175.449 1321.673
1175.761 1679.685
1176.073 1821.696
1176.385 1412.707
1176.697 1248.719
1177.009 1479.730
1177.321 1762.741
1177.633 1409.753
1177.945 1232.764
1178.257 1430.775
1178.569 1657.786
1178.881 1527.798
1179.193 1320.809
1179.505 1684.820
1179.817 1776.831
1180.129 1292.843
1180.441 1211.854
1180.753 1711.865
1181.065 1662.876
1181.377 1411.887
1181.689 1204.898
1182.001 1540.910
1182.313 1688.921
1182.625 1413.932
1182.937 1209.943
1183.249 1701.954
1183.561 1570.965
1183.873 1330.976
1184.185 1203.987
1184.497 1512.999
1184.809 1733.010
1185.121 1681.021
1185.433 1424.032
1185.745 1781.043
1186.057 1814.054
1186.369 1489.065
1186.681 1281.076
1186.993 1495.087
1187.305 1815.098
1187.617 1555.109
1187.929 1345.120
1188.241 1705.131
1188.553 1919.142
1188.865 1457.153
1189.178 1198.164
1189.490 2024.175
1189.802 2212.186
1190.114 1492.197
1190.426 1179.208
1190.738 1356.218
1191.050 1597.229
1191.362 1453.240
1191.674 1304.251
1191.986 1225.262
1192.298 1511.273
1192.610 1405.284
1192.922 1190.295
1193.234 1450.305
1193.546 1552.316
1193.858 1356.327
1194.170 1219.338
1194.482 1542.349
1194.794 1695.360
1195.106 1377.370
1195.418 1319.381
1195.730 1732.392
1196.042 2005.403
1196.354 1551.413
1196.666 941.424
1196.978 1337.435
1197.290 1696.446
1197.602 1419.456
1197.914 1297.467
1198.226 1573.478
1198.538 1658.489
1198.850 1509.499
1199.162 1319.510
1199.474 1731.521
1199.786 1549.531
1200.098 481.542
