196.847	-4.663
196.975	-6.602
197.102	-19.542
197.229	26.519
197.357	20.58
197.484	23.642
197.611	-14.297
197.739	12.765
197.866	16.828
197.993	26.89
198.121	-0.047
198.248	-18.984
198.375	-26.92
198.503	-24.856
198.63	-33.792
198.758	-8.728
198.885	29.336
199.013	8.401
199.14	-26.534
199.267	-11.468
199.395	1.597
199.522	-29.337
199.65	-21.271
199.777	5.796
199.905	-0.138
200.032	-13.071
200.16	-1.004
200.287	10.063
200.415	-3.869
200.542	-8.801
200.67	4.267
200.797	-14.665
200.925	-40.596
201.052	-3.528
201.18	8.541
201.307	7.61
201.435	-12.32
201.563	-24.251
201.69	20.819
201.818	22.889
201.945	2.959
202.073	-33.971
202.201	6.1
202.328	28.171
202.456	-10.758
202.583	-22.687
202.711	-3.616
202.839	-22.544
202.966	-17.473
203.094	-21.401
203.222	-5.329
203.349	14.744
203.477	-4.184
203.605	7.889
203.732	-10.039
203.86	-9.966
203.988	6.107
204.115	0.18
204.243	-36.746
204.371	-26.673
204.499	-15.599
204.626	-32.525
204.754	-12.451
204.882	-0.377
205.01	-17.303
205.137	-31.228
205.265	-4.154
205.393	23.921
205.521	41.996
205.649	-17.929
205.776	11.146
205.904	38.221
206.032	33.296
206.16	0.372
206.288	11.447
206.415	-8.477
206.543	22.599
206.671	19.674
206.799	-18.25
206.927	6.827
207.055	30.903
207.183	18.979
207.311	-6.945
207.438	-6.868
207.566	19.208
207.694	21.285
207.822	-8.638
207.95	-9.561
208.078	-3.484
208.206	-14.407
208.334	-14.33
208.462	3.747
208.59	1.824
208.718	0.901
208.846	16.979
208.974	-3.944
209.102	-26.866
209.23	-25.789
209.358	-18.711
209.486	12.367
209.614	14.445
209.742	-16.478
209.87	-130.4
209.998	-90.322
210.126	6.756
210.254	2.834
210.382	17.912
210.51	17.99
210.638	-9.931
210.766	-26.853
210.894	-5.775
211.022	3.303
211.151	-10.618
211.279	-8.54
211.407	5.538
211.535	9.617
211.663	2.695
211.791	9.774
211.919	0.852
212.047	22.93
212.176	-11.991
212.304	-26.913
212.432	18.166
212.56	-16.755
212.688	-25.677
212.817	28.402
212.945	39.48
213.073	19.559
213.201	-3.363
213.329	-1.284
213.458	8.795
213.586	47.873
213.714	17.952
213.842	-19.97
213.971	21.109
214.099	28.188
214.227	8.266
214.355	-21.655
214.484	-31.577
214.612	13.502
214.74	42.58
214.869	46.659
214.997	14.737
215.125	-8.184
215.254	-3.106
215.382	-1.028
215.51	32.051
215.639	31.129
215.767	-9.792
215.895	19.286
216.024	60.364
216.152	54.442
216.281	87.521
216.409	109.599
216.537	70.677
216.666	53.755
216.794	47.833
216.923	15.911
217.051	28.989
217.18	27.067
217.308	22.145
217.436	-5.777
217.565	-7.7
217.693	22.378
217.822	29.456
217.95	43.533
218.079	67.611
218.207	93.688
218.336	32.766
218.464	-16.157
218.593	30.921
218.721	54.998
218.85	2.075
218.978	1.152
219.107	21.23
219.236	-0.693
219.364	4.384
219.493	14.461
219.621	63.537
219.75	34.614
219.878	7.691
220.007	19.768
220.136	-7.156
220.264	-1.079
220.393	-2.003
220.521	26.073
220.65	21.15
220.779	52.226
220.907	38.302
221.036	20.378
221.165	46.454
221.293	61.53
221.422	27.606
221.551	-9.319
221.679	-1.243
221.808	8.833
221.937	-5.092
222.066	9.983
222.194	41.059
222.323	31.134
222.452	34.209
222.58	17.284
222.709	34.359
222.838	34.434
222.967	20.509
223.096	6.583
223.224	26.658
223.353	39.732
223.482	39.807
223.611	12.881
223.739	33.955
223.868	54.029
223.997	84.103
224.126	12.177
224.255	30.251
224.384	44.325
224.512	27.398
224.641	24.472
224.77	46.545
224.899	55.618
225.028	19.692
225.157	21.765
225.286	40.838
225.415	71.911
225.543	22.983
225.672	-15.944
225.801	-7.871
225.93	17.201
226.059	10.273
226.188	64.345
226.317	65.418
226.446	9.49
226.575	4.561
226.704	20.633
226.833	48.705
226.962	52.776
227.091	33.848
227.22	37.919
227.349	68.99
227.478	27.062
227.607	19.132
227.736	57.203
227.865	25.274
227.994	22.345
228.123	37.415
228.252	-2.514
228.381	-6.444
228.51	57.626
228.639	64.696
228.768	13.766
228.898	3.836
229.027	31.905
229.156	28.975
229.285	16.044
229.414	18.114
229.543	24.183
229.672	-1.748
229.801	10.321
229.931	27.39
230.06	51.458
230.189	39.527
230.318	87.596
230.447	53.664
230.576	-10.268
230.706	33.8
230.835	29.868
230.964	74.936
231.093	52.004
231.222	16.071
231.352	52.139
231.481	48.206
231.61	22.273
231.739	69.34
231.869	39.407
231.998	3.474
232.127	48.541
232.256	70.607
232.386	25.674
232.515	37.74
232.644	42.806
232.774	-9.128
232.903	-3.062
233.032	26.004
233.162	52.07
233.291	26.135
233.42	15.2
233.55	17.266
233.679	67.331
233.808	33.396
233.938	11.461
234.067	17.525
234.196	35.59
234.326	72.655
234.455	59.719
234.585	92.783
234.714	78.847
234.843	55.911
234.973	105.975
235.102	54.039
235.232	41.102
235.361	58.166
235.491	18.229
235.62	-16.708
235.75	7.355
235.879	44.418
236.009	16.481
236.138	22.543
236.268	35.606
236.397	53.668
236.527	145.731
236.656	80.793
236.786	35.855
236.915	86.916
237.045	38.978
237.174	15.04
237.304	62.101
237.433	40.162
237.563	24.224
237.693	76.285
237.822	47.346
237.952	16.406
238.081	19.467
238.211	-10.473
238.341	-13.412
238.47	-21.352
238.6	28.708
238.729	64.768
238.859	76.828
238.989	36.888
239.118	55.947
239.248	107.007
239.378	78.066
239.507	34.125
239.637	16.184
239.767	43.243
239.896	57.302
240.026	28.361
240.156	71.419
240.286	73.477
240.415	54.536
240.545	19.594
240.675	6.652
240.805	42.71
240.934	38.767
241.064	76.825
241.194	60.882
241.324	67.94
241.453	62.997
241.583	52.054
241.713	1.111
241.843	52.168
241.973	81.224
242.102	39.281
242.232	33.337
242.362	59.394
242.492	80.45
242.622	34.506
242.752	23.562
242.881	116.617
243.011	102.673
243.141	92.728
243.271	67.784
243.401	24.839
243.531	-3.106
243.661	44.949
243.791	48.004
243.921	19.059
244.051	23.113
244.181	43.168
244.31	46.222
244.44	23.276
244.57	16.33
244.7	8.384
244.83	11.438
244.96	39.491
245.09	76.545
245.22	52.598
245.35	14.652
245.48	19.705
245.61	21.758
245.74	17.811
245.87	36.864
246	29.916
246.13	8.969
246.26	35.021
246.391	44.073
246.521	52.125
246.651	51.177
246.781	31.229
246.911	37.281
247.041	40.333
247.171	35.384
247.301	20.436
247.431	36.487
247.561	39.538
247.691	16.589
247.822	53.64
247.952	74.691
248.082	81.741
248.212	127.792
248.342	61.842
248.472	20.892
248.603	66.942
248.733	57.992
248.863	39.042
248.993	16.092
249.123	73.142
249.254	98.191
249.384	109.241
249.514	71.29
249.644	22.339
249.775	23.388
249.905	25.437
250.035	27.486
250.165	14.534
250.296	86.583
250.426	72.631
250.556	22.679
250.686	41.728
250.817	31.776
250.947	27.824
251.077	30.871
251.208	11.919
251.338	30.967
251.468	45.014
251.599	49.061
251.729	50.109
251.859	56.156
251.99	16.203
252.12	28.25
252.25	49.296
252.381	98.343
252.511	61.389
252.642	1.436
252.772	27.482
252.902	38.528
253.033	-1.426
253.163	48.62
253.294	76.666
253.424	82.712
253.555	62.757
253.685	14.803
253.816	18.848
253.946	102.893
254.077	71.938
254.207	22.983
254.338	48.028
254.468	76.073
254.599	25.118
254.729	12.162
254.86	74.207
254.99	93.251
255.121	59.295
255.251	1.339
255.382	72.383
255.512	120.427
255.643	41.471
255.773	-1.486
255.904	18.558
256.035	61.601
256.165	71.645
256.296	43.688
256.426	64.731
256.557	69.774
256.688	59.817
256.818	37.859
256.949	56.902
257.08	29.945
257.21	74.987
257.341	117.029
257.471	126.072
257.602	61.114
257.733	51.156
257.864	21.197
257.994	14.239
258.125	32.281
258.256	79.322
258.386	39.364
258.517	46.405
258.648	74.446
258.779	64.488
258.909	45.529
259.04	-99.43
259.171	-52.39
259.302	28.651
259.432	48.692
259.563	62.732
259.694	53.773
259.825	63.813
259.955	56.853
260.086	59.893
260.217	54.933
260.348	83.973
260.479	45.013
260.61	96.052
260.74	71.092
260.871	34.131
261.002	39.171
261.133	52.21
261.264	76.249
261.395	49.288
261.526	52.327
261.657	73.366
261.787	50.405
261.918	57.444
262.049	25.482
262.18	41.521
262.311	124.559
262.442	93.597
262.573	61.635
262.704	63.673
262.835	55.711
262.966	59.749
263.097	26.787
263.228	31.825
263.359	43.862
263.49	23.9
263.621	25.937
263.752	78.974
263.883	125.011
264.014	82.049
264.145	27.086
264.276	47.122
264.407	70.159
264.538	32.196
264.669	6.233
264.8	47.269
264.931	104.305
265.062	60.342
265.193	46.378
265.324	41.414
265.456	46.45
265.587	39.486
265.718	27.522
265.849	26.558
265.98	65.593
266.111	64.629
266.242	77.664
266.373	76.7
266.505	63.735
266.636	57.77
266.767	110.805
266.898	93.841
267.029	59.875
267.161	47.91
267.292	45.945
267.423	24.98
267.554	49.014
267.685	36.049
267.817	33.083
267.948	122.117
268.079	104.152
268.21	90.186
268.342	64.22
268.473	61.254
268.604	94.288
268.735	43.321
268.867	-2.645
268.998	22.389
269.129	126.422
269.261	120.456
269.392	72.489
269.523	111.522
269.655	56.555
269.786	59.589
269.917	74.622
270.049	44.654
270.18	66.687
270.311	81.72
270.443	47.753
270.574	52.785
270.705	52.818
270.837	48.85
270.968	2.882
271.1	6.915
271.231	54.947
271.362	57.979
271.494	22.011
271.625	44.043
271.757	81.075
271.888	70.106
272.02	28.138
272.151	5.17
272.283	-4.799
272.414	10.233
272.546	35.264
272.677	63.295
272.809	63.326
272.94	39.357
273.072	41.388
273.203	63.419
273.335	52.45
273.466	12.481
273.598	41.512
273.729	38.542
273.861	40.573
273.992	24.603
274.124	-12.366
274.256	37.664
274.387	40.694
274.519	21.724
274.65	39.754
274.782	63.784
274.914	33.814
275.045	33.844
275.177	45.874
275.308	53.903
275.44	41.933
275.572	-9.037
275.703	24.992
275.835	57.021
275.967	35.051
276.098	-2.92
276.23	20.109
276.362	39.138
276.494	-61.833
276.625	-28.804
276.757	24.225
276.889	70.254
277.02	87.282
277.152	56.311
277.284	42.34
277.416	61.368
277.547	85.397
277.679	33.425
277.811	-4.547
277.943	39.481
278.075	47.509
278.206	14.538
278.338	18.566
278.47	51.593
278.602	72.621
278.734	35.649
278.865	40.677
278.997	71.704
279.129	55.732
279.261	29.759
279.393	26.787
279.525	17.814
279.657	28.841
279.788	50.869
279.92	23.896
280.052	22.923
280.184	45.95
280.316	51.977
280.448	56.004
280.58	58.03
280.712	27.057
280.844	34.084
280.976	64.11
281.108	82.137
281.24	61.163
281.372	43.19
281.503	27.216
281.635	45.242
281.767	75.268
281.899	56.295
282.031	37.321
282.163	35.347
282.295	58.373
282.427	53.398
282.56	20.424
282.692	24.45
282.824	65.476
282.956	66.501
283.088	42.527
283.22	37.552
283.352	15.578
283.484	11.603
283.616	31.628
283.748	76.653
283.88	65.678
284.012	69.704
284.144	48.729
284.277	31.754
284.409	64.778
284.541	36.803
284.673	17.828
284.805	57.853
284.937	56.877
285.069	24.902
285.202	8.926
285.334	-0.049
285.466	57.975
285.598	65
285.73	21.024
285.863	11.048
285.995	78.072
286.127	85.096
286.259	71.12
286.392	-36.856
286.524	12.168
286.656	72.192
286.788	44.216
286.921	56.24
287.053	74.263
287.185	88.287
287.317	60.31
287.45	100.334
287.582	93.357
287.714	46.381
287.847	51.404
287.979	74.427
288.111	87.451
288.244	111.474
288.376	77.497
288.508	49.52
288.641	59.543
288.773	32.566
288.905	32.589
289.038	20.611
289.17	57.634
289.303	86.657
289.435	50.679
289.567	57.702
289.7	114.724
289.832	86.747
289.965	27.769
290.097	39.792
290.23	27.814
290.362	24.836
290.494	19.858
290.627	34.881
290.759	66.903
290.892	40.925
291.024	63.947
291.157	61.969
291.289	61.99
291.422	76.012
291.554	52.034
291.687	91.056
291.819	104.077
291.952	68.099
292.084	72.12
292.217	108.142
292.35	130.163
292.482	133.185
292.615	111.206
292.747	67.227
292.88	115.249
293.013	80.27
293.145	46.291
293.278	54.312
293.41	48.333
293.543	32.354
293.676	42.375
293.808	90.396
293.941	40.416
294.074	-8.563
294.206	4.458
294.339	50.479
294.472	118.499
294.604	83.52
294.737	29.54
294.87	64.561
295.002	80.581
295.135	101.601
295.268	70.622
295.4	68.642
295.533	88.662
295.666	56.682
295.799	38.702
295.931	50.722
296.064	76.742
296.197	47.762
296.33	46.782
296.463	72.802
296.595	124.822
296.728	62.842
296.861	64.862
296.994	135.881
297.127	108.901
297.259	41.92
297.392	21.94
297.525	77.959
297.658	91.979
297.791	56.998
297.924	68.018
298.056	73.037
298.189	38.056
298.322	51.075
298.455	79.094
298.588	68.114
298.721	82.133
298.854	68.152
298.987	24.171
299.12	63.19
299.253	98.208
299.385	136.227
299.518	68.246
299.651	48.265
299.784	60.284
299.917	80.302
300.05	68.321
300.183	32.339
300.316	28.358
300.449	88.376
300.582	49.395
300.715	38.413
300.848	85.431
300.981	131.45
301.114	63.468
301.247	68.486
301.38	85.504
301.513	101.523
301.647	68.541
301.78	61.559
301.913	58.577
302.046	69.595
302.179	49.613
302.312	27.63
302.445	-44.352
302.578	7.666
302.711	37.684
302.844	85.701
302.978	157.719
303.111	108.737
303.244	41.754
303.377	69.772
303.51	81.789
303.643	46.807
303.776	38.824
303.91	54.842
304.043	115.859
304.176	152.876
304.309	86.893
304.442	72.911
304.576	110.928
304.709	48.945
304.842	1.962
304.975	33.979
305.109	105.996
305.242	99.013
305.375	55.03
305.508	70.047
305.642	97.064
305.775	47.08
305.908	7.097
306.042	73.114
306.175	154.131
306.308	76.147
306.441	12.164
306.575	37.18
306.708	51.197
306.841	68.213
306.975	39.23
307.108	79.246
307.242	137.263
307.375	119.279
307.508	54.295
307.642	61.312
307.775	85.328
307.908	23.344
308.042	-1.64
308.175	53.376
308.309	57.392
308.442	30.408
308.576	24.424
308.709	61.44
308.842	68.456
308.976	57.472
309.109	32.488
309.243	62.504
309.376	87.519
309.51	94.535
309.643	42.551
309.777	88.567
309.91	112.582
310.044	72.598
310.177	40.613
310.311	29.629
310.444	102.644
310.578	125.66
310.711	64.675
310.845	52.691
310.979	68.706
311.112	53.721
311.246	52.737
311.379	96.752
311.513	64.767
311.646	45.782
311.78	31.797
311.914	65.812
312.047	133.827
312.181	108.842
312.315	72.857
312.448	112.872
312.582	132.887
312.715	113.902
312.849	103.917
312.983	69.932
313.116	71.947
313.25	69.961
313.384	37.976
313.518	67.991
313.651	87.005
313.785	53.02
313.919	25.035
314.052	74.049
314.186	58.064
314.32	29.078
314.454	34.093
314.587	54.107
314.721	78.122
314.855	107.136
314.989	116.15
315.122	147.164
315.256	95.179
315.39	60.193
315.524	60.207
315.658	36.221
315.791	75.235
315.925	81.25
316.059	52.264
316.193	75.278
316.327	55.292
316.461	26.306
316.595	28.32
316.728	64.333
316.862	72.347
316.996	40.361
317.13	13.375
317.264	71.389
317.398	102.403
317.532	45.416
317.666	16.43
317.8	61.444
317.934	70.457
318.067	52.471
318.201	67.484
318.335	53.498
318.469	98.511
318.603	98.525
318.737	58.538
318.871	72.552
319.005	87.565
319.139	95.579
319.273	57.592
319.407	70.605
319.541	67.618
319.675	32.632
319.809	64.645
319.943	108.658
320.077	155.671
320.211	82.684
320.346	49.697
320.48	70.711
320.614	78.724
320.748	33.737
320.882	12.75
321.016	111.762
321.15	151.775
321.284	126.788
321.418	79.801
321.552	57.814
321.687	88.827
321.821	89.84
321.955	66.852
322.089	65.865
322.223	69.878
322.357	48.89
322.491	19.903
322.626	46.916
322.76	74.928
322.894	50.941
323.028	32.953
323.162	62.966
323.297	141.978
323.431	98.991
323.565	57.003
323.699	62.016
323.834	71.028
323.968	66.04
324.102	91.053
324.236	88.065
324.371	96.077
324.505	52.089
324.639	44.102
324.774	74.114
324.908	107.126
325.042	110.138
325.177	88.15
325.311	109.162
325.445	173.174
325.58	101.186
325.714	33.198
325.848	104.21
325.983	70.222
326.117	37.234
326.251	61.246
326.386	76.258
326.52	94.27
326.654	57.281
326.789	17.293
326.923	-6.695
327.058	49.317
327.192	22.328
327.327	64.34
327.461	125.352
327.595	75.363
327.73	56.375
327.864	77.387
327.999	154.398
328.133	168.41
328.268	117.421
328.402	46.433
328.537	127.444
328.671	200.455
328.806	97.467
328.94	97.478
329.075	109.49
329.209	117.501
329.344	84.512
329.478	44.524
329.613	79.535
329.748	123.546
329.882	92.557
330.017	55.568
330.151	105.58
330.286	122.591
330.421	84.602
330.555	71.613
330.69	77.624
330.824	81.635
330.959	72.646
331.094	56.657
331.228	63.668
331.363	99.679
331.498	81.69
331.632	29.701
331.767	74.712
331.902	101.723
332.036	72.733
332.171	84.744
332.306	81.755
332.44	108.766
332.575	105.777
332.71	72.787
332.844	49.798
332.979	81.809
333.114	65.819
333.249	47.83
333.383	90.841
333.518	144.851
333.653	120.862
333.788	134.872
333.923	284.883
334.057	234.893
334.192	91.904
334.327	53.914
334.462	85.925
334.597	91.935
334.731	60.946
334.866	46.956
335.001	90.966
335.136	145.977
335.271	110.987
335.406	63.997
335.541	76.007
335.675	118.018
335.81	72.028
335.945	125.038
336.08	141.048
336.215	103.058
336.35	136.069
336.485	131.079
336.62	111.089
336.755	139.099
336.89	127.109
337.025	79.119
337.16	139.129
337.294	180.139
337.429	124.149
337.564	120.159
337.699	133.169
337.834	139.179
337.969	92.188
338.104	60.198
338.239	93.208
338.374	104.218
338.509	98.228
338.644	120.238
338.78	151.247
338.915	165.257
339.05	143.267
339.185	152.276
339.32	128.286
339.455	169.296
339.59	152.305
339.725	67.315
339.86	147.325
339.995	215.334
340.13	135.344
340.265	90.353
340.401	136.363
340.536	153.372
340.671	165.382
340.806	127.391
340.941	113.401
341.076	79.41
341.211	94.42
341.347	94.429
341.482	106.438
341.617	141.448
341.752	102.457
341.887	85.466
342.023	116.476
342.158	126.485
342.293	80.494
342.428	97.503
342.564	130.513
342.699	130.522
342.834	119.531
342.969	91.54
343.105	133.549
343.24	168.558
343.375	125.568
343.51	137.577
343.646	149.586
343.781	163.595
343.916	124.604
344.052	99.613
344.187	180.622
344.322	226.631
344.458	202.64
344.593	194.649
344.728	210.658
344.864	174.667
344.999	98.675
345.135	70.684
345.27	83.693
345.405	155.702
345.541	137.711
345.676	104.72
345.812	142.728
345.947	167.737
346.082	142.746
346.218	115.755
346.353	107.763
346.489	110.772
346.624	107.781
346.76	88.789
346.895	135.798
347.031	137.807
347.166	154.815
347.302	146.824
347.437	137.832
347.573	167.841
347.708	157.849
347.844	161.858
347.979	189.866
348.115	124.875
348.25	82.883
348.386	102.892
348.521	225.9
348.657	203.909
348.792	190.917
348.928	153.926
349.064	150.934
349.199	168.942
349.335	158.951
349.47	130.959
349.606	159.967
349.742	193.975
349.877	153.984
350.013	113.992
350.149	137
350.284	181.008
350.42	158.017
350.555	116.025
350.691	148.033
350.827	182.041
350.962	160.049
351.098	146.057
351.234	130.066
351.37	143.074
351.505	149.082
351.641	146.09
351.777	144.098
351.912	210.106
352.048	201.114
352.184	188.122
352.32	261.13
352.455	226.138
352.591	148.146
352.727	153.154
352.863	214.162
352.999	263.17
353.134	205.177
353.27	156.185
353.406	181.193
353.542	207.201
353.678	185.209
353.814	143.217
353.949	193.224
354.085	214.232
354.221	236.24
354.357	232.248
354.493	208.255
354.629	194.263
354.765	185.271
354.9	192.279
355.036	162.286
355.172	181.294
355.308	189.302
355.444	181.309
355.58	208.317
355.716	219.324
355.852	173.332
355.988	85.34
356.124	177.347
356.26	231.355
356.396	178.362
356.532	164.37
356.668	265.377
356.804	298.385
356.94	215.392
357.076	156.4
357.212	274.407
357.348	262.415
357.484	189.422
357.62	168.429
357.756	226.437
357.892	278.444
358.028	259.452
358.164	208.459
358.3	205.466
358.436	255.474
358.572	226.481
358.708	234.488
358.844	266.495
358.981	292.503
359.117	269.51
359.253	248.517
359.389	250.524
359.525	261.532
359.661	264.539
359.797	211.546
359.933	226.553
360.07	316.56
360.206	283.567
360.342	245.575
360.478	264.582
360.614	304.589
360.751	275.596
360.887	247.603
361.023	287.61
361.159	295.617
361.295	277.624
361.432	262.631
361.568	225.638
361.704	311.645
361.84	285.652
361.977	231.659
362.113	294.666
362.249	307.673
362.386	285.68
362.522	238.687
362.658	332.694
362.794	372.7
362.931	307.707
363.067	311.714
363.203	383.721
363.34	372.728
363.476	273.735
363.612	252.742
363.749	344.748
363.885	320.755
364.022	276.762
364.158	290.769
364.294	300.775
364.431	356.782
364.567	366.789
364.703	316.796
364.84	337.802
364.976	364.809
365.113	312.816
365.249	279.822
365.386	342.829
365.522	356.836
365.659	318.842
365.795	352.849
365.931	311.855
366.068	372.862
366.204	364.869
366.341	316.875
366.477	353.882
366.614	379.888
366.75	350.895
366.887	323.901
367.023	314.908
367.16	395.914
367.297	371.921
367.433	305.927
367.57	373.934
367.706	418.94
367.843	394.946
367.979	370.953
368.116	390.959
368.253	426.966
368.389	376.972
368.526	375.978
368.662	434.985
368.799	433.991
368.936	371.997
369.072	360.004
369.209	413.01
369.346	415.016
369.482	370.023
369.619	344.029
369.756	372.035
369.892	405.041
370.029	373.048
370.166	336.054
370.302	382.06
370.439	452.066
370.576	464.073
370.712	462.079
370.849	515.085
370.986	463.091
371.123	400.097
371.259	406.103
371.396	442.11
371.533	506.116
371.67	460.122
371.806	424.128
371.943	431.134
372.08	461.14
372.217	433.146
372.354	399.152
372.49	462.158
372.627	493.164
372.764	434.17
372.901	445.176
373.038	519.182
373.175	525.188
373.312	505.194
373.448	457.2
373.585	469.206
373.722	554.212
373.859	534.218
373.996	476.224
374.133	490.23
374.27	537.236
374.407	571.242
374.544	533.248
374.68	517.253
374.817	544.259
374.954	542.265
375.091	541.271
375.228	566.277
375.365	583.283
375.502	564.288
375.639	551.294
375.776	558.3
375.913	553.306
376.05	537.312
376.187	507.317
376.324	552.323
376.461	590.329
376.598	598.334
376.735	539.34
376.872	554.346
377.009	600.352
377.146	575.357
377.283	569.363
377.421	636.369
377.558	613.374
377.695	610.38
377.832	586.386
377.969	615.391
378.106	651.397
378.243	627.402
378.38	599.408
378.517	645.414
378.655	722.419
378.792	619.425
378.929	569.43
379.066	616.436
379.203	660.441
379.34	675.447
379.477	673.452
379.615	660.458
379.752	672.463
379.889	643.469
380.026	605.474
380.163	688.48
380.301	700.485
380.438	645.491
380.575	647.496
380.712	700.502
380.85	681.507
380.987	651.512
381.124	696.518
381.261	732.523
381.399	756.529
381.536	728.534
381.673	658.539
381.811	730.545
381.948	815.55
382.085	747.555
382.223	699.561
382.36	672.566
382.497	721.571
382.635	729.577
382.772	699.582
382.909	776.587
383.047	777.592
383.184	730.598
383.321	742.603
383.459	787.608
383.596	800.613
383.734	767.619
383.871	748.624
384.008	787.629
384.146	773.634
384.283	763.639
384.421	777.645
384.558	812.65
384.696	872.655
384.833	870.66
384.971	816.665
385.108	789.67
385.245	785.676
385.383	818.681
385.52	873.686
385.658	941.691
385.795	989.696
385.933	914.701
386.07	842.706
386.208	850.711
386.346	859.716
386.483	861.721
386.621	790.726
386.758	856.731
386.896	914.736
387.033	845.741
387.171	853.746
387.309	903.751
387.446	889.756
387.584	902.761
387.721	879.766
387.859	888.771
387.997	926.776
388.134	908.781
388.272	870.786
388.409	954.791
388.547	1059.796
388.685	956.801
388.822	875.806
388.96	1001.811
389.098	1076.816
389.235	986.82
389.373	973.825
389.511	1008.83
389.649	1023.835
389.786	1016.84
389.924	993.845
390.062	989.849
390.199	1033.854
390.337	996.859
390.475	969.864
390.613	1026.869
390.75	1065.874
390.888	1012.878
391.026	974.883
391.164	1013.888
391.302	1070.893
391.439	1016.897
391.577	972.902
391.715	1002.907
391.853	1040.912
391.991	1071.916
392.129	1090.921
392.266	1055.926
392.404	1019.93
392.542	1008.935
392.68	981.94
392.818	1072.944
392.956	1097.949
393.094	1017.954
393.231	1042.958
393.369	1074.963
393.507	1088.968
393.645	1103.972
393.783	1072.977
393.921	1123.981
394.059	1167.986
394.197	1131.991
394.335	1112.995
394.473	1131
394.611	1141.004
394.749	1122.009
394.887	1094.013
395.025	1084.018
395.163	1109.023
395.301	1079.027
395.439	1085.032
395.577	1131.036
395.715	1119.041
395.853	1047.045
395.991	1079.05
396.129	1151.054
396.267	1204.059
396.405	1109.063
396.543	1094.067
396.681	1136.072
396.819	1138.076
396.957	1140.081
397.095	1124.085
397.234	1174.09
397.372	1244.094
397.51	1205.099
397.648	1115.103
397.786	1172.107
397.924	1191.112
398.062	1165.116
398.2	1129.12
398.339	1152.125
398.477	1168.129
398.615	1148.134
398.753	1180.138
398.891	1232.142
399.03	1293.147
399.168	1229.151
399.306	1129.155
399.444	1211.159
399.582	1256.164
399.721	1223.168
399.859	1173.172
399.997	1200.177
400.135	1236.181
400.274	1255.185
400.412	1208.189
400.55	1282.194
400.688	1300.198
400.827	1245.202
400.965	1192.206
401.103	1266.211
401.242	1248.215
401.38	1251.219
401.518	1264.223
401.657	1284.228
401.795	1323.232
401.933	1292.236
402.072	1268.24
402.21	1330.244
402.348	1366.248
402.487	1340.253
402.625	1277.257
402.763	1290.261
402.902	1336.265
403.04	1305.269
403.179	1290.273
403.317	1323.277
403.456	1407.281
403.594	1381.286
403.732	1329.29
403.871	1338.294
404.009	1360.298
404.148	1341.302
404.286	1302.306
404.425	1285.31
404.563	1402.314
404.702	1392.318
404.84	1325.322
404.979	1397.326
405.117	1450.33
405.256	1369.334
405.394	1325.338
405.533	1426.342
405.671	1456.346
405.81	1368.35
405.948	1376.354
406.087	1412.358
406.225	1436.362
406.364	1421.366
406.503	1396.37
406.641	1407.374
406.78	1503.378
406.918	1423.382
407.057	1402.386
407.196	1471.39
407.334	1517.394
407.473	1481.398
407.612	1481.402
407.75	1498.406
407.889	1470.41
408.027	1400.414
408.166	1380.417
408.305	1397.421
408.444	1441.425
408.582	1415.429
408.721	1382.433
408.86	1424.437
408.998	1472.441
409.137	1422.444
409.276	1410.448
409.414	1480.452
409.553	1498.456
409.692	1442.46
409.831	1387.464
409.969	1448.467
410.108	1531.471
410.247	1485.475
410.386	1490.479
410.525	1526.483
410.663	1487.486
410.802	1389.49
410.941	1411.494
411.08	1528.498
411.219	1608.502
411.357	1537.505
411.496	1460.509
411.635	1501.513
411.774	1561.516
411.913	1510.52
412.052	1459.524
412.191	1459.528
412.329	1562.531
412.468	1553.535
412.607	1525.539
412.746	1513.542
412.885	1560.546
413.024	1531.55
413.163	1459.554
413.302	1521.557
413.441	1599.561
413.58	1540.565
413.719	1489.568
413.858	1544.572
413.997	1553.575
414.136	1480.579
414.275	1480.583
414.414	1493.586
414.553	1491.59
414.692	1492.594
414.831	1487.597
414.97	1555.601
415.109	1551.604
415.248	1460.608
415.387	1455.612
415.526	1514.615
415.665	1532.619
415.804	1489.622
415.943	1482.626
416.082	1542.629
416.221	1570.633
416.36	1512.637
416.499	1558.64
416.638	1646.644
416.777	1589.647
416.917	1505.651
417.056	1519.654
417.195	1576.658
417.334	1586.661
417.473	1493.665
417.612	1487.668
417.751	1550.672
417.891	1592.675
418.03	1594.679
418.169	1572.682
418.308	1587.686
418.447	1610.689
418.587	1570.693
418.726	1550.696
418.865	1649.7
419.004	1615.703
419.143	1578.706
419.283	1550.71
419.422	1593.713
419.561	1616.717
419.7	1541.72
419.84	1517.724
419.979	1564.727
420.118	1615.73
420.258	1587.734
420.397	1567.737
420.536	1644.741
420.675	1643.744
420.815	1550.747
420.954	1594.751
421.093	1693.754
421.233	1741.757
421.372	1685.761
421.511	1626.764
421.651	1652.767
421.79	1624.771
421.93	1581.774
422.069	1550.777
422.208	1684.781
422.348	1779.784
422.487	1704.787
422.627	1635.791
422.766	1628.794
422.905	1634.797
423.045	1634.801
423.184	1641.804
423.324	1716.807
423.463	1739.811
423.603	1705.814
423.742	1723.817
423.882	1718.82
424.021	1685.824
424.161	1633.827
424.3	1644.83
424.44	1676.833
424.579	1665.837
424.719	1661.84
424.858	1709.843
424.998	1751.846
425.137	1717.85
425.277	1588.853
425.416	1592.856
425.556	1727.859
425.695	1721.862
425.835	1685.866
425.975	1716.869
426.114	1733.872
426.254	1722.875
426.393	1642.878
426.533	1660.881
426.673	1749.885
426.812	1754.888
426.952	1660.891
427.091	1662.894
427.231	1758.897
427.371	1804.9
427.51	1717.904
427.65	1727.907
427.79	1749.91
427.929	1755.913
428.069	1721.916
428.209	1715.919
428.348	1766.922
428.488	1799.925
428.628	1704.929
428.768	1650.932
428.907	1759.935
429.047	1823.938
429.187	1717.941
429.327	1700.944
429.466	1757.947
429.606	1758.95
429.746	1677.953
429.886	1663.956
430.025	1762.959
430.165	1757.962
430.305	1684.965
430.445	1739.969
430.585	1825.972
430.725	1733.975
430.864	1646.978
431.004	1671.981
431.144	1737.984
431.284	1723.987
431.424	1677.99
431.564	1671.993
431.704	1710.996
431.843	1781.999
431.983	1728.002
432.123	1669.005
432.263	1688.008
432.403	1727.011
432.543	1712.014
432.683	1707.017
432.823	1712.02
432.963	1690.023
433.103	1688.026
433.243	1657.029
433.383	1674.031
433.523	1775.034
433.663	1777.037
433.803	1732.04
433.942	1798.043
434.082	1783.046
434.222	1657.049
434.363	1690.052
434.503	1764.055
434.643	1761.058
434.783	1639.061
434.923	1565.064
435.063	1726.067
435.203	1789.069
435.343	1709.072
435.483	1649.075
435.623	1759.078
435.763	1767.081
435.903	1679.084
436.043	1669.087
436.183	1724.09
436.323	1720.093
436.464	1642.095
436.604	1630.098
436.744	1726.101
436.884	1740.104
437.024	1729.107
437.164	1693.11
437.304	1757.112
437.445	1764.115
437.585	1649.118
437.725	1638.121
437.865	1695.124
438.005	1761.127
438.145	1731.129
438.286	1688.132
438.426	1779.135
438.566	1797.138
438.706	1690.141
438.847	1616.143
438.987	1735.146
439.127	1741.149
439.267	1653.152
439.408	1645.154
439.548	1755.157
439.688	1803.16
439.829	1720.163
439.969	1666.166
440.109	1703.168
440.249	1708.171
440.39	1674.174
440.53	1632.177
440.67	1679.179
440.811	1724.182
440.951	1686.185
441.091	1698.187
441.232	1743.19
441.372	1764.193
441.513	1674.196
441.653	1673.198
441.793	1711.201
441.934	1694.204
442.074	1653.206
442.215	1630.209
442.355	1701.212
442.495	1788.215
442.636	1642.217
442.776	1624.22
442.917	1792.223
443.057	1788.225
443.198	1669.228
443.338	1632.231
443.479	1738.233
443.619	1777.236
443.76	1664.239
443.9	1665.241
444.041	1703.244
444.181	1773.247
444.322	1777.249
444.462	1729.252
444.603	1774.254
444.743	1794.257
444.884	1730.26
445.024	1694.262
445.165	1727.265
445.305	1768.268
445.446	1701.27
445.587	1718.273
445.727	1788.275
445.868	1799.278
446.008	1749.281
446.149	1686.283
446.29	1700.286
446.43	1745.288
446.571	1734.291
446.711	1693.293
446.852	1674.296
446.993	1692.299
447.133	1680.301
447.274	1671.304
447.415	1713.306
447.555	1778.309
447.696	1723.311
447.837	1683.314
447.978	1690.317
448.118	1754.319
448.259	1734.322
448.4	1666.324
448.54	1681.327
448.681	1702.329
448.822	1691.332
448.963	1664.334
449.103	1686.337
449.244	1685.339
449.385	1682.342
449.526	1668.344
449.667	1714.347
449.807	1777.349
449.948	1702.352
450.089	1678.354
450.23	1735.357
450.371	1721.359
450.511	1631.362
450.652	1603.364
450.793	1643.367
450.934	1711.369
451.075	1717.372
451.216	1711.374
451.357	1689.377
451.497	1714.379
451.638	1700.381
451.779	1678.384
451.92	1649.386
452.061	1673.389
452.202	1681.391
452.343	1650.394
452.484	1667.396
452.625	1639.399
452.766	1586.401
452.907	1612.403
453.048	1638.406
453.189	1592.408
453.33	1626.411
453.471	1602.413
453.612	1625.415
453.753	1619.418
453.894	1557.42
454.035	1557.423
454.176	1612.425
454.317	1649.427
454.458	1576.43
454.599	1533.432
454.74	1584.435
454.881	1542.437
455.022	1489.439
455.163	1547.442
455.304	1598.444
455.445	1568.446
455.586	1531.449
455.727	1545.451
455.868	1571.454
456.01	1590.456
456.151	1532.458
456.292	1520.461
456.433	1587.463
456.574	1563.465
456.715	1560.468
456.856	1561.47
456.998	1604.472
457.139	1656.475
457.28	1584.477
457.421	1561.479
457.562	1550.482
457.703	1561.484
457.845	1533.486
457.986	1535.489
458.127	1559.491
458.268	1553.493
458.41	1512.495
458.551	1522.498
458.692	1543.5
458.833	1495.502
458.975	1499.505
459.116	1525.507
459.257	1572.509
459.398	1628.511
459.54	1596.514
459.681	1589.516
459.822	1624.518
459.964	1639.521
460.105	1579.523
460.246	1531.525
460.388	1613.527
460.529	1602.53
460.67	1599.532
460.812	1534.534
460.953	1578.536
461.094	1637.539
461.236	1616.541
461.377	1593.543
461.518	1572.545
461.66	1643.547
461.801	1638.55
461.943	1596.552
462.084	1608.554
462.226	1637.556
462.367	1631.559
462.508	1632.561
462.65	1689.563
462.791	1686.565
462.933	1667.567
463.074	1681.57
463.216	1689.572
463.357	1660.574
463.499	1608.576
463.64	1669.578
463.782	1716.581
463.923	1779.583
464.065	1739.585
464.206	1788.587
464.348	1776.589
464.489	1715.591
464.631	1684.594
464.772	1718.596
464.914	1788.598
465.056	1797.6
465.197	1773.602
465.339	1732.604
465.48	1734.607
465.622	1801.609
465.764	1727.611
465.905	1731.613
466.047	1823.615
466.188	1785.617
466.33	1699.619
466.472	1731.622
466.613	1810.624
466.755	1817.626
466.897	1799.628
467.038	1770.63
467.18	1804.632
467.322	1832.634
467.463	1795.636
467.605	1796.638
467.747	1839.641
467.888	1810.643
468.03	1781.645
468.172	1810.647
468.314	1874.649
468.455	1920.651
468.597	1880.653
468.739	1823.655
468.881	1807.657
469.022	1850.659
469.164	1861.661
469.306	1835.664
469.448	1786.666
469.59	1828.668
469.731	1827.67
469.873	1836.672
470.015	1876.674
470.157	1919.676
470.299	1928.678
470.441	1861.68
470.582	1860.682
470.724	1855.684
470.866	1860.686
471.008	1841.688
471.15	1844.69
471.292	1863.692
471.434	1905.694
471.575	1845.696
471.717	1821.698
471.859	1894.7
472.001	1886.702
472.143	1814.704
472.285	1803.706
472.427	1852.708
472.569	1828.711
472.711	1793.713
472.853	1851.715
472.995	1874.717
473.137	1836.719
473.279	1791.721
473.421	1770.723
473.563	1799.725
473.705	1848.727
473.847	1725.729
473.989	1723.73
474.131	1757.732
474.273	1817.734
474.415	1834.736
474.557	1808.738
474.699	1755.74
474.841	1698.742
474.983	1750.744
475.125	1794.746
475.267	1765.748
475.409	1722.75
475.552	1734.752
475.694	1780.754
475.836	1780.756
475.978	1719.758
476.12	1735.76
476.262	1761.762
476.404	1718.764
476.546	1710.766
476.689	1716.768
476.831	1723.77
476.973	1783.772
477.115	1768.774
477.257	1708.776
477.399	1741.777
477.542	1715.779
477.684	1728.781
477.826	1734.783
477.968	1763.785
478.111	1707.787
478.253	1686.789
478.395	1708.791
478.537	1696.793
478.68	1691.795
478.822	1662.797
478.964	1633.798
479.106	1658.8
479.249	1677.802
479.391	1683.804
479.533	1654.806
479.676	1647.808
479.818	1659.81
479.96	1670.812
480.103	1629.814
480.245	1656.815
480.387	1693.817
480.53	1602.819
480.672	1621.821
480.814	1675.823
480.957	1661.825
481.099	1628.827
481.241	1593.829
481.384	1601.83
481.526	1649.832
481.669	1604.834
481.811	1560.836
481.953	1588.838
482.096	1638.84
482.238	1600.842
482.381	1527.843
482.523	1540.845
482.666	1593.847
482.808	1618.849
482.951	1607.851
483.093	1633.853
483.236	1588.854
483.378	1527.856
483.521	1517.858
483.663	1548.86
483.806	1531.862
483.948	1472.863
484.091	1486.865
484.233	1529.867
484.376	1517.869
484.518	1560.871
484.661	1520.873
484.803	1491.874
484.946	1510.876
485.088	1515.878
485.231	1491.88
485.374	1509.882
485.516	1530.883
485.659	1536.885
485.801	1498.887
485.944	1515.889
486.087	1528.89
486.229	1526.892
486.372	1527.894
486.515	1510.896
486.657	1471.898
486.8	1411.899
486.943	1456.901
487.085	1494.903
487.228	1517.905
487.371	1453.906
487.513	1404.908
487.656	1426.91
487.799	1465.912
487.942	1438.913
488.084	1449.915
488.227	1438.917
488.37	1412.919
488.512	1375.92
488.655	1352.922
488.798	1465.924
488.941	1433.926
489.084	1418.927
489.226	1404.929
489.369	1383.931
489.512	1367.933
489.655	1360.934
489.798	1374.936
489.94	1367.938
490.083	1372.94
490.226	1357.941
490.369	1346.943
490.512	1417.945
490.655	1433.946
490.797	1404.948
490.94	1330.95
491.083	1331.952
491.226	1357.953
491.369	1356.955
491.512	1372.957
491.655	1392.958
491.798	1344.96
491.941	1379.962
492.084	1366.963
492.226	1345.965
492.369	1412.967
492.512	1332.968
492.655	1292.97
492.798	1340.972
492.941	1383.974
493.084	1333.975
493.227	1322.977
493.37	1409.979
493.513	1376.98
493.656	1302.982
493.799	1328.984
493.942	1264.985
494.085	1249.987
494.228	1332.989
494.371	1307.99
494.514	1285.992
494.658	1336.994
494.801	1367.995
494.944	1305.997
495.087	1280.998
495.23	1285
495.373	1251.002
495.516	1235.003
495.659	1258.005
495.802	1278.007
495.945	1248.008
496.088	1224.01
496.232	1296.012
496.375	1297.013
496.518	1224.015
496.661	1203.017
496.804	1233.018
496.947	1236.02
497.091	1194.021
497.234	1190.023
497.377	1261.025
497.52	1274.026
497.663	1225.028
497.807	1250.029
497.95	1233.031
498.093	1277.033
498.236	1250.034
498.379	1216.036
498.523	1303.037
498.666	1287.039
498.809	1269.041
498.953	1222.042
499.096	1207.044
499.239	1233.045
499.382	1227.047
499.526	1194.049
499.669	1234.05
499.812	1294.052
499.956	1247.053
500.099	1182.055
500.242	1227.057
500.386	1229.058
500.529	1171.06
500.672	1124.061
500.816	1146.063
500.959	1242.064
501.102	1222.066
501.246	1160.068
501.389	1154.069
501.533	1153.071
501.676	1201.072
501.819	1191.074
501.963	1200.075
502.106	1168.077
502.25	1123.078
502.393	1150.08
502.537	1178.082
502.68	1209.083
502.824	1200.085
502.967	1151.086
503.111	1190.088
503.254	1242.089
503.398	1169.091
503.541	1107.092
503.685	1115.094
503.828	1130.095
503.972	1122.097
504.115	1133.099
504.259	1197.1
504.402	1192.102
504.546	1094.103
504.689	1109.105
504.833	1164.106
504.976	1179.108
505.12	1137.109
505.264	1083.111
505.407	1108.112
505.551	1128.114
505.694	1160.115
505.838	1113.117
505.982	1099.118
506.125	1138.12
506.269	1069.121
506.413	1024.123
506.556	1056.124
506.7	1113.126
506.843	1062.127
506.987	1028.129
507.131	1129.13
507.275	1138.132
507.418	1028.133
507.562	969.135
507.706	966.136
507.849	1037.138
507.993	1086.139
508.137	1049.141
508.281	1068.142
508.424	1122.144
508.568	1051.145
508.712	1010.147
508.856	1109.148
508.999	1085.149
509.143	1020.151
509.287	1003.152
509.431	989.154
509.574	990.155
509.718	1034.157
509.862	1047.158
510.006	996.16
510.15	958.161
510.294	1003.163
510.437	1012.164
510.581	1036.166
510.725	1065.167
510.869	1022.168
511.013	949.17
511.157	992.171
511.301	1032.173
511.445	1007.174
511.588	973.176
511.732	967.177
511.876	939.178
512.02	985.18
512.164	994.181
512.308	1027.183
512.452	1057.184
512.596	984.186
512.74	929.187
512.884	942.188
513.028	976.19
513.172	1005.191
513.316	928.193
513.46	924.194
513.604	966.196
513.748	931.197
513.892	919.198
514.036	920.2
514.18	919.201
514.324	890.203
514.468	878.204
514.612	929.205
514.756	946.207
514.9	872.208
515.044	886.21
515.188	918.211
515.332	910.212
515.476	908.214
515.621	915.215
515.765	969.217
515.909	892.218
516.053	833.219
516.197	857.221
516.341	901.222
516.485	885.224
516.629	861.225
516.774	907.226
516.918	880.228
517.062	873.229
517.206	868.23
517.35	841.232
517.495	905.233
517.639	835.235
517.783	820.236
517.927	842.237
518.071	875.239
518.216	919.24
518.36	880.241
518.504	854.243
518.648	845.244
518.793	827.245
518.937	800.247
519.081	811.248
519.225	883.25
519.37	899.251
519.514	847.252
519.658	803.254
519.803	818.255
519.947	863.256
520.091	836.258
520.236	782.259
520.38	784.26
520.524	854.262
520.669	806.263
520.813	777.264
520.957	827.266
521.102	824.267
521.246	768.268
521.39	755.27
521.535	820.271
521.679	797.272
521.824	820.274
521.968	817.275
522.113	857.276
522.257	844.278
522.401	757.279
522.546	739.28
522.69	782.282
522.835	803.283
522.979	798.284
523.124	755.285
523.268	741.287
523.413	820.288
523.557	794.289
523.702	713.291
523.846	756.292
523.991	830.293
524.135	822.295
524.28	751.296
524.424	742.297
524.569	760.298
524.713	726.3
524.858	740.301
525.002	796.302
525.147	821.304
525.292	778.305
525.436	706.306
525.581	773.308
525.725	781.309
525.87	761.31
526.015	744.311
526.159	734.313
526.304	794.314
526.449	798.315
526.593	757.316
526.738	783.318
526.883	765.319
527.027	752.32
527.172	700.322
527.317	672.323
527.461	753.324
527.606	763.325
527.751	744.327
527.895	727.328
528.04	728.329
528.185	709.33
528.329	737.332
528.474	771.333
528.619	722.334
528.764	757.335
528.908	746.337
529.053	722.338
529.198	706.339
529.343	724.34
529.488	687.342
529.632	694.343
529.777	711.344
529.922	688.345
530.067	731.347
530.212	718.348
530.356	686.349
530.501	660.35
530.646	653.352
530.791	711.353
530.936	747.354
531.081	688.355
531.226	672.357
531.37	703.358
531.515	738.359
531.66	670.36
531.805	653.362
531.95	699.363
532.095	726.364
532.24	661.365
532.385	681.366
532.53	708.368
532.675	686.369
532.82	698.37
532.965	660.371
533.11	704.372
533.255	742.374
533.4	728.375
533.545	688.376
533.69	639.377
533.835	624.379
533.98	669.38
534.125	673.381
534.27	756.382
534.415	772.383
534.56	655.385
534.705	579.386
534.85	604.387
534.995	670.388
535.14	631.389
535.285	614.391
535.43	640.392
535.575	635.393
535.72	644.394
535.865	600.395
536.01	601.396
536.156	629.398
536.301	663.399
536.446	617.4
536.591	620.401
536.736	642.402
536.881	612.404
537.026	594.405
537.172	589.406
537.317	591.407
537.462	570.408
537.607	561.409
537.752	591.411
537.898	659.412
538.043	624.413
538.188	564.414
538.333	559.415
538.478	608.416
538.624	590.418
538.769	546.419
538.914	580.42
539.059	619.421
539.205	574.422
539.35	513.423
539.495	591.425
539.64	635.426
539.786	549.427
539.931	518.428
540.076	627.429
540.222	637.43
540.367	555.432
540.512	536.433
540.658	556.434
540.803	598.435
540.948	578.436
541.094	574.437
541.239	549.438
541.385	584.44
541.53	561.441
541.675	558.442
541.821	598.443
541.966	608.444
542.111	556.445
542.257	530.446
542.402	534.447
542.548	515.449
542.693	548.45
542.839	568.451
542.984	576.452
543.13	574.453
543.275	526.454
543.42	549.455
543.566	625.456
543.711	574.458
543.857	495.459
544.002	487.46
544.148	496.461
544.293	538.462
544.439	543.463
544.585	519.464
544.73	587.465
544.876	514.467
545.021	508.468
545.167	509.469
545.312	501.47
545.458	569.471
545.603	607.472
545.749	538.473
545.895	485.474
546.04	502.475
546.186	474.476
546.331	507.478
546.477	553.479
546.623	541.48
546.768	528.481
546.914	518.482
547.06	534.483
547.205	506.484
547.351	500.485
547.497	494.486
547.642	528.487
547.788	529.489
547.934	523.49
548.079	512.491
548.225	502.492
548.371	519.493
548.517	522.494
548.662	493.495
548.808	446.496
548.954	455.497
549.1	442.498
549.245	453.499
549.391	435.5
549.537	511.501
549.683	511.503
549.828	459.504
549.974	490.505
550.12	469.506
550.266	476.507
550.412	462.508
550.557	393.509
550.703	426.51
550.849	439.511
550.995	440.512
551.141	425.513
551.287	465.514
551.433	434.515
551.578	405.516
551.724	458.517
551.87	512.519
552.016	453.52
552.162	408.521
552.308	451.522
552.454	446.523
552.6	430.524
552.746	476.525
552.892	496.526
553.038	499.527
553.184	468.528
553.33	420.529
553.475	427.53
553.621	417.531
553.767	441.532
553.913	442.533
554.059	413.534
554.205	408.535
554.351	395.536
554.497	403.537
554.643	439.538
554.79	484.539
554.936	423.54
555.082	390.541
555.228	469.542
555.374	464.544
555.52	405.545
555.666	391.546
555.812	415.547
555.958	433.548
556.104	385.549
556.25	410.55
556.396	482.551
556.542	447.552
556.689	390.553
556.835	427.554
556.981	489.555
557.127	439.556
557.273	369.557
557.419	396.558
557.565	406.559
557.712	386.56
557.858	394.561
558.004	406.562
558.15	390.563
558.296	402.564
558.443	449.565
558.589	401.566
558.735	388.567
558.881	447.568
559.028	457.569
559.174	387.57
559.32	355.571
559.466	379.572
559.613	359.573
559.759	306.574
559.905	375.575
560.051	399.576
560.198	391.577
560.344	406.578
560.49	432.579
560.637	432.58
560.783	368.581
560.929	347.582
561.076	373.583
561.222	344.584
561.368	349.585
561.515	380.586
561.661	375.587
561.807	378.588
561.954	435.589
562.1	420.59
562.247	418.591
562.393	366.592
562.539	391.593
562.686	358.594
562.832	393.595
562.979	408.596
563.125	380.597
563.272	398.598
563.418	407.599
563.565	387.599
563.711	398.6
563.857	371.601
564.004	407.602
564.15	445.603
564.297	421.604
564.443	415.605
564.59	401.606
564.736	342.607
564.883	360.608
565.03	353.609
565.176	381.61
565.323	397.611
565.469	279.612
565.616	290.613
565.762	372.614
565.909	385.615
566.055	388.616
566.202	329.617
566.349	398.618
566.495	390.619
566.642	318.62
566.788	286.621
566.935	350.622
567.082	411.623
567.228	331.623
567.375	296.624
567.522	394.625
567.668	407.626
567.815	349.627
567.962	304.628
568.108	337.629
568.255	359.63
568.402	284.631
568.548	262.632
568.695	364.633
568.842	381.634
568.989	356.635
569.135	303.636
569.282	301.637
569.429	349.638
569.576	294.638
569.722	249.639
569.869	372.64
570.016	420.641
570.163	363.642
570.309	330.643
570.456	255.644
570.603	293.645
570.75	348.646
570.897	304.647
571.044	311.648
571.19	331.649
571.337	304.65
571.484	321.65
571.631	343.651
571.778	340.652
571.925	304.653
572.071	278.654
572.218	332.655
572.365	334.656
572.512	283.657
572.659	267.658
572.806	326.659
572.953	350.66
573.1	298.661
573.247	276.661
573.394	342.662
573.541	355.663
573.688	292.664
573.835	276.665
573.982	309.666
574.129	328.667
574.275	330.668
574.422	317.669
574.569	327.67
574.716	323.67
574.863	298.671
575.011	303.672
575.158	324.673
575.305	335.674
575.452	274.675
575.599	286.676
575.746	344.677
575.893	333.678
576.04	273.679
576.187	305.679
576.334	357.68
576.481	313.681
576.628	280.682
576.775	256.683
576.922	287.684
577.07	309.685
577.217	287.686
577.364	258.687
577.511	266.687
577.658	294.688
577.805	301.689
577.952	271.69
578.1	279.691
578.247	303.692
578.394	212.693
578.541	201.694
578.688	319.694
578.836	344.695
578.983	268.696
579.13	201.697
579.277	237.698
579.424	296.699
579.572	269.7
579.719	227.701
579.866	258.701
580.013	305.702
580.161	286.703
580.308	256.704
580.455	307.705
580.603	353.706
580.75	296.707
580.897	279.707
581.044	267.708
581.192	276.709
581.339	259.71
581.486	239.711
581.634	240.712
581.781	282.713
581.928	311.713
582.076	265.714
582.223	252.715
582.371	270.716
582.518	228.717
582.665	204.718
582.813	238.719
582.96	245.719
583.108	230.72
583.255	265.721
583.402	241.722
583.55	222.723
583.697	233.724
583.845	235.724
583.992	238.725
584.14	244.726
584.287	260.727
584.435	256.728
584.582	251.729
584.73	256.73
584.877	208.73
585.025	211.731
585.172	222.732
585.32	239.733
585.467	286.734
585.615	315.735
585.762	355.735
585.91	297.736
586.057	221.737
586.205	238.738
586.352	314.739
586.5	358.74
586.648	260.74
586.795	225.741
586.943	306.742
587.09	287.743
587.238	284.744
587.386	235.745
587.533	228.745
587.681	311.746
587.829	249.747
587.976	236.748
588.124	233.749
588.271	215.749
588.419	244.75
588.567	224.751
588.715	303.752
588.862	299.753
589.01	233.754
589.158	193.754
589.305	225.755
589.453	265.756
589.601	297.757
589.749	231.758
589.896	195.758
590.044	220.759
590.192	268.76
590.34	239.761
590.487	275.762
590.635	260.762
590.783	260.763
590.931	171.764
591.078	199.765
591.226	230.766
591.374	212.767
591.522	166.767
591.67	200.768
591.818	224.769
591.965	189.77
592.113	220.771
592.261	231.771
592.409	225.772
592.557	177.773
592.705	162.774
592.853	252.775
593	264.775
593.148	246.776
593.296	193.777
593.444	200.778
593.592	223.778
593.74	190.779
593.888	162.78
594.036	202.781
594.184	212.782
594.332	174.782
594.48	172.783
594.628	189.784
594.776	237.785
594.924	177.786
595.072	168.786
595.22	192.787
595.368	223.788
595.516	195.789
595.664	168.789
595.812	185.79
595.96	240.791
596.108	221.792
596.256	178.793
596.404	205.793
596.552	225.794
596.7	205.795
596.848	207.796
596.996	247.796
597.144	268.797
597.292	182.798
597.441	137.799
597.589	219.8
597.737	273.8
597.885	212.801
598.033	140.802
598.181	199.803
598.329	250.803
598.477	221.804
598.626	189.805
598.774	192.806
598.922	213.807
599.07	181.807
599.218	135.808
599.367	187.809
599.515	210.81
599.663	259.81
599.811	279.811
599.959	294.812
600.108	170.813
600.256	185.813
600.404	177.814
600.552	187.815
600.701	198.816
600.849	165.816
600.997	136.817
601.145	160.818
601.294	229.819
601.442	240.819
601.59	185.82
601.739	253.821
601.887	225.822
602.035	191.822
602.184	249.823
602.332	266.824
602.48	255.825
602.629	162.825
602.777	165.826
602.925	187.827
603.074	167.828
603.222	126.828
603.371	201.829
603.519	244.83
603.667	211.831
603.816	158.831
603.964	115.832
604.113	163.833
604.261	219.834
604.41	164.834
604.558	141.835
604.706	203.836
604.855	226.837
605.003	206.837
605.152	154.838
605.3	185.839
605.449	240.839
605.597	176.84
605.746	131.841
605.894	179.842
606.043	182.842
606.191	180.843
606.34	163.844
606.488	218.845
606.637	220.845
606.786	140.846
606.934	115.847
607.083	229.848
607.231	240.848
607.38	180.849
607.528	159.85
607.677	140.85
607.826	158.851
607.974	221.852
608.123	184.853
608.272	170.853
608.42	243.854
608.569	237.855
608.717	145.855
608.866	147.856
609.015	214.857
609.163	224.858
609.312	166.858
609.461	160.859
609.61	171.86
609.758	183.86
609.907	143.861
610.056	180.862
610.204	227.863
610.353	205.863
610.502	154.864
610.651	158.865
610.799	170.865
610.948	162.866
611.097	110.867
611.246	181.868
611.394	217.868
611.543	208.869
611.692	150.87
611.841	192.87
611.99	253.871
612.138	241.872
612.287	158.873
612.436	172.873
612.585	151.874
612.734	142.875
612.883	171.875
613.031	187.876
613.18	193.877
613.329	217.877
613.478	164.878
613.627	173.879
613.776	167.88
613.925	152.88
614.074	100.881
614.223	137.882
614.371	222.882
614.52	177.883
614.669	161.884
614.818	218.884
614.967	236.885
615.116	222.886
615.265	144.886
615.414	176.887
615.563	200.888
615.712	171.889
615.861	134.889
616.01	132.89
616.159	203.891
616.308	254.891
616.457	178.892
616.606	168.893
616.755	182.893
616.904	139.894
617.053	111.895
617.202	130.895
617.351	156.896
617.5	179.897
617.65	173.897
617.799	157.898
617.948	220.899
618.097	172.899
618.246	154.9
618.395	149.901
618.544	219.901
618.693	239.902
618.842	147.903
618.992	100.904
619.141	181.904
619.29	154.905
619.439	94.906
619.588	142.906
619.737	123.907
619.887	163.908
620.036	177.908
620.185	160.909
620.334	175.91
620.483	145.91
620.633	84.911
620.782	104.912
620.931	157.912
621.08	149.913
621.23	109.914
621.379	131.914
621.528	161.915
621.677	178.916
621.827	144.916
621.976	180.917
622.125	213.918
622.274	160.918
622.424	117.919
622.573	217.92
622.722	204.92
622.872	103.921
623.021	126.921
623.17	157.922
623.32	159.923
623.469	136.923
623.619	117.924
623.768	209.925
623.917	210.925
624.067	141.926
624.216	136.927
624.365	144.927
624.515	121.928
624.664	140.929
624.814	107.929
624.963	121.93
625.113	190.931
625.262	168.931
625.411	135.932
625.561	188.933
625.71	176.933
625.86	109.934
626.009	100.935
626.159	144.935
626.308	232.936
626.458	190.936
626.607	113.937
626.757	121.938
626.906	141.938
627.056	93.939
627.205	90.94
627.355	143.94
627.504	166.941
627.654	97.942
627.804	122.942
627.953	230.943
628.103	203.944
628.252	192.944
628.402	142.945
628.552	127.945
628.701	153.946
628.851	159.947
629	124.947
629.15	131.948
629.3	155.949
629.449	121.949
629.599	114.95
629.749	139.951
629.898	188.951
630.048	188.952
630.198	120.952
630.347	119.953
630.497	150.954
630.647	109.954
630.796	74.955
630.946	165.956
631.096	231.956
631.246	220.957
631.395	146.957
631.545	134.958
631.695	132.959
631.845	162.959
631.994	128.96
632.144	154.961
632.294	130.961
632.444	162.962
632.593	128.962
632.743	112.963
632.893	123.964
633.043	90.964
633.193	138.965
633.343	156.966
633.492	135.966
633.642	157.967
633.792	88.967
633.942	123.968
634.092	125.969
634.242	67.969
634.392	69.97
634.541	120.97
634.691	176.971
634.841	136.972
634.991	77.972
635.141	106.973
635.291	135.973
635.441	159.974
635.591	115.975
635.741	120.975
635.891	141.976
636.041	178.977
636.191	130.977
636.341	173.978
636.491	174.978
636.641	105.979
636.791	73.98
636.941	96.98
637.091	100.981
637.241	115.981
637.391	78.982
637.541	187.983
637.691	185.983
637.841	138.984
637.991	123.984
638.141	136.985
638.291	148.986
638.441	100.986
638.591	77.987
638.741	117.987
638.891	179.988
639.041	177.989
639.191	102.989
639.342	189.99
639.492	203.99
639.642	143.991
639.792	91.992
639.942	114.992
640.092	116.993
640.242	123.993
640.393	88.994
640.543	153.995
640.693	151.995
640.843	154.996
640.993	139.996
641.143	120.997
641.294	135.998
641.444	74.998
641.594	61.999
641.744	168.999
641.895	202
642.045	91
642.195	85.001
642.345	135.002
642.496	163.002
642.646	130.003
642.796	102.003
642.946	181.004
643.097	150.005
643.247	147.005
643.397	97.006
643.548	89.006
643.698	152.007
643.848	134.007
643.999	100.008
644.149	133.009
644.299	128.009
644.45	90.01
644.6	107.01
644.75	108.011
644.901	93.012
645.051	85.012
645.202	109.013
645.352	95.013
645.502	106.014
645.653	162.014
645.803	125.015
645.954	156.016
646.104	226.016
646.255	216.017
646.405	112.017
646.555	167.018
646.706	196.018
646.856	98.019
647.007	90.02
647.157	193.02
647.308	174.021
647.458	111.021
647.609	77.022
647.759	113.022
647.91	170.023
648.06	203.024
648.211	135.024
648.362	103.025
648.512	112.025
648.663	100.026
648.813	60.026
648.964	95.027
649.114	127.028
649.265	80.028
649.416	59.029
649.566	114.029
649.717	176.03
649.867	133.03
650.018	58.031
650.169	165.031
650.319	177.032
650.47	101.033
650.621	108.033
650.771	164.034
650.922	121.034
651.073	108.035
651.223	99.035
651.374	96.036
651.525	131.036
651.675	111.037
651.826	96.038
651.977	178.038
652.127	222.039
652.278	158.039
652.429	96.04
652.58	162.04
652.73	165.041
652.881	163.041
653.032	182.042
653.183	180.043
653.334	152.043
653.484	155.044
653.635	146.044
653.786	190.045
653.937	138.045
654.088	126.046
654.238	129.046
654.389	130.047
654.54	133.048
654.691	97.048
654.842	144.049
654.993	152.049
655.143	109.05
655.294	161.05
655.445	124.051
655.596	142.051
655.747	145.052
655.898	82.052
656.049	98.053
656.2	168.053
656.351	121.054
656.502	59.055
656.652	57.055
656.803	147.056
656.954	178.056
657.105	104.057
657.256	64.057
657.407	151.058
657.558	178.058
657.709	107.059
657.86	93.059
658.011	123.06
658.162	197.06
658.313	219.061
658.464	145.062
658.615	128.062
658.766	160.063
658.917	137.063
659.068	107.064
659.22	79.064
659.371	89.065
659.522	110.065
659.673	112.066
659.824	158.066
659.975	194.067
660.126	156.067
660.277	114.068
660.428	113.068
660.579	116.069
660.731	98.07
660.882	96.07
661.033	137.071
661.184	182.071
661.335	91.072
661.486	67.072
661.637	103.073
661.789	136.073
661.94	154.074
662.091	123.074
662.242	111.075
662.393	168.075
662.545	123.076
662.696	72.076
662.847	182.077
662.998	187.077
663.15	96.078
663.301	84.078
663.452	127.079
663.603	120.079
663.755	106.08
663.906	79.081
664.057	139.081
664.208	134.082
664.36	125.082
664.511	113.083
664.662	95.083
664.814	111.084
664.965	91.084
665.116	82.085
665.268	109.085
665.419	121.086
665.57	139.086
665.722	61.087
665.873	54.087
666.025	144.088
666.176	122.088
666.327	34.089
666.479	96.089
666.63	99.09
666.782	85.09
666.933	89.091
667.084	130.091
667.236	109.092
667.387	105.092
667.539	87.093
667.69	106.093
667.842	176.094
667.993	114.094
668.145	62.095
668.296	97.095
668.448	116.096
668.599	117.096
668.751	128.097
668.902	147.097
669.054	194.098
669.205	140.098
669.357	131.099
669.508	136.099
669.66	177.1
669.811	188.1
669.963	89.101
670.115	101.101
670.266	116.102
670.418	96.102
670.569	127.103
670.721	192.103
670.873	141.104
671.024	76.104
671.176	76.105
671.327	91.105
671.479	149.106
671.631	167.106
671.782	122.107
671.934	133.107
672.086	157.108
672.237	116.108
672.389	93.109
672.541	136.109
672.692	141.11
672.844	81.11
672.996	93.111
673.148	180.111
673.299	152.112
673.451	82.112
673.603	95.113
673.754	135.113
673.906	148.114
674.058	128.114
674.21	75.115
674.362	81.115
674.513	156.116
674.665	104.116
674.817	51.117
674.969	136.117
675.121	200.118
675.272	168.118
675.424	78.119
675.576	42.119
675.728	85.12
675.88	102.12
676.032	69.121
676.183	160.121
676.335	172.122
676.487	141.122
676.639	153.123
676.791	154.123
676.943	161.124
677.095	129.124
677.247	146.125
677.399	137.125
677.55	104.125
677.702	120.126
677.854	52.126
678.006	156.127
678.158	177.127
678.31	133.128
678.462	102.128
678.614	143.129
678.766	142.129
678.918	83.13
679.07	90.13
679.222	117.131
679.374	169.131
679.526	194.132
679.678	98.132
679.83	100.133
679.982	187.133
680.134	150.134
680.286	53.134
680.438	126.135
680.59	155.135
680.743	97.136
680.895	101.136
681.047	116.136
681.199	133.137
681.351	105.137
681.503	63.138
681.655	101.138
681.807	135.139
681.959	106.139
682.111	95.14
682.264	137.14
682.416	176.141
682.568	95.141
682.72	76.142
682.872	176.142
683.024	177.143
683.177	87.143
683.329	117.144
683.481	140.144
683.633	155.144
683.785	166.145
683.938	167.145
684.09	186.146
684.242	205.146
684.394	195.147
684.547	144.147
684.699	178.148
684.851	176.148
685.004	105.149
685.156	77.149
685.308	161.15
685.46	139.15
685.613	83.15
685.765	56.151
685.917	107.151
686.07	99.152
686.222	89.152
686.374	112.153
686.527	111.153
686.679	140.154
686.831	107.154
686.984	83.155
687.136	81.155
687.288	63.156
687.441	111.156
687.593	123.156
687.746	114.157
687.898	109.157
688.05	73.158
688.203	45.158
688.355	90.159
688.508	166.159
688.66	138.16
688.813	85.16
688.965	102.161
689.118	104.161
689.27	109.161
689.423	69.162
689.575	142.162
689.728	156.163
689.88	56.163
690.033	93.164
690.185	214.164
690.338	166.165
690.49	131.165
690.643	91.165
690.795	93.166
690.948	124.166
691.1	72.167
691.253	91.167
691.405	139.168
691.558	152.168
691.711	113.169
691.863	69.169
692.016	158.169
692.168	202.17
692.321	119.17
692.474	76.171
692.626	66.171
692.779	115.172
692.932	94.172
693.084	62.173
693.237	115.173
693.39	123.173
693.542	76.174
693.695	47.174
693.848	104.175
694	150.175
694.153	94.176
694.306	69.176
694.458	107.177
694.611	109.177
694.764	91.177
694.917	61.178
695.069	56.178
695.222	87.179
695.375	128.179
695.528	85.18
695.681	146.18
695.833	204.181
695.986	171.181
696.139	26.181
696.292	37.182
696.444	118.182
696.597	156.183
696.75	116.183
696.903	100.184
697.056	100.184
697.209	77.184
697.361	60.185
697.514	144.185
697.667	153.186
697.82	91.186
697.973	48.187
698.126	139.187
698.279	180.187
698.432	155.188
698.585	132.188
698.738	119.189
698.89	111.189
699.043	129.19
699.196	143.19
699.349	149.19
699.502	132.191
699.655	81.191
699.808	62.192
699.961	96.192
700.114	93.193
700.267	118.193
700.42	82.193
700.573	166.194
700.726	192.194
700.879	151.195
701.032	76.195
701.185	107.196
701.338	130.196
701.491	78.196
701.644	41.197
701.797	71.197
701.95	140.198
702.104	103.198
702.257	66.199
702.41	112.199
702.563	127.199
702.716	129.2
702.869	75.2
703.022	74.201
703.175	112.201
703.328	120.202
703.482	90.202
703.635	91.202
703.788	153.203
703.941	189.203
704.094	158.204
704.247	138.204
704.401	144.204
704.554	97.205
704.707	118.205
704.86	179.206
705.013	188.206
705.167	137.207
705.32	92.207
705.473	160.207
705.626	172.208
705.779	114.208
705.933	94.209
706.086	133.209
706.239	154.209
706.393	100.21
706.546	68.21
706.699	146.211
706.852	131.211
707.006	78.212
707.159	82.212
707.312	146.212
707.466	125.213
707.619	126.213
707.772	106.214
707.926	131.214
708.079	155.214
708.232	168.215
708.386	128.215
708.539	195.216
708.693	163.216
708.846	73.216
708.999	69.217
709.153	139.217
709.306	141.218
709.46	46.218