196.847	-51.839
196.975	-36.878
197.102	-47.918
197.229	-37.958
197.357	-13.998
197.484	-17.038
197.611	-29.079
197.739	-29.119
197.866	-42.16
197.993	-40.201
198.121	-12.242
198.248	-59.284
198.375	-40.325
198.503	-11.367
198.63	-35.409
198.758	-41.451
198.885	-27.493
199.013	-40.535
199.14	-30.578
199.267	-44.621
199.395	-27.664
199.522	-28.707
199.65	-31.75
199.777	-43.793
199.905	-10.837
200.032	-14.881
200.16	-46.925
200.287	-0.969
200.415	-16.013
200.542	-25.057
200.67	-27.102
200.797	-50.147
200.925	-51.191
201.052	11.764
201.18	-53.281
201.307	-58.327
201.435	-26.372
201.563	-9.418
201.69	8.537
201.818	-14.509
201.945	-10.555
202.073	-49.601
202.201	-17.647
202.328	9.306
202.456	-22.74
202.583	-40.787
202.711	-44.833
202.839	-35.88
202.966	-29.927
203.094	-55.974
203.222	-51.021
203.349	-26.069
203.477	-24.116
203.605	10.837
203.732	-11.211
203.86	-37.259
203.988	-13.307
204.115	-22.355
204.243	-74.403
204.371	-53.451
204.499	-42.499
204.626	-43.547
204.754	-31.596
204.882	-34.644
205.01	-27.693
205.137	-13.741
205.265	-29.79
205.393	-47.839
205.521	-16.888
205.649	-41.937
205.776	-61.986
205.904	-51.035
206.032	4.915
206.16	-28.134
206.288	-40.184
206.415	-59.233
206.543	-31.283
206.671	-0.332
206.799	-28.382
206.927	-28.432
207.055	16.518
207.183	6.468
207.311	-18.582
207.438	-43.632
207.566	-37.682
207.694	-4.732
207.822	-48.782
207.95	-62.833
208.078	-50.883
208.206	-29.933
208.334	-33.984
208.462	-20.034
208.59	-22.085
208.718	-14.136
208.846	-34.186
208.974	-29.237
209.102	-59.288
209.23	-63.338
209.358	-14.389
209.486	-16.44
209.614	-21.491
209.742	-26.542
209.87	-146.593
209.998	-71.644
210.126	-25.695
210.254	-49.746
210.382	-25.797
210.51	-9.848
210.638	-16.899
210.766	-53.951
210.894	-59.002
211.022	-43.053
211.151	-41.104
211.279	-32.156
211.407	-32.207
211.535	-46.258
211.663	-32.309
211.791	-28.361
211.919	-22.412
212.047	-19.464
212.176	-38.515
212.304	-13.566
212.432	1.382
212.56	-18.669
212.688	-37.721
212.817	-34.772
212.945	-35.823
213.073	-19.875
213.201	-26.926
213.329	-18.978
213.458	-51.029
213.586	-10.081
213.714	-1.132
213.842	-48.184
213.971	-51.235
214.099	-25.286
214.227	-34.338
214.355	-50.389
214.484	-35.441
214.612	-63.492
214.74	-29.543
214.869	-22.595
214.997	-16.646
215.125	-32.698
215.254	-39.749
215.382	-38.8
215.51	5.149
215.639	-34.903
215.767	-47.954
215.895	-31.005
216.024	32.944
216.152	37.892
216.281	44.841
216.409	29.79
216.537	0.739
216.666	0.688
216.794	-21.363
216.923	-30.414
217.051	-8.465
217.18	-42.516
217.308	-59.567
217.436	-42.618
217.565	-30.669
217.693	-36.72
217.822	-56.771
217.95	-36.822
218.079	20.127
218.207	49.077
218.336	11.026
218.464	-50.025
218.593	-53.075
218.721	-48.126
218.85	-9.177
218.978	-39.227
219.107	-16.278
219.236	-20.328
219.364	-40.378
219.493	-41.429
219.621	-51.479
219.75	-59.529
219.878	-51.579
220.007	-38.63
220.136	-25.68
220.264	-52.73
220.393	-53.78
220.521	-30.83
220.65	-5.88
220.779	-29.93
220.907	-20.979
221.036	-34.029
221.165	-22.079
221.293	-24.129
221.422	-40.178
221.551	-42.228
221.679	-45.277
221.808	-39.327
221.937	-44.376
222.066	-18.426
222.194	8.525
222.323	-4.524
222.452	-31.573
222.58	-0.622
222.709	-12.671
222.838	-46.72
222.967	-13.769
223.096	-37.818
223.224	-48.867
223.353	-43.916
223.482	-40.964
223.611	-45.013
223.739	20.938
223.868	3.89
223.997	58.841
224.126	-14.207
224.255	-23.255
224.384	-31.303
224.512	-48.352
224.641	-20.4
224.77	-1.448
224.899	-2.496
225.028	-40.544
225.157	-44.591
225.286	2.361
225.415	7.313
225.543	-10.735
225.672	-31.782
225.801	-52.83
225.93	-33.877
226.059	-17.924
226.188	21.028
226.317	28.981
226.446	-4.066
226.575	-44.113
226.704	-23.16
226.833	-47.207
226.962	-18.254
227.091	-20.3
227.22	-28.347
227.349	-57.394
227.478	-67.44
227.607	-7.487
227.736	8.467
227.865	3.421
227.994	-28.626
228.123	-20.672
228.252	-16.718
228.381	-33.764
228.51	4.19
228.639	12.144
228.768	-28.901
228.898	-35.947
229.027	-33.993
229.156	-9.038
229.285	-15.084
229.414	-17.129
229.543	-23.174
229.672	-5.22
229.801	-42.265
229.931	-36.31
230.06	0.645
230.189	-34.4
230.318	8.556
230.447	28.511
230.576	-62.534
230.706	-12.578
230.835	17.377
230.964	4.333
231.093	-0.711
231.222	-31.756
231.352	-37.8
231.481	-24.844
231.61	-34.888
231.739	28.068
231.869	26.024
231.998	-42.019
232.127	-27.063
232.256	-18.107
232.386	-9.15
232.515	13.807
232.644	-7.237
232.774	-72.28
232.903	-34.323
233.032	-23.366
233.162	-18.409
233.291	-25.452
233.42	-24.495
233.55	-27.538
233.679	-17.58
233.808	-56.623
233.938	-61.665
234.067	-44.708
234.196	-55.75
234.326	11.208
234.455	28.166
234.585	54.124
234.714	12.082
234.843	-34.96
234.973	31.998
235.102	19.957
235.232	-29.085
235.361	-17.127
235.491	-34.168
235.62	-42.209
235.75	-36.251
235.879	-2.292
236.009	-26.333
236.138	-66.374
236.268	-19.415
236.397	-17.456
236.527	-15.496
236.656	-73.537
236.786	-41.578
236.915	-38.618
237.045	-66.658
237.174	-49.699
237.304	7.261
237.433	-1.779
237.563	-22.819
237.693	18.141
237.822	-16.899
237.952	-58.939
238.081	-44.978
238.211	-20.018
238.341	-56.058
238.47	-50.097
238.6	-23.136
238.729	-17.176
238.859	3.785
238.989	-4.254
239.118	18.707
239.248	65.668
239.378	43.629
239.507	-13.409
239.637	-15.448
239.767	-15.486
239.896	-20.525
240.026	-43.563
240.156	3.398
240.286	27.36
240.415	-50.678
240.545	-74.716
240.675	-29.754
240.805	4.208
240.934	-18.83
241.064	24.133
241.194	57.095
241.324	-2.942
241.453	-43.98
241.583	-19.017
241.713	-31.054
241.843	12.908
241.973	-12.129
242.102	-35.166
242.232	-21.203
242.362	-21.239
242.492	-13.276
242.622	-9.313
242.752	-29.349
242.881	69.614
243.011	12.578
243.141	25.541
243.271	-8.495
243.401	-54.531
243.531	-73.567
243.661	-34.603
243.791	-24.639
243.921	-43.675
244.051	-62.71
244.181	-32.746
244.31	-10.782
244.44	-38.817
244.57	-58.852
244.7	-33.888
244.83	-24.923
244.96	-19.958
245.09	-13.993
245.22	14.972
245.35	-4.063
245.48	-49.098
245.61	-50.132
245.74	-51.167
245.87	-33.202
246	-52.236
246.13	-72.27
246.26	-37.305
246.391	3.661
246.521	-6.373
246.651	-28.407
246.781	-45.441
246.911	-49.475
247.041	-24.509
247.171	-37.542
247.301	-32.576
247.431	-17.61
247.561	-34.643
247.691	-39.676
247.822	23.29
247.952	42.257
248.082	15.224
248.212	1.191
248.342	17.158
248.472	-16.875
248.603	35.092
248.733	-9.94
248.863	-9.973
248.993	-28.006
249.123	12.962
249.254	29.929
249.384	34.897
249.514	11.865
249.644	-17.167
249.775	-21.199
249.905	-22.231
250.035	-32.263
250.165	-38.295
250.296	-0.327
250.426	-1.359
250.556	-51.39
250.686	-43.422
250.817	-38.453
250.947	-51.485
251.077	-51.516
251.208	-46.547
251.338	0.422
251.468	0.391
251.599	25.36
251.729	-20.671
251.859	-17.702
251.99	-7.733
252.12	-47.763
252.25	-30.794
252.381	30.176
252.511	16.145
252.642	-28.885
252.772	-42.916
252.902	-53.946
253.033	-50.976
253.163	48.994
253.294	66.964
253.424	-10.066
253.555	-17.096
253.685	-22.125
253.816	0.845
253.946	54.815
254.077	26.786
254.207	-41.244
254.338	-35.273
254.468	-28.302
254.599	-35.332
254.729	-42.361
254.86	7.61
254.99	-24.419
255.121	-1.448
255.251	-21.477
255.382	28.495
255.512	55.466
255.643	-34.563
255.773	-32.591
255.904	-33.62
256.035	-61.648
256.165	-17.676
256.296	-18.705
256.426	-27.733
256.557	-25.761
256.688	-59.789
256.818	-9.817
256.949	4.155
257.08	-16.873
257.21	-7.901
257.341	71.072
257.471	39.044
257.602	-11.983
257.733	-46.011
257.864	-41.038
257.994	-43.066
258.125	-13.093
258.256	45.88
258.386	20.853
258.517	-42.174
258.648	-40.201
258.779	-38.228
258.909	-45.255
259.04	-53.282
259.171	-41.309
259.302	-29.335
259.432	-47.362
259.563	-55.388
259.694	-26.415
259.825	-10.441
259.955	29.533
260.086	-19.494
260.217	-16.52
260.348	27.454
260.479	31.428
260.61	26.402
260.74	16.376
260.871	-25.65
261.002	-15.675
261.133	-27.701
261.264	-10.727
261.395	-18.752
261.526	-2.778
261.657	-34.803
261.787	-26.829
261.918	11.146
262.049	-0.879
262.18	-43.904
262.311	10.071
262.442	18.046
262.573	1.021
262.704	-17.004
262.835	-48.029
262.966	-22.054
263.097	7.921
263.228	-21.103
263.359	-45.128
263.49	-10.152
263.621	-43.177
263.752	-14.201
263.883	36.774
264.014	29.75
264.145	2.726
264.276	11.702
264.407	2.678
264.538	3.654
264.669	-32.37
264.8	-14.394
264.931	25.582
265.062	-15.442
265.193	-32.466
265.324	-14.489
265.456	-63.513
265.587	-51.536
265.718	-33.56
265.849	-36.583
265.98	-58.607
266.111	-57.63
266.242	13.347
266.373	18.324
266.505	-1.699
266.636	-38.722
266.767	28.255
266.898	10.232
267.029	-31.791
267.161	0.186
267.292	-39.837
267.423	-34.859
267.554	-34.882
267.685	-7.905
267.817	-5.927
267.948	4.05
268.079	-8.972
268.21	-4.994
268.342	1.983
268.473	1.961
268.604	10.939
268.735	10.917
268.867	-23.105
268.998	-31.127
269.129	35.851
269.261	48.829
269.392	0.807
269.523	54.785
269.655	14.764
269.786	-12.258
269.917	-18.28
270.049	-68.301
270.18	-42.323
270.311	-39.344
270.443	-11.365
270.574	-41.387
270.705	-25.408
270.837	21.571
270.968	-16.45
271.1	-46.471
271.231	-21.492
271.362	4.487
271.494	-36.534
271.625	-45.555
271.757	-34.576
271.888	-19.597
272.02	-30.618
272.151	-53.638
272.283	-39.659
272.414	-52.679
272.546	-58.7
272.677	-33.72
272.809	-24.741
272.94	-29.761
273.072	-39.781
273.203	-44.802
273.335	-33.822
273.466	-59.842
273.598	-41.862
273.729	-13.882
273.861	-38.902
273.992	-12.922
274.124	-24.942
274.256	-42.962
274.387	-22.982
274.519	-6.001
274.65	-16.021
274.782	-27.041
274.914	-43.06
275.045	-30.08
275.177	-18.099
275.308	-26.119
275.44	-21.138
275.572	-43.157
275.703	-34.177
275.835	-25.196
275.967	-44.215
276.098	-50.234
276.23	-16.253
276.362	-33.272
276.494	-70.291
276.625	-46.31
276.757	-38.329
276.889	-40.348
277.02	-40.367
277.152	-15.385
277.284	-13.404
277.416	-29.423
277.547	-18.441
277.679	-49.46
277.811	-21.478
277.943	-44.497
278.075	-39.515
278.206	-13.534
278.338	-13.552
278.47	-23.57
278.602	-55.588
278.734	-50.607
278.865	-28.625
278.997	-17.643
279.129	-36.661
279.261	-26.679
279.393	-35.697
279.525	-33.715
279.657	-81.733
279.788	-44.75
279.92	-49.768
280.052	-38.786
280.184	-27.803
280.316	-51.821
280.448	-41.839
280.58	-50.856
280.712	-31.874
280.844	-36.891
280.976	-27.909
281.108	-37.926
281.24	-42.943
281.372	-46.961
281.503	-47.978
281.635	-61.995
281.767	-35.012
281.899	-25.029
282.031	-13.046
282.163	-23.063
282.295	-52.08
282.427	-24.097
282.56	-40.114
282.692	-55.131
282.824	-53.148
282.956	-10.164
283.088	-12.181
283.22	-25.198
283.352	-34.214
283.484	-30.231
283.616	-38.247
283.748	-37.264
283.88	-55.28
284.012	-37.297
284.144	-34.313
284.277	-52.33
284.409	-30.346
284.541	-20.362
284.673	-28.378
284.805	-13.394
284.937	-24.411
285.069	-39.427
285.202	10.557
285.334	-47.459
285.466	-58.475
285.598	-6.491
285.73	-19.507
285.863	-32.522
285.995	-24.538
286.127	18.446
286.259	14.43
286.392	-107.585
286.524	-78.601
286.656	-16.617
286.788	-15.632
286.921	-21.648
287.053	-44.663
287.185	-12.679
287.317	25.306
287.45	21.291
287.582	50.275
287.714	-20.74
287.847	-35.755
287.979	-9.771
288.111	-42.786
288.244	7.199
288.376	59.184
288.508	0.169
288.641	-44.846
288.773	-42.861
288.905	-7.876
289.038	-42.891
289.17	-35.906
289.303	-22.921
289.435	-24.936
289.567	-47.95
289.7	-28.965
289.832	-12.98
289.965	-56.994
290.097	-29.009
290.23	-9.024
290.362	-50.038
290.494	-21.053
290.627	-49.067
290.759	-5.082
290.892	-21.096
291.024	-48.111
291.157	-34.125
291.289	-32.139
291.422	-10.153
291.554	-41.168
291.687	-42.182
291.819	-22.196
291.952	-56.21
292.084	-2.224
292.217	38.762
292.35	53.748
292.482	66.734
292.615	-3.28
292.747	-32.294
292.88	21.692
293.013	0.678
293.145	-0.336
293.278	-38.35
293.41	-74.363
293.543	-76.377
293.676	-54.391
293.808	-36.404
293.941	-47.418
294.074	-38.432
294.206	-43.445
294.339	-39.459
294.472	55.528
294.604	11.514
294.737	-37.499
294.87	-59.512
295.002	-40.526
295.135	36.461
295.268	14.448
295.4	-6.566
295.533	-22.579
295.666	-13.592
295.799	19.395
295.931	-19.618
296.064	-43.631
296.197	-39.645
296.33	-33.658
296.463	-37.671
296.595	10.316
296.728	-30.696
296.861	19.291
296.994	96.278
297.127	15.265
297.259	-69.748
297.392	-51.761
297.525	-3.773
297.658	-21.786
297.791	-40.799
297.924	11.188
298.056	11.176
298.189	-35.837
298.322	-66.849
298.455	-8.862
298.588	18.126
298.721	-22.887
298.854	-47.899
298.987	-52.912
299.12	-29.924
299.253	-24.936
299.385	66.051
299.518	31.039
299.651	-48.973
299.784	-28.986
299.917	-20.998
300.05	0.99
300.183	-29.022
300.316	-42.034
300.449	11.954
300.582	-15.058
300.715	18.93
300.848	11.918
300.981	57.906
301.114	-10.106
301.247	-26.118
301.38	-5.13
301.513	35.858
301.647	-4.154
301.78	-47.166
301.913	-57.177
302.046	-1.189
302.179	12.799
302.312	-8.213
302.445	-53.224
302.578	12.764
302.711	-9.248
302.844	-0.259
302.978	58.729
303.111	84.718
303.244	-14.294
303.377	-17.305
303.51	-28.317
303.643	-18.328
303.776	6.661
303.91	-31.351
304.043	26.638
304.176	81.627
304.309	46.615
304.442	-25.396
304.576	-42.407
304.709	-12.418
304.842	-5.43
304.975	-41.441
305.109	-54.452
305.242	-36.463
305.375	-21.474
305.508	-35.485
305.642	-62.496
305.775	-29.507
305.908	-12.518
306.042	50.471
306.175	36.46
306.308	2.449
306.441	-0.562
306.575	-7.573
306.708	-62.583
306.841	-19.594
306.975	4.395
307.108	-3.616
307.242	18.374
307.375	63.363
307.508	26.352
307.642	12.342
307.775	-11.669
307.908	-65.68
308.042	-73.69
308.175	-36.701
308.309	-21.711
308.442	-28.722
308.576	-37.732
308.709	-36.743
308.842	-24.753
308.976	-21.764
309.109	-53.774
309.243	-20.784
309.376	-14.795
309.51	14.195
309.643	-33.815
309.777	5.175
309.91	13.164
310.044	-12.846
310.177	-40.856
310.311	-72.866
310.444	-31.876
310.578	56.114
310.711	0.104
310.845	-35.907
310.979	-44.917
311.112	-6.927
311.246	-3.937
311.379	-3.947
311.513	-37.957
311.646	-42.966
311.78	-8.976
311.914	-41.986
312.047	15.004
312.181	14.994
312.315	-14.016
312.448	21.974
312.582	21.965
312.715	41.955
312.849	36.945
312.983	-26.064
313.116	-29.074
313.25	-28.084
313.384	-22.093
313.518	-42.103
313.651	-32.113
313.785	-19.122
313.919	6.868
314.052	-22.141
314.186	-31.151
314.32	-26.16
314.454	-36.17
314.587	-26.179
314.721	-51.189
314.855	-2.198
314.989	72.793
315.122	99.783
315.256	25.774
315.39	-46.235
315.524	-24.245
315.658	3.746
315.791	-11.263
315.925	-26.272
316.059	-17.282
316.193	0.709
316.327	-15.3
316.461	-46.309
316.595	-32.318
316.728	3.673
316.862	25.664
316.996	-18.346
317.13	-38.355
317.264	-50.364
317.398	-28.373
317.532	-30.382
317.666	-29.391
317.8	7.601
317.934	-2.408
318.067	-14.417
318.201	13.574
318.335	6.565
318.469	45.556
318.603	22.547
318.737	-18.462
318.871	-29.47
319.005	-10.479
319.139	67.512
319.273	39.503
319.407	-4.505
319.541	23.486
319.675	-9.523
319.809	54.469
319.943	35.46
320.077	39.452
320.211	43.443
320.346	27.434
320.48	5.426
320.614	-18.583
320.748	1.409
320.882	-10.6
321.016	45.392
321.15	89.383
321.284	106.375
321.418	54.367
321.552	-6.642
321.687	-15.65
321.821	54.341
321.955	49.333
322.089	14.325
322.223	-5.684
322.357	9.308
322.491	9.3
322.626	3.292
322.76	13.283
322.894	32.275
323.028	23.267
323.162	39.259
323.297	97.251
323.431	62.242
323.565	31.234
323.699	32.226
323.834	22.218
323.968	20.21
324.102	77.202
324.236	61.194
324.371	34.186
324.505	20.178
324.639	46.17
324.774	40.162
324.908	41.154
325.042	92.146
325.177	95.138
325.311	56.13
325.445	90.122
325.58	108.114
325.714	51.107
325.848	99.099
325.983	88.091
326.117	35.083
326.251	45.075
326.386	62.068
326.52	65.06
326.654	76.052
326.789	48.044
326.923	-33.963
327.058	6.029
327.192	24.021
327.327	86.014
327.461	134.006
327.595	68.999
327.73	43.991
327.864	85.983
327.999	149.976
328.133	161.968
328.268	154.961
328.402	101.953
328.537	108.946
328.671	182.938
328.806	118.931
328.94	160.923
329.075	118.916
329.209	97.908
329.344	147.901
329.478	123.894
329.613	146.886
329.748	95.879
329.882	90.872
330.017	97.864
330.151	95.857
330.286	90.85
330.421	111.842
330.555	130.835
330.69	98.828
330.824	93.821
330.959	124.813
331.094	125.806
331.228	107.799
331.363	93.792
331.498	86.785
331.632	110.778
331.767	133.77
331.902	126.763
332.036	103.756
332.171	132.749
332.306	127.742
332.44	113.735
332.575	168.728
332.71	137.721
332.844	134.714
332.979	111.707
333.114	139.7
333.249	124.693
333.383	186.686
333.518	184.679
333.653	177.672
333.788	207.665
333.923	202.659
334.057	187.652
334.192	184.645
334.327	144.638
334.462	176.631
334.597	166.624
334.731	154.617
334.866	166.611
335.001	165.604
335.136	234.597
335.271	176.59
335.406	176.584
335.541	197.577
335.675	185.57
335.81	160.564
335.945	222.557
336.08	245.55
336.215	206.544
336.35	239.537
336.485	230.53
336.62	168.524
336.755	184.517
336.89	229.511
337.025	224.504
337.16	236.497
337.294	299.491
337.429	263.484
337.564	222.478
337.699	203.471
337.834	195.465
337.969	230.458
338.104	223.452
338.239	192.446
338.374	175.439
338.509	225.433
338.644	308.426
338.78	274.42
338.915	255.414
339.05	304.407
339.185	344.401
339.32	250.395
339.455	275.388
339.59	315.382
339.725	252.376
339.86	241.369
339.995	317.363
340.13	297.357
340.265	241.351
340.401	279.344
340.536	254.338
340.671	287.332
340.806	285.326
340.941	245.319
341.076	226.313
341.211	201.307
341.347	250.301
341.482	271.295
341.617	249.289
341.752	255.283
341.887	262.277
342.023	260.27
342.158	211.264
342.293	206.258
342.428	285.252
342.564	272.246
342.699	243.24
342.834	264.234
342.969	295.228
343.105	282.222
343.24	268.216
343.375	281.21
343.51	333.204
343.646	321.198
343.781	291.193
343.916	269.187
344.052	281.181
344.187	320.175
344.322	368.169
344.458	402.163
344.593	376.157
344.728	379.151
344.864	369.146
344.999	303.14
345.135	271.134
345.27	263.128
345.405	317.122
345.541	335.117
345.676	325.111
345.812	310.105
345.947	325.099
346.082	304.094
346.218	304.088
346.353	337.082
346.489	304.077
346.624	311.071
346.76	292.065
346.895	303.06
347.031	325.054
347.166	376.048
347.302	349.043
347.437	339.037
347.573	332.031
347.708	348.026
347.844	363.02
347.979	374.015
348.115	325.009
348.25	300.004
348.386	328.998
348.521	397.993
348.657	373.987
348.792	369.982
348.928	399.976
349.064	324.971
349.199	323.965
349.335	368.96
349.47	361.954
349.606	406.949
349.742	396.943
349.877	343.938
350.013	324.933
350.149	352.927
350.284	345.922
350.42	361.916
350.555	376.911
350.691	349.906
350.827	366.9
350.962	383.895
351.098	385.89
351.234	358.884
351.37	349.879
351.505	357.874
351.641	366.869
351.777	332.863
351.912	391.858
352.048	408.853
352.184	424.848
352.32	478.842
352.455	404.837
352.591	340.832
352.727	398.827
352.863	384.821
352.999	418.816
353.134	418.811
353.27	401.806
353.406	372.801
353.542	394.796
353.678	374.791
353.814	360.785
353.949	360.78
354.085	385.775
354.221	443.77
354.357	457.765
354.493	403.76
354.629	354.755
354.765	359.75
354.9	409.745
355.036	370.74
355.172	355.735
355.308	350.73
355.444	376.725
355.58	384.72
355.716	350.715
355.852	359.71
355.988	289.705
356.124	337.7
356.26	352.695
356.396	342.69
356.532	358.685
356.668	410.68
356.804	435.675
356.94	384.671
357.076	347.666
357.212	441.661
357.348	407.656
357.484	368.651
357.62	380.646
357.756	376.641
357.892	410.637
358.028	431.632
358.164	398.627
358.3	371.622
358.436	329.617
358.572	373.613
358.708	444.608
358.844	454.603
358.981	417.598
359.117	400.594
359.253	431.589
359.389	418.584
359.525	407.579
359.661	426.575
359.797	386.57
359.933	363.565
360.07	392.561
360.206	392.556
360.342	368.551
360.478	388.547
360.614	381.542
360.751	400.537
360.887	426.533
361.023	411.528
361.159	357.523
361.295	364.519
361.432	393.514
361.568	330.51
361.704	385.505
361.84	382.501
361.977	355.496
362.113	370.491
362.249	365.487
362.386	385.482
362.522	371.478
362.658	410.473
362.794	424.469
362.931	410.464
363.067	434.46
363.203	446.455
363.34	415.451
363.476	383.446
363.612	333.442
363.749	380.437
363.885	364.433
364.022	365.429
364.158	397.424
364.294	361.42
364.431	366.415
364.567	463.411
364.703	443.407
364.84	391.402
364.976	379.398
365.113	368.393
365.249	346.389
365.386	433.385
365.522	375.38
365.659	326.376
365.795	409.372
365.931	392.367
366.068	386.363
366.204	396.359
366.341	353.354
366.477	342.35
366.614	362.346
366.75	398.342
366.887	347.337
367.023	334.333
367.16	341.329
367.297	377.325
367.433	363.32
367.57	415.316
367.706	374.312
367.843	342.308
367.979	383.304
368.116	371.299
368.253	387.295
368.389	417.291
368.526	425.287
368.662	430.283
368.799	367.279
368.936	353.274
369.072	340.27
369.209	370.266
369.346	361.262
369.482	353.258
369.619	340.254
369.756	345.25
369.892	346.246
370.029	350.241
370.166	342.237
370.302	331.233
370.439	353.229
370.576	451.225
370.712	450.221
370.849	421.217
370.986	338.213
371.123	352.209
371.259	387.205
371.396	366.201
371.533	383.197
371.67	388.193
371.806	367.189
371.943	354.185
372.08	342.181
372.217	351.177
372.354	343.173
372.49	363.169
372.627	334.165
372.764	337.161
372.901	340.157
373.038	358.153
373.175	360.15
373.312	427.146
373.448	390.142
373.585	328.138
373.722	344.134
373.859	374.13
373.996	383.126
374.133	337.122
374.27	349.118
374.407	420.115
374.544	379.111
374.68	344.107
374.817	343.103
374.954	350.099
375.091	400.095
375.228	376.092
375.365	350.088
375.502	391.084
375.639	400.08
375.776	360.076
375.913	357.073
376.05	366.069
376.187	324.065
376.324	317.061
376.461	333.058
376.598	390.054
376.735	391.05
376.872	358.046
377.009	354.043
377.146	345.039
377.283	355.035
377.421	369.031
377.558	292.028
377.695	384.024
377.832	383.02
377.969	329.017
378.106	306.013
378.243	349.009
378.38	382.006
378.517	360.002
378.655	408.998
378.792	356.995
378.929	317.991
379.066	312.987
379.203	319.984
379.34	391.98
379.477	432.977
379.615	354.973
379.752	298.969
379.889	302.966
380.026	335.962
380.163	371.959
380.301	331.955
380.438	366.952
380.575	379.948
380.712	355.944
380.85	290.941
380.987	278.937
381.124	380.934
381.261	370.93
381.399	352.927
381.536	379.923
381.673	332.92
381.811	356.916
381.948	501.913
382.085	416.909
382.223	338.906
382.36	282.902
382.497	274.899
382.635	325.895
382.772	310.892
382.909	317.888
383.047	310.885
383.184	298.882
383.321	337.878
383.459	337.875
383.596	334.871
383.734	340.868
383.871	300.864
384.008	311.861
384.146	224.858
384.283	261.854
384.421	310.851
384.558	288.847
384.696	330.844
384.833	405.841
384.971	339.837
385.108	302.834
385.245	262.831
385.383	318.827
385.52	387.824
385.658	331.821
385.795	339.817
385.933	355.814
386.07	318.811
386.208	275.807
386.346	280.804
386.483	379.801
386.621	299.797
386.758	231.794
386.896	226.791
387.033	251.787
387.171	316.784
387.309	301.781
387.446	256.778
387.584	290.774
387.721	323.771
387.859	287.768
387.997	272.765
388.134	287.761
388.272	323.758
388.409	303.755
388.547	364.752
388.685	299.749
388.822	267.745
388.96	347.742
389.098	369.739
389.235	298.736
389.373	335.733
389.511	326.729
389.649	281.726
389.786	337.723
389.924	363.72
390.062	297.717
390.199	301.714
390.337	276.71
390.475	247.707
390.613	315.704
390.75	345.701
390.888	275.698
391.026	225.695
391.164	243.692
391.302	265.688
391.439	271.685
391.577	254.682
391.715	236.679
391.853	248.676
391.991	319.673
392.129	369.67
392.266	278.667
392.404	287.664
392.542	315.661
392.68	253.658
392.818	266.655
392.956	255.652
393.094	256.649
393.231	280.645
393.369	253.642
393.507	243.639
393.645	312.636
393.783	314.633
393.921	291.63
394.059	288.627
394.197	327.624
394.335	306.621
394.473	280.618
394.611	263.615
394.749	303.612
394.887	241.609
395.025	204.606
395.163	194.603
395.301	252.6
395.439	255.598
395.577	232.595
395.715	191.592
395.853	166.589
395.991	211.586
396.129	229.583
396.267	257.58
396.405	239.577
396.543	221.574
396.681	228.571
396.819	171.568
396.957	228.565
397.095	237.562
397.234	186.559
397.372	230.557
397.51	236.554
397.648	210.551
397.786	217.548
397.924	201.545
398.062	246.542
398.2	196.539
398.339	190.536
398.477	143.534
398.615	157.531
398.753	240.528
398.891	264.525
399.03	257.522
399.168	226.519
399.306	179.517
399.444	217.514
399.582	198.511
399.721	226.508
399.859	226.505
399.997	187.503
400.135	182.5
400.274	253.497
400.412	262.494
400.55	246.491
400.688	215.489
400.827	210.486
400.965	167.483
401.103	217.48
401.242	180.478
401.38	181.475
401.518	234.472
401.657	216.469
401.795	205.467
401.933	233.464
402.072	210.461
402.21	259.458
402.348	212.456
402.487	235.453
402.625	212.45
402.763	159.447
402.902	187.445
403.04	189.442
403.179	183.439
403.317	165.437
403.456	243.434
403.594	285.431
403.732	202.429
403.871	178.426
404.009	190.423
404.148	214.421
404.286	170.418
404.425	135.415
404.563	216.413
404.702	207.41
404.84	161.407
404.979	213.405
405.117	233.402
405.256	208.399
405.394	146.397
405.533	172.394
405.671	174.391
405.81	150.389
405.948	153.386
406.087	141.384
406.225	181.381
406.364	232.378
406.503	248.376
406.641	200.373
406.78	203.371
406.918	163.368
407.057	209.365
407.196	237.363
407.334	237.36
407.473	202.358
407.612	170.355
407.75	145.353
407.889	149.35
408.027	139.348
408.166	139.345
408.305	129.342
408.444	137.34
408.582	128.337
408.721	108.335
408.86	114.332
408.998	129.33
409.137	127.327
409.276	129.325
409.414	161.322
409.553	167.32
409.692	181.317
409.831	147.315
409.969	99.312
410.108	151.31
410.247	193.307
410.386	189.305
410.525	172.302
410.663	99.3
410.802	114.297
410.941	108.295
411.08	133.292
411.219	188.29
411.357	187.287
411.496	152.285
411.635	134.283
411.774	159.28
411.913	200.278
412.052	169.275
412.191	85.273
412.329	164.27
412.468	196.268
412.607	245.266
412.746	148.263
412.885	145.261
413.024	158.258
413.163	118.256
413.302	118.253
413.441	198.251
413.58	188.249
413.719	145.246
413.858	161.244
413.997	124.242
414.136	94.239
414.275	94.237
414.414	89.234
414.553	64.232
414.692	80.23
414.831	124.227
414.97	176.225
415.109	130.223
415.248	60.22
415.387	89.218
415.526	109.216
415.665	64.213
415.804	74.211
415.943	87.209
416.082	146.206
416.221	119.204
416.36	74.202
416.499	141.199
416.638	175.197
416.777	112.195
416.917	78.192
417.056	93.19
417.195	82.188
417.334	65.185
417.473	66.183
417.612	74.181
417.751	48.178
417.891	61.176
418.03	135.174
418.169	167.172
418.308	97.169
418.447	112.167
418.587	145.165
418.726	106.163
418.865	133.16
419.004	85.158
419.143	120.156
419.283	122.154
419.422	119.151
419.561	91.149
419.7	50.147
419.84	69.145
419.979	53.142
420.118	48.14
420.258	67.138
420.397	124.136
420.536	92.133
420.675	44.131
420.815	26.129
420.954	131.127
421.093	158.125
421.233	161.122
421.372	165.12
421.511	147.118
421.651	92.116
421.79	11.114
421.93	40.111
422.069	62.109
422.208	134.107
422.348	156.105
422.487	139.103
422.627	96.101
422.766	56.098
422.905	31.096
423.045	100.094
423.184	85.092
423.324	84.09
423.463	111.088
423.603	150.086
423.742	169.083
423.882	134.081
424.021	46.079
424.161	26.077
424.3	78.075
424.44	59.073
424.579	45.071
424.719	80.068
424.858	142.066
424.998	115.064
425.137	51.062
425.277	-8.94
425.416	-10.942
425.556	64.056
425.695	19.054
425.835	65.052
425.975	144.05
426.114	102.047
426.254	74.045
426.393	46.043
426.533	34.041
426.673	65.039
426.812	25.037
426.952	2.035
427.091	51.033
427.231	126.031
427.371	129.029
427.51	83.027
427.65	108.025
427.79	100.023
427.929	57.021
428.069	69.019
428.209	104.017
428.348	55.014
428.488	100.012
428.628	76.01
428.768	35.008
428.907	96.006
429.047	99.004
429.187	71.002
429.327	100
429.466	131.998
429.606	65.996
429.746	18.994
429.886	38.992
430.025	73.99
430.165	51.988
430.305	49.986
430.445	98.984
430.585	152.982
430.725	80.98
430.864	38.978
431.004	19.976
431.144	52.974
431.284	50.972
431.424	54.97
431.564	48.968
431.704	26.966
431.843	30.964
431.983	47.963
432.123	27.961
432.263	16.959
432.403	-16.043
432.543	37.955
432.683	84.953
432.823	54.951
432.963	-11.051
433.103	31.947
433.243	20.945
433.383	8.943
433.523	92.941
433.663	129.939
433.803	70.937
433.942	107.935
434.082	59.933
434.222	-38.068
434.363	14.93
434.503	63.928
434.643	46.926
434.783	4.924
434.923	-49.078
435.063	52.92
435.203	134.918
435.343	77.916
435.483	17.914
435.623	54.912
435.763	48.911
435.903	16.909
436.043	75.907
436.183	27.905
436.323	-20.097
436.464	-21.099
436.604	0.899
436.744	34.897
436.884	21.896
437.024	98.894
437.164	84.892
437.304	87.89
437.445	56.888
437.585	6.886
437.725	36.884
437.865	37.883
438.005	62.881
438.145	60.879
438.286	82.877
438.426	108.875
438.566	73.873
438.706	21.872
438.847	5.87
438.987	68.868
439.127	38.866
439.267	-28.136
439.408	9.863
439.548	67.861
439.688	88.859
439.829	67.857
439.969	19.855
440.109	17.853
440.249	-12.148
440.39	23.85
440.53	22.848
440.67	9.846
440.811	38.844
440.951	32.843
441.091	58.841
441.232	54.839
441.372	77.837
441.513	33.836
441.653	13.834
441.793	-14.168
441.934	-24.17
442.074	30.828
442.215	36.827
442.355	17.825
442.495	55.823
442.636	-1.179
442.776	-13.18
442.917	79.818
443.057	74.816
443.198	-1.186
443.338	-36.187
443.479	27.811
443.619	43.809
443.76	-2.193
443.9	23.806
444.041	5.804
444.181	63.802
444.322	176.801
444.462	81.799
444.603	42.797
444.743	16.795
444.884	35.794
445.024	22.792
445.165	-1.21
445.305	6.789
445.446	8.787
445.587	71.785
445.727	98.783
445.868	45.782
446.008	75.78
446.149	70.778
446.29	14.777
446.43	53.775
446.571	45.773
446.711	4.772
446.852	-0.23
446.993	-19.232
447.133	-0.234
447.274	0.765
447.415	38.763
447.555	100.761
447.696	32.76
447.837	-19.242
447.978	1.756
448.118	64.755
448.259	38.753
448.4	-5.249
448.54	-2.25
448.681	-9.252
448.822	-22.253
448.963	-3.255
449.103	-14.257
449.244	1.742
449.385	23.74
449.526	21.738
449.667	39.737
449.807	60.735
449.948	40.733
450.089	46.732
450.23	76.73
450.371	46.728
450.511	-14.273
450.652	-33.275
450.793	-6.276
450.934	73.722
451.075	94.72
451.216	115.719
451.357	57.717
451.497	55.716
451.638	77.714
451.779	47.712
451.92	-15.289
452.061	22.709
452.202	95.708
452.343	52.706
452.484	-11.296
452.625	-28.297
452.766	-31.299
452.907	29.7
453.048	36.698
453.189	-37.304
453.33	43.695
453.471	64.693
453.612	67.692
453.753	31.69
453.894	25.689
454.035	27.687
454.176	89.685
454.317	100.684
454.458	49.682
454.599	28.681
454.74	36.679
454.881	-11.322
455.022	-47.324
455.163	19.674
455.304	31.673
455.445	45.671
455.586	4.67
455.727	-16.332
455.868	19.667
456.01	33.665
456.151	9.664
456.292	53.662
456.433	87.661
456.574	9.659
456.715	43.658
456.856	90.656
456.998	62.654
457.139	73.653
457.28	44.651
457.421	53.65
457.562	6.648
457.703	-14.353
457.845	-39.355
457.986	16.644
458.127	21.642
458.268	-28.359
458.41	-15.361
458.551	-20.362
458.692	-35.364
458.833	-61.365
458.975	-33.367
459.116	-25.368
459.257	-27.37
459.398	25.629
459.54	60.627
459.681	38.626
459.822	32.624
459.964	65.623
460.105	-15.379
460.246	-42.38
460.388	40.618
460.529	28.617
460.67	75.616
460.812	1.614
460.953	2.613
461.094	44.611
461.236	35.61
461.377	14.608
461.518	-9.393
461.66	15.605
461.801	10.604
461.943	-34.398
462.084	-62.399
462.226	-39.401
462.367	-53.402
462.508	-13.403
462.65	39.595
462.791	55.594
462.933	12.592
463.074	18.591
463.216	20.589
463.357	-24.412
463.499	-33.413
463.64	-20.415
463.782	41.584
463.923	91.582
464.065	32.581
464.206	0.579
464.348	-9.422
464.489	-26.423
464.631	-24.425
464.772	14.574
464.914	45.572
465.056	44.571
465.197	64.569
465.339	0.568
465.48	-49.433
465.622	23.565
465.764	-27.436
465.905	-33.438
466.047	37.561
466.188	-19.44
466.33	-64.442
466.472	-29.443
466.613	-23.445
466.755	-0.446
466.897	-16.447
467.038	-27.449
467.18	-31.45
467.322	-3.451
467.463	-18.453
467.605	-3.454
467.747	-1.456
467.888	-28.457
468.03	-3.458
468.172	47.54
468.314	31.539
468.455	31.538
468.597	14.536
468.739	-19.465
468.881	-7.467
469.022	-19.468
469.164	48.531
469.306	52.529
469.448	-39.472
469.59	-23.473
469.731	11.525
469.873	-16.476
470.015	2.523
470.157	91.521
470.299	120.52
470.441	33.519
470.582	7.517
470.724	-20.484
470.866	51.515
471.008	21.513
471.15	-28.488
471.292	14.511
471.434	109.509
471.575	20.508
471.717	-21.493
471.859	50.505
472.001	75.504
472.143	12.503
472.285	-47.499
472.427	-5.5
472.569	34.499
472.711	-1.503
472.853	31.496
472.995	8.495
473.137	46.493
473.279	16.492
473.421	-50.509
473.563	-53.511
473.705	49.488
473.847	-30.513
473.989	-39.515
474.131	-21.516
474.273	59.483
474.415	83.482
474.557	12.48
474.699	-36.521
474.841	-39.522
474.983	-30.524
475.125	-1.525
475.267	2.474
475.409	-15.527
475.552	-6.529
475.694	-17.53
475.836	-17.531
475.978	-32.533
476.12	-8.534
476.262	0.465
476.404	-19.536
476.546	-38.538
476.689	-3.539
476.831	-18.54
476.973	18.459
477.115	58.457
477.257	-4.544
477.399	-7.545
477.542	-38.546
477.684	7.452
477.826	44.451
477.968	41.45
478.111	-18.552
478.253	12.447
478.395	88.446
478.537	14.445
478.68	-33.557
478.822	-29.558
478.964	-31.559
479.106	17.44
479.249	6.439
479.391	-25.563
479.533	-11.564
479.676	14.435
479.818	-10.566
479.96	70.432
480.103	32.431
480.245	50.43
480.387	64.429
480.53	-2.573
480.672	1.426
480.814	19.425
480.957	1.424
481.099	5.423
481.241	-28.579
481.384	-31.58
481.526	40.419
481.669	2.418
481.811	-47.584
481.953	-26.585
482.096	31.414
482.238	58.413
482.381	15.412
482.523	-0.59
482.666	-10.591
482.808	62.408
482.951	85.407
483.093	66.406
483.236	-4.596
483.378	-25.597
483.521	-1.598
483.663	-26.599
483.806	-37.6
483.948	-39.602
484.091	26.397
484.233	20.396
484.376	-14.605
484.518	43.394
484.661	23.393
484.803	-59.609
484.946	-42.61
485.088	-0.611
485.231	25.388
485.374	-18.613
485.516	26.385
485.659	18.384
485.801	8.383
485.944	2.382
486.087	-8.619
486.229	37.38
486.372	82.378
486.515	2.377
486.657	-42.624
486.8	-48.625
486.943	20.374
487.085	50.373
487.228	59.372
487.371	2.37
487.513	-28.631
487.656	-11.632
487.799	-0.633
487.942	12.366
488.084	29.365
488.227	14.363
488.37	-66.638
488.512	-36.639
488.655	-5.64
488.798	69.359
488.941	41.358
489.084	54.357
489.226	38.355
489.369	5.354
489.512	-33.647
489.655	-30.648
489.798	40.351
489.94	0.35
490.083	-22.651
490.226	-33.652
490.369	-45.654
490.512	21.345
490.655	56.344
490.797	59.343
490.94	-26.658
491.083	-46.659
491.226	3.34
491.369	56.339
491.512	56.337
491.655	24.336
491.798	-26.665
491.941	34.334
492.084	15.333
492.226	17.332
492.369	71.331
492.512	11.33
492.655	-16.671
492.798	-21.672
492.941	23.326
493.084	27.325
493.227	44.324
493.37	91.323
493.513	-3.678
493.656	-61.679
493.799	49.32
493.942	28.319
494.085	-61.682
494.228	37.317
494.371	15.315
494.514	-12.686
494.658	12.313
494.801	71.312
494.944	55.311
495.087	-0.69
495.23	-16.691
495.373	-51.692
495.516	-33.693
495.659	-39.694
495.802	-18.695
495.945	-25.696
496.088	-36.697
496.232	46.301
496.375	10.3
496.518	-49.701
496.661	-73.702
496.804	-41.703
496.947	-46.704
497.091	-36.705
497.234	-62.706
497.377	-18.707
497.52	11.292
497.663	-1.709
497.807	46.29
497.95	-8.711
498.093	41.288
498.236	23.287
498.379	14.286
498.523	100.285
498.666	48.283
498.809	48.282
498.953	12.281
499.096	-26.72
499.239	-14.721
499.382	8.278
499.526	20.277
499.669	22.276
499.812	52.275
499.956	47.274
500.099	-5.727
500.242	21.272
500.386	-1.729
500.529	-30.73
500.672	-29.731
500.816	-37.732
500.959	29.267
501.102	34.266
501.246	-10.735
501.389	-22.736
501.533	-22.737
501.676	36.262
501.819	32.261
501.963	30.26
502.106	-13.741
502.25	-58.742
502.393	-6.743
502.537	59.256
502.68	53.255
502.824	80.254
502.967	-3.747
503.111	32.252
503.254	74.251
503.398	-5.75
503.541	-46.751
503.685	-42.752
503.828	-51.753
503.972	-36.754
504.115	5.245
504.259	52.244
504.402	58.243
504.546	-12.758
504.689	7.241
504.833	18.24
504.976	45.239
505.12	50.238
505.264	-2.763
505.407	-14.764
505.551	17.235
505.694	68.234
505.838	20.233
505.982	5.232
506.125	50.231
506.269	9.23
506.413	-27.771
506.556	-34.772
506.7	27.227
506.843	11.226
506.987	-51.775
507.131	51.224
507.275	116.223
507.418	4.222
507.562	-50.779
507.706	-36.78
507.849	-54.781
507.993	60.218
508.137	71.217
508.281	67.216
508.424	59.215
508.568	-8.786
508.712	37.213
508.856	89.212
508.999	17.211
509.143	-1.79
509.287	9.209
509.431	16.208
509.574	-39.793
509.718	16.206
509.862	74.206
510.006	4.205
510.15	-68.796
510.294	-34.797
510.437	6.202
510.581	46.201
510.725	64.2
510.869	58.199
511.013	-1.802
511.157	10.197
511.301	47.196
511.445	27.195
511.588	13.194
511.732	-31.807
511.876	-61.808
512.02	20.191
512.164	69.19
512.308	83.189
512.452	73.189
512.596	11.188
512.74	-13.813
512.884	-31.814
513.028	21.185
513.172	76.184
513.316	28.183
513.46	-18.818
513.604	8.181
513.748	45.18
513.892	64.179
514.036	-11.822
514.18	-36.823
514.324	-31.824
514.468	-51.824
514.612	-8.825
514.756	21.174
514.9	-29.827
515.044	17.172
515.188	-15.829
515.332	-42.83
515.476	44.169
515.621	81.168
515.765	89.167
515.909	-19.834
516.053	-44.835
516.197	6.165
516.341	-13.836
516.485	-33.837
516.629	-51.838
516.774	24.161
516.918	-0.84
517.062	-17.841
517.206	0.158
517.35	12.157
517.495	1.156
517.639	-61.844
517.783	-46.845
517.927	-14.846
518.071	-25.847
518.216	1.152
518.36	2.151
518.504	14.15
518.648	-18.851
518.793	-60.852
518.937	-52.852
519.081	-61.853
519.225	19.146
519.37	73.145
519.514	48.144
519.658	28.143
519.803	12.142
519.947	30.141
520.091	-14.86
520.236	-53.86
520.38	-51.861
520.524	-0.862
520.669	-17.863
520.813	-13.864
520.957	5.135
521.102	-12.866
521.246	-31.867
521.39	-46.867
521.535	-1.868
521.679	-18.869
521.824	12.13
521.968	13.129
522.113	16.128
522.257	7.127
522.401	-39.873
522.546	-60.874
522.69	-29.875
522.835	-39.876
522.979	-42.877
523.124	-44.878
523.268	-45.879
523.413	13.121
523.557	31.12
523.702	-65.881
523.846	-40.882
523.991	30.117
524.135	51.116
524.28	4.115
524.424	-38.885
524.569	-34.886
524.713	-23.887
524.858	-22.888
525.002	19.111
525.147	58.11
525.292	16.109
525.436	-13.891
525.581	30.108
525.725	12.107
525.87	9.106
526.015	96.105
526.159	-1.896
526.304	32.104
526.449	46.103
526.593	19.102
526.738	63.101
526.883	-3.9
527.027	6.099
527.172	-1.901
527.317	-68.902
527.461	11.097
527.606	35.096
527.751	11.095
527.895	-10.906
528.04	17.094
528.185	18.093
528.329	24.092
528.474	24.091
528.619	-27.91
528.764	29.09
528.908	35.089
529.053	-18.912
529.198	-41.913
529.343	46.086
529.488	27.085
529.632	-2.915
529.777	-30.916
529.922	-8.917
530.067	47.082
530.212	3.081
530.356	-44.919
530.501	-26.92
530.646	-12.921
530.791	24.078
530.936	33.077
531.081	-17.924
531.226	-5.924
531.37	17.075
531.515	20.074
531.66	16.073
531.805	4.072
531.95	17.072
532.095	14.071
532.24	-7.93
532.385	22.069
532.53	27.068
532.675	38.068
532.82	52.067
532.965	-7.934
533.11	16.065
533.255	41.064
533.4	50.064
533.545	61.063
533.69	-5.938
533.835	-47.939
533.98	12.061
534.125	68.06
534.27	116.059
534.415	110.058
534.56	4.057
534.705	-40.943
534.85	-18.944
534.995	55.055
535.14	36.054
535.285	4.053
535.43	-6.947
535.575	-15.948
535.72	49.051
535.865	-9.95
536.01	-49.95
536.156	-9.951
536.301	53.048
536.446	30.047
536.591	-7.954
536.736	-6.954
536.881	-21.955
537.026	-24.956
537.172	-34.957
537.317	-23.957
537.462	-22.958
537.607	-35.959
537.752	-53.96
537.898	48.04
538.043	30.039
538.188	-6.962
538.333	-26.963
538.478	-4.964
538.624	-6.964
538.769	-45.965
538.914	-54.966
539.059	-18.967
539.205	-20.967
539.35	-56.968
539.495	14.031
539.64	-22.97
539.786	-26.97
539.931	-56.971
540.076	21.028
540.222	20.027
540.367	-38.973
540.512	-17.974
540.658	-26.975
540.803	-22.976
540.948	-11.976
541.094	56.023
541.239	0.022
541.385	1.021
541.53	-36.979
541.675	-55.98
541.821	14.019
541.966	56.018
542.111	-0.982
542.257	-28.983
542.402	-35.984
542.548	-67.985
542.693	-9.985
542.839	83.014
542.984	6.013
543.13	-42.988
543.275	-56.988
543.42	32.011
543.566	102.01
543.711	35.01
543.857	-44.991
544.002	-72.992
544.148	-52.993
544.293	-13.993
544.439	16.006
544.585	-1.995
544.73	45.004
544.876	-34.996
545.021	-0.997
545.167	-6.998
545.312	-52.998
545.458	-4.999
545.603	64
545.749	19.999
545.895	-52.001
546.04	-27.002
546.186	-26.003
546.331	27.996
546.477	46.996
546.623	-9.005
546.768	-35.006
546.914	28.994
547.06	-1.007
547.205	-66.008
547.351	16.991
547.497	41.991
547.642	66.99
547.788	31.989
547.934	-4.011
548.079	51.988
548.225	77.987
548.371	-4.014
548.517	35.986
548.662	64.985
548.808	-0.016
548.954	-38.016
549.1	-21.017
549.245	-21.018
549.391	-34.018
549.537	-7.019
549.683	-1.02
549.828	-55.021
549.974	-22.021
550.12	-38.022
550.266	-66.023
550.412	-27.023
550.557	-37.024
550.703	-28.025
550.849	-3.025
550.995	0.974
551.141	-32.027
551.287	-15.028
551.433	-30.028
551.578	-11.029
551.724	9.97
551.87	36.97
552.016	-6.031
552.162	-39.032
552.308	-37.032
552.454	-27.033
552.6	10.966
552.746	43.966
552.892	4.965
553.038	13.964
553.184	-24.036
553.33	-32.037
553.475	-38.038
553.621	-55.039
553.767	-18.039
553.913	36.96
554.059	-37.041
554.205	-64.041
554.351	-31.042
554.497	-11.043
554.643	-13.043
554.79	13.956
554.936	-34.045
555.082	-44.045
555.228	37.954
555.374	-16.047
555.52	-41.047
555.666	-9.048
555.812	-29.049
555.958	-51.049
556.104	-61.05
556.25	22.949
556.396	106.949
556.542	49.948
556.689	-45.053
556.835	27.947
556.981	94.946
557.127	9.945
557.273	-61.055
557.419	-12.056
557.565	-12.057
557.712	-29.057
557.858	-25.058
558.004	21.941
558.15	-13.059
558.296	-39.06
558.443	42.939
558.589	18.939
558.735	-37.062
558.881	30.937
559.028	88.937
559.174	-2.064
559.32	-77.065
559.466	-41.065
559.613	-37.066
559.759	-63.067
559.905	-27.067
560.051	-15.068
560.198	49.931
560.344	72.931
560.49	44.93
560.637	-1.07
560.783	-33.071
560.929	28.928
561.076	-19.072
561.222	-93.073
561.368	-52.074
561.515	61.926
561.661	-15.075
561.807	-22.076
561.954	51.924
562.1	16.923
562.247	19.922
562.393	-31.078
562.539	37.921
562.686	50.921
562.832	51.92
562.979	-30.081
563.125	7.919
563.272	64.918
563.418	52.917
563.565	-45.083
563.711	-17.084
563.857	3.915
564.004	15.915
564.15	81.914
564.297	89.914
564.443	57.913
564.59	26.912
564.736	-44.088
564.883	15.911
565.03	32.91
565.176	53.91
565.323	57.909
565.469	-56.092
565.616	-73.092
565.762	-26.093
565.909	-16.093
566.055	17.906
566.202	-12.095
566.349	49.905
566.495	55.904
566.642	-43.097
566.788	-82.097
566.935	-18.098
567.082	52.902
567.228	15.901
567.375	-44.1
567.522	31.9
567.668	37.899
567.815	47.899
567.962	-9.102
568.108	-53.103
568.255	-51.103
568.402	-11.104
568.548	-43.105
568.695	21.895
568.842	32.894
568.989	-0.106
569.135	-33.107
569.282	-38.108
569.429	-49.108
569.576	-66.109
569.722	-78.109
569.869	-0.11
570.016	41.889
570.163	11.889
570.309	5.888
570.456	-71.112
570.603	-72.113
570.75	-3.114
570.897	-4.114
571.044	2.885
571.19	-18.115
571.337	-37.116
571.484	38.883
571.631	3.883
571.778	-16.118
571.925	-32.118
572.071	-35.119
572.218	12.88
572.365	1.88
572.512	-41.121
572.659	-26.121
572.806	-2.122
572.953	-8.123
573.1	-38.123
573.247	-36.124
573.394	-30.124
573.541	-19.125
573.688	-7.126
573.835	-8.126
573.982	21.873
574.129	-22.127
574.275	34.872
574.422	15.871
574.569	-6.129
574.716	-38.13
574.863	-16.13
575.011	37.869
575.158	19.868
575.305	36.868
575.452	-16.133
575.599	19.867
575.746	20.866
575.893	-20.134
576.04	-29.135
576.187	24.864
576.334	52.864
576.481	-5.137
576.628	7.863
576.775	-20.138
576.922	-43.139
577.07	-58.139
577.217	-39.14
577.364	-14.14
577.511	-30.141
577.658	-53.141
577.805	13.858
577.952	-7.143
578.1	-13.143
578.247	-33.144
578.394	-55.144
578.541	-76.145
578.688	26.855
578.836	55.854
578.983	-35.147
579.13	-34.147
579.277	-42.148
579.424	-24.148
579.572	-35.149
579.719	-60.149
579.866	-31.15
580.013	4.849
580.161	3.849
580.308	-15.152
580.455	12.848
580.603	15.847
580.75	-21.153
580.897	22.846
581.044	-5.155
581.192	-23.155
581.339	-36.156
581.486	-35.156
581.634	-19.157
581.781	-3.157
581.928	75.842
582.076	50.842
582.223	-32.159
582.371	-49.16
582.518	-43.16
582.665	-61.161
582.813	-85.161
582.96	-60.162
583.108	-27.162
583.255	-22.163
583.402	-35.163
583.55	-53.164
583.697	-37.165
583.845	-6.165
583.992	-2.166
584.14	-24.166
584.287	20.833
584.435	35.833
584.582	-6.168
584.73	-45.168
584.877	-61.169
585.025	-17.17
585.172	1.83
585.32	-45.171
585.467	6.829
585.615	80.828
585.762	121.828
585.91	19.827
586.057	-62.173
586.205	-17.174
586.352	66.826
586.5	89.825
586.648	11.824
586.795	-48.176
586.943	61.823
587.09	22.823
587.238	48.822
587.386	-7.178
587.533	-56.179
587.681	42.821
587.829	26.82
587.976	18.82
588.124	-5.181
588.271	-24.181
588.419	67.818
588.567	0.817
588.715	46.817
588.862	31.816
589.01	-8.184
589.158	-16.185
589.305	-15.185
589.453	2.814
589.601	70.814
589.749	33.813
589.896	-71.187
590.044	-46.188
590.192	38.812
590.34	17.811
590.487	32.811
590.635	-13.19
590.783	33.809
590.931	16.809
591.078	-16.192
591.226	-59.192
591.374	-19.193
591.522	-27.193
591.67	-47.194
591.818	-63.194
591.965	-33.195
592.113	48.805
592.261	-3.196
592.409	-47.196
592.557	-17.197
592.705	-26.197
592.853	44.802
593	6.802
593.148	31.801
593.296	-0.199
593.444	-30.2
593.592	-27.2
593.74	-31.201
593.888	-62.201
594.036	-25.202
594.184	-3.203
594.332	-40.203
594.48	-39.204
594.628	-45.204
594.776	48.795
594.924	-15.205
595.072	-45.206
595.22	-40.206
595.368	30.793
595.516	-22.207
595.664	-50.208
595.812	-38.208
595.96	19.791
596.108	11.791
596.256	-8.21
596.404	2.79
596.552	15.789
596.7	2.789
596.848	41.788
596.996	65.788
597.144	42.787
597.292	-21.213
597.441	-67.214
597.589	7.786
597.737	63.785
597.885	60.785
598.033	-19.216
598.181	28.784
598.329	62.783
598.477	-8.217
598.626	21.782
598.774	-6.218
598.922	-26.219
599.07	2.781
599.218	-37.22
599.367	-29.22
599.515	-41.221
599.663	48.779
599.811	119.778
599.959	101.778
600.108	-49.223
600.256	-4.223
600.404	34.776
600.552	-14.224
600.701	3.775
600.849	-10.225
600.997	-50.226
601.145	-31.226
601.294	5.773
601.442	42.773
601.59	23.772
601.739	48.772
601.887	7.771
602.035	6.771
602.184	58.77
602.332	63.77
602.48	60.769
602.629	-12.231
602.777	-4.232
602.925	-7.232
603.074	-54.233
603.222	-66.233
603.371	20.766
603.519	54.766
603.667	-15.235
603.816	-13.235
603.964	-46.236
604.113	-46.236
604.261	-24.237
604.41	-45.237
604.558	-46.237
604.706	9.762
604.855	6.762
605.003	-2.239
605.152	-50.239
605.3	-24.24
605.449	6.76
605.597	3.759
605.746	-64.241
605.894	-50.242
606.043	-76.242
606.191	-3.243
606.34	15.757
606.488	40.756
606.637	5.756
606.786	-30.245
606.934	-40.245
607.083	33.754
607.231	17.754
607.38	-19.247
607.528	21.753
607.677	-6.248
607.826	-33.248
607.974	61.752
608.123	6.751
608.272	-32.249
608.42	32.75
608.569	65.75
608.717	-0.251
608.866	-39.251
609.015	8.748
609.163	68.748
609.312	12.747
609.461	-62.253
609.61	-72.254
609.758	-29.254
609.907	-5.255
610.056	-20.255
610.204	8.744
610.353	26.744
610.502	7.744
610.651	-9.257
610.799	-59.257
610.948	-52.258
611.097	-27.258
611.246	30.741
611.394	53.741
611.543	63.74
611.692	-4.26
611.841	12.739
611.99	84.739
612.138	104.738
612.287	40.738
612.436	-18.262
612.585	-39.263
612.734	-26.263
612.883	21.736
613.031	1.736
613.18	-19.265
613.329	41.735
613.478	26.734
613.627	-1.266
613.776	-15.267
613.925	-35.267
614.074	-50.268
614.223	-45.268
614.371	42.732
614.52	-18.269
614.669	43.731
614.818	100.73
614.967	81.73
615.116	55.729
615.265	2.729
615.414	15.728
615.563	-3.272
615.712	33.728
615.861	-5.273
616.01	-36.273
616.159	49.726
616.308	94.726
616.457	23.725
616.606	16.725
616.755	18.724
616.904	-32.276
617.053	-43.277
617.202	-45.277
617.351	-38.277
617.5	32.722
617.65	65.722
617.799	-8.279
617.948	21.721
618.097	14.72
618.246	19.72
618.395	-10.281
618.544	15.719
618.693	75.719
618.842	19.718
618.992	-45.282
619.141	-18.283
619.29	-11.283
619.439	-40.284
619.588	-24.284
619.737	-54.284
619.887	26.715
620.036	84.715
620.185	-6.286
620.334	-57.286
620.483	-36.287
620.633	-46.287
620.782	-58.288
620.931	-24.288
621.08	-15.288
621.23	-18.289
621.379	-24.289
621.528	-44.29
621.677	32.71
621.827	23.709
621.976	33.709
622.125	77.709
622.274	-15.292
622.424	-22.292
622.573	65.707
622.722	12.707
622.872	-59.294
623.021	35.706
623.17	11.706
623.32	-46.295
623.469	-28.295
623.619	-8.296
623.768	53.704
623.917	7.703
624.067	-57.297
624.216	-14.297
624.365	-3.298
624.515	-51.298
624.664	-5.299
624.814	2.701
624.963	-41.3
625.113	11.7
625.262	0.7
625.411	-42.301
625.561	-15.301
625.71	-18.302
625.86	-14.302
626.009	-21.303
626.159	-10.303
626.308	69.697
626.458	64.696
626.607	3.696
626.757	-51.305
626.906	-72.305
627.056	-28.306
627.205	-57.306
627.355	-43.306
627.504	-40.307
627.654	-60.307
627.804	10.692
627.953	67.692
628.103	16.692
628.252	24.691
628.402	24.691
628.552	-40.31
628.701	-41.31
628.851	17.689
629	6.689
629.15	-42.311
629.3	-31.312
629.449	-35.312
629.599	-18.313
629.749	-9.313
629.898	5.687
630.048	21.686
630.198	-12.314
630.347	-56.315
630.497	74.685
630.647	0.684
630.796	-32.316
630.946	12.684
631.096	94.683
631.246	97.683
631.395	32.682
631.545	-36.318
631.695	-38.318
631.845	39.681
631.994	11.681
632.144	13.68
632.294	-22.32
632.444	17.68
632.593	8.679
632.743	-61.321
632.893	-74.322
633.043	-63.322
633.193	5.678
633.343	15.677
633.492	-38.323
633.642	3.676
633.792	-0.324
633.942	-34.324
634.092	-46.325
634.242	-46.325
634.392	-12.326
634.541	-9.326
634.691	1.673
634.841	-26.327
634.991	-24.327
635.141	-2.328
635.291	-9.328
635.441	-2.329
635.591	-16.329
635.741	0.671
635.891	-5.33
636.041	26.67
636.191	1.669
636.341	59.669
636.491	40.669
636.641	-53.332
636.791	-47.332
636.941	-54.332
637.091	-52.333
637.241	-0.333
637.391	-47.334
637.541	48.666
637.691	36.666
637.841	10.665
637.991	-9.335
638.141	-36.336
638.291	-3.336
638.441	-21.336
638.591	-48.337
638.741	-10.337
638.891	53.662
639.041	78.662
639.191	14.662
639.342	63.661
639.492	42.661
639.642	-31.34
639.792	-36.34
639.942	-63.34
640.092	-35.341
640.242	10.659
640.393	-13.342
640.543	7.658
640.693	-13.342
640.843	-0.343
640.993	42.657
641.143	-17.343
641.294	-28.344
641.444	-35.344
641.594	-44.345
641.744	26.655
641.895	53.655
642.045	-3.346
642.195	1.654
642.345	7.653
642.496	43.653
642.646	-19.347
642.796	-55.348
642.946	11.652
643.097	19.652
643.247	56.651
643.397	17.651
643.548	-58.35
643.698	-14.35
643.848	-33.35
643.999	-31.351
644.149	-28.351
644.299	-57.351
644.45	-61.352
644.6	-28.352
644.75	-12.353
644.901	-60.353
645.051	-67.353
645.202	-63.354
645.352	-53.354
645.502	-8.355
645.653	49.645
645.803	19.645
645.954	22.644
646.104	71.644
646.255	96.644
646.405	37.643
646.555	20.643
646.706	-4.358
646.856	-49.358
647.007	-49.358
647.157	21.641
647.308	16.641
647.458	-7.359
647.609	-14.36
647.759	-24.36
647.91	16.639
648.06	81.639
648.211	47.639
648.362	-18.362
648.512	-20.362
648.663	-46.362
648.813	-72.363
648.964	-43.363
649.114	-19.363
649.265	-26.364
649.416	-53.364
649.566	-46.365
649.717	-6.365
649.867	-0.365
650.018	-33.366
650.169	49.634
650.319	23.634
650.47	-65.367
650.621	6.633
650.771	62.632
650.922	0.632
651.073	-5.368
651.223	-11.369
651.374	-12.369
651.525	-10.369
651.675	-15.37
651.826	-26.37
651.977	26.63
652.127	81.629
652.278	10.629
652.429	-17.372
652.58	36.628
652.73	10.628
652.881	64.627
653.032	82.627
653.183	36.627
653.334	10.626
653.484	57.626
653.635	75.626
653.786	57.625
653.937	-10.375
654.088	-14.375
654.238	-13.376
654.389	0.624
654.54	-2.377
654.691	0.623
654.842	53.623
654.993	8.622
655.143	-67.378
655.294	38.622
655.445	81.621
655.596	30.621
655.747	-38.379
655.898	-78.38
656.049	-56.38
656.2	36.62
656.351	-32.381
656.502	-63.381
656.652	-40.382
656.803	13.618
656.954	47.618
657.105	3.617
657.256	-40.383
657.407	49.617
657.558	35.616
657.709	-28.384
657.86	-4.384
658.011	-13.385
658.162	24.615
658.313	98.615
658.464	44.614
658.615	66.614
658.766	51.614
658.917	23.613
659.068	-5.387
659.22	-42.387
659.371	-36.388
659.522	-2.388
659.673	-4.389
659.824	26.611
659.975	86.611
660.126	42.61
660.277	15.61
660.428	7.61
660.579	-18.391
660.731	23.609
660.882	-1.391
661.033	-37.392
661.184	8.608
661.335	-10.392
661.486	-20.393
661.637	-20.393
661.789	-21.393
661.94	43.606
662.091	9.606
662.242	-44.394
662.393	21.605
662.545	13.605
662.696	5.605
662.847	56.604
662.998	25.604
663.15	-25.396
663.301	-9.397
663.452	-9.397
663.603	-55.397
663.755	-21.398
663.906	-8.398
664.057	22.601
664.208	-34.399
664.36	-21.399
664.511	18.6
664.662	-20.4
664.814	-50.4
664.965	-37.401
665.116	-21.401
665.268	-1.401
665.419	-10.402
665.57	43.598
665.722	29.598
665.873	-70.403
666.025	-26.403
666.176	18.597
666.327	-23.404
666.479	-10.404
666.63	0.596
666.782	-39.405
666.933	-25.405
667.084	23.595
667.236	-2.406
667.387	39.594
667.539	26.594
667.69	-22.407
667.842	24.593
667.993	-17.407
668.145	-40.408
668.296	-37.408
668.448	-28.408
668.599	27.591
668.751	45.591
668.902	8.591
669.054	51.59
669.205	25.59
669.357	6.59
669.508	-1.411
669.66	25.589
669.811	73.589
669.963	6.588
670.115	-22.412
670.266	-13.412
670.418	-31.412
670.569	11.587
670.721	73.587
670.873	5.587
671.024	-11.414
671.176	-13.414
671.327	-49.414
671.479	-0.415
671.631	73.585
671.782	65.585
671.934	2.584
672.086	5.584
672.237	-8.416
672.389	9.583
672.541	30.583
672.692	-23.417
672.844	-51.418
672.996	-27.418
673.148	48.582
673.299	3.581
673.451	-11.419
673.603	6.581
673.754	38.58
673.906	-0.42
674.058	24.58
674.21	-5.421
674.362	-38.421
674.513	31.579
674.665	0.578
674.817	-69.422
674.969	28.578
675.121	56.577
675.272	50.577
675.424	26.577
675.576	-77.423
675.728	-75.424
675.88	-11.424
676.032	-31.424
676.183	23.575
676.335	22.575
676.487	13.575
676.639	36.574
676.791	11.574
676.943	-2.426
677.095	27.573
677.247	41.573
677.399	-4.427
677.55	-32.428
677.702	22.572
677.854	-7.428
678.006	21.571
678.158	47.571
678.31	70.571
678.462	-0.429
678.614	-6.43
678.766	23.57
678.918	-2.43
679.07	10.569
679.222	15.569
679.374	4.569
679.526	75.568
679.678	62.568
679.83	-16.432
679.982	23.567
680.134	49.567
680.286	0.567
680.438	20.566
680.59	-12.434
680.743	-58.434
680.895	-41.434
681.047	-14.435
681.199	-24.435
681.351	-37.435
681.503	-45.436
681.655	-63.436
681.807	-44.436
681.959	-1.437
682.111	-13.437
682.264	-1.437
682.416	22.562
682.568	4.562
682.72	-31.438
682.872	55.562
683.024	34.561
683.177	-8.439
683.329	7.561
683.481	23.56
683.633	-16.44
683.785	37.56
683.938	90.559
684.09	55.559
684.242	44.559
684.394	64.558
684.547	65.558
684.699	58.558
684.851	33.558
685.004	4.557
685.156	-52.443
685.308	59.557
685.46	20.556
685.613	-17.444
685.765	-42.444
685.917	-30.445
686.07	-28.445
686.222	-47.445
686.374	14.555
686.527	-30.446
686.679	-36.446
686.831	-18.446
686.984	-19.447
687.136	-33.447
687.288	-63.447
687.441	25.552
687.593	75.552
687.746	13.552
687.898	-26.448
688.05	-8.449
688.203	-26.449
688.355	-24.449
688.508	49.55
688.66	22.55
688.813	-24.45
688.965	-47.451
689.118	-42.451
689.27	4.549
689.423	-8.451
689.575	37.548
689.728	5.548
689.88	-59.452
690.033	11.547
690.185	64.547
690.338	-13.453
690.49	26.547
690.643	4.546
690.795	-43.454
690.948	-65.454
691.1	-63.455
691.253	9.545
691.405	6.545
691.558	-44.456
691.711	26.544
691.863	17.544
692.016	52.544
692.168	88.543
692.321	-2.457
692.474	-2.457
692.626	-10.458
692.779	-31.458
692.932	-38.458
693.084	-30.458
693.237	-13.459
693.39	-28.459
693.542	-45.459
693.695	-27.46
693.848	-4.46
694	10.54
694.153	5.54
694.306	-19.461
694.458	-6.461
694.611	-13.461
694.764	-43.462
694.917	-33.462
695.069	-46.462
695.222	-48.462
695.375	8.537
695.528	-0.463
695.681	48.537
695.833	88.536
695.986	73.536
696.139	-57.464
696.292	-84.464
696.444	-29.465
696.597	55.535
696.75	14.535
696.903	-21.466
697.056	-22.466
697.209	-17.466
697.361	-42.466
697.514	2.533
697.667	2.533
697.82	-34.467
697.973	-41.468
698.126	27.532
698.279	47.532
698.432	68.532
698.585	71.531
698.738	10.531
698.89	-73.469
699.043	-15.47
699.196	84.53
699.349	29.53
699.502	-19.47
699.655	-43.471
699.808	-33.471
699.961	-17.471
700.114	-30.472
700.267	39.528
700.42	-8.472
700.573	43.528
700.726	79.527
700.879	63.527
701.032	2.527
701.185	-60.473
701.338	-48.474
701.491	-39.474
701.644	-22.474
701.797	-38.475
701.95	-36.475
702.104	-0.475
702.257	-14.475
702.41	-13.476
702.563	-47.476
702.716	-23.476
702.869	-30.477
703.022	-33.477
703.175	-29.477
703.328	-15.477
703.482	-17.478
703.635	-28.478
703.788	27.522
703.941	72.522
704.094	93.521
704.247	47.521
704.401	-2.479
704.554	-27.48
704.707	16.52
704.86	52.52
705.013	44.52
705.167	24.519
705.32	-25.481
705.473	41.519
705.626	31.519
705.779	-19.482
705.933	-16.482
706.086	42.518
706.239	31.517
706.393	-34.483
706.546	-35.483
706.699	37.517
706.852	19.516
707.006	-28.484
707.159	-17.484
707.312	27.516
707.466	16.515
707.619	65.515
707.772	20.515
707.926	-11.486
708.079	24.514
708.232	69.514
708.386	40.514
708.539	78.513
708.693	-3.487
708.846	-55.487
708.999	-17.487
709.153	37.512
709.306	27.512
709.46	-47.488